-303.25499999974085
0.0
0.0
0.0
0.0
0.0
0.0
0.0
0.0
0.0
0.0
0.0
0.0
0.0
0.0
0.0
0.0
0.0
0.0
-0.013000000000000001
-0.006
-0.017
-9.784999999999966
-5.01599999999967
-9.529999999999607
-3.741999999999725
-0.026000000000000016
-0.005
0.0
-2.214999999999867
0.0
0.0
0.0
-0.003
-1.9360000000000015
1.6509999999995992
1.5300000000011498
-2.1369999999999183
5.583999999997605
4.374999999996237
2.4289999999980876
-6.368999999998094
17.408000000003128
-4.981000000003177
-13.506000000002516
9.060999999999515
0.0
0.0
-11.103999999999285
-9.689000000000082
1.8899999999995385
3.210000000002207
4.281000000002409
2.947999999995986
2.7169999999955143
2.412999999997088
1.1580000000004238
5.018999999998781
8.217999999999696
-1.6970000000008705
8.731999999999326
0.0
0.0
-16.060999999998586
1.7000000000000883
-1.330000000001675
4.697000000004589
0.34999999999999987
-0.7270000000000006
-3.413000000001025
-0.013999999999992983
-2.003000000000077
4.324999999999086
6.669999999995284
-5.5009999999996095
-0.03800000000000003
0.0
-0.001
17.866000000000803
1.2809999999998203
2.7409999999993153
6.191000000008342
3.963999999998968
5.884000000007334
-0.9790000000000012
1.820999999998758
1.8850000000022091
-1.513000000000547
2.364000000000938
23.041000000001933
0.0
0.0
-0.001
7.602999999999608
5.920000000002993
0.02599999999999988
-1.6250000000029274
13.953999999996405
-3.604999999996841
23.481999999999008
3.911000000000082
-5.250000000002492
0.8700000000000014
0.8370000000000004
3.9649999999993404
0.0
0.0
0.0
-7.367999999998765
-8.518999999999346
-1.8829999999982425
2.732999999998611
11.270000000020014
2.615999999996101
5.704000000013345
-3.734000000006774
-1.759000000000335
-0.8220000000000007
-6.13099999999946
0.5950000000000005
-0.04500000000000003
0.0
0.0
2.0479999999999454
-2.450999999998989
-2.2290000000033388
2.848999999999354
8.597000000019925
4.9120000000023545
0.8280000000000002
2.963999999998951
-13.01299999999094
2.0449999999989115
15.02399999999278
-7.47200000000083
-0.04500000000000003
0.0
-0.009000000000000001
-3.2860000000003775
-7.303000000002859
-1.9490000000001078
1.4659999999984905
1.491999999999198
-2.936000000001211
-10.390999999981398
4.87800000000559
-5.360999999995222
0.31200000000000044
2.462999999999749
-13.459000000000062
0.0
0.0
-1.3489999999999622
0.7090000000000007
2.8380000000018493
2.581000000000622
-1.2510000000000439
-2.8140000000056817
1.5609999999976358
1.131999999999415
-1.8340000000027146
0.8860000000000006
-1.95400000000139
-7.327000000001414
-1.1469999999999845
0.0
0.0
-0.004
-2.9539999999997857
-9.904000000000266
0.9530000000000065
-15.224000000021066
10.346999999998324
2.7149999999961727
-5.540000000001263
5.1589999999985325
6.671000000001762
4.696000000001425
-11.567999999999198
0.0
0.0
0.0
0.0
-0.001
-0.08600000000000006
-0.20400000000000015
-6.916999999999537
-4.748999999999739
0.7040000000000006
7.326000000001017
-1.8330000000000015
-0.047000000000000035
-0.005
-0.008
0.0
0.0
0.0
