-667.0849999911375
0.0
0.0
0.0
0.0
0.0
0.0
0.0
0.0
0.0
0.0
0.0
0.0
0.0
0.0
0.0
0.0
0.0
0.0
0.0
-2.480999999999983
1.802999999999566
6.538999999998383
1.7840000000004865
-3.128999999999945
-6.869000000001452
-0.33700000000000024
-0.2940000000000002
-0.8510000000000006
-0.009000000000000001
0.0
0.0
0.0
-1.014999999999999
6.172999999998202
1.8380000000001968
10.413000000000867
9.483000000000606
12.811000000023519
-5.089999999995676
20.595000000000383
-2.461999999999727
26.239000000001166
-4.291000000002844
-15.70900000001577
25.450999999999265
0.0
0.0
-31.95400000000698
-15.308999999997699
0.9000000000000014
-3.1930000000020513
10.071000000025213
16.686000000039208
-3.8520000000077017
6.720000000006389
-6.13599999999229
0.3260000000000015
2.678000000000425
-2.4760000000015943
23.711999999997737
0.0
-0.003
-17.22700000000008
2.281999999997861
3.059000000002767
11.965000000007224
-6.400999999984968
0.8480000000000001
3.1009999999973923
-3.953000000010812
11.570000000030769
10.575000000008066
12.411000000002355
-30.55099999998762
-0.001
0.0
-0.009000000000000001
10.489000000000557
21.370000000005078
3.5310000000004202
13.007000000034102
6.430000000031479
11.331000000004192
-5.862999999992668
-2.5090000000071
-5.025000000007841
16.64099999998879
9.808999999997836
28.848999999994806
0.0
0.0
-0.005
16.627000000002514
2.857999999999428
-1.0599999999998886
10.388000000032187
13.278000000039837
9.238000000009585
30.702999999990453
5.995000000023589
-9.164000000011566
-9.263000000007679
-8.195999999996031
16.312000000002953
-9.97499999999991
0.0
-0.001
-14.930000000003272
-9.147999999997872
-20.87100000000353
7.57599999999198
16.42500000004207
12.096000000030108
28.195999999958648
-1.6870000000066296
-7.0509999999991395
-1.8849999999997764
-7.07599999999654
5.518000000000177
-0.025000000000000015
0.0
-0.003
3.14200000000119
-0.9790000000000008
-3.7430000000009316
4.057999999996833
21.240000000002347
6.030000000022
4.156999999993466
-7.654999999982853
-22.583000000000204
0.6819999999999995
14.642999999992831
-0.7490000000000006
-2.4299999999998434
0.0
-0.010000000000000002
-9.821000000000202
-4.008000000000302
7.7620000000035985
5.649000000009035
2.6639999999919155
-13.513999999959895
-16.566999999978414
3.538999999996552
-5.737999999988723
-3.2850000000016957
-1.745000000000674
-3.900999999999775
-2.4119999999998454
0.0
-9.043000000000427
-4.863000000000961
2.700000000002809
9.490000000017695
-14.902999999991307
-4.109000000008245
11.023000000031885
4.924999999998742
-1.2530000000015606
-4.732999999999988
-5.411000000002553
4.815999999998928
-4.57200000000007
0.0
0.0
-0.003
-0.9100000000000007
-14.687999999997052
-2.5660000000021594
-5.355999999992602
7.598999999997511
15.582999999991506
-3.705000000000846
14.224000000006418
12.398999999999589
-3.6919999999980386
-29.192999999999802
0.0
0.0
0.0
-0.008
-0.002
-0.5350000000000004
-0.9490000000000007
-12.511999999999139
-18.257000000000613
-12.911999999998718
-6.579999999996511
5.6569999999995995
13.141000000001059
-0.033000000000000015
0.006
0.0
0.0
0.0
