-317.5919999994018
0.0
0.0
0.0
0.0
-0.001
-0.002
-3.8339999999996888
-7.6679999999993775
0.0
0.0
0.0
0.0
0.0
0.0
0.0
0.0
0.0
0.0
-0.001
-0.04500000000000003
5.863000000000293
-2.297999999999799
8.483999999998545
-2.8770000000002796
-2.780000000000237
-0.3140000000000003
-2.1549999999998737
-6.465000000000134
2.743999999999809
0.0
0.0
0.0
0.0
-0.22100000000000017
-10.317000000004041
5.522999999996125
-0.7090000000000004
11.55800000000547
-2.081000000003315
10.618999999994319
-5.5519999999991025
16.47399999999615
1.5110000000015318
-20.263999999997488
0.006
0.0
0.0
-11.664999999999067
-10.045000000001103
-0.4339999999999989
1.3939999999992412
7.043000000001712
-2.6080000000030146
0.6039999999999998
3.129999999998046
-2.1240000000021344
-1.9480000000033078
3.485999999998158
-3.671000000001371
0.002
0.0
-0.004
-6.0720000000008
-3.057000000000082
2.5369999999986685
6.729000000016605
0.6420000000000006
1.0349999999997703
-7.010999999995048
1.7189999999976078
10.700000000007437
7.370000000003947
8.23099999999473
-5.245999999998382
-0.02100000000000001
-0.001
-0.6420000000000005
17.08400000000259
-0.45900000000000046
2.9639999999985966
7.874000000023198
4.105000000004425
3.873999999998331
-6.320999999998247
-9.444999999993636
-0.11100000000000093
5.3940000000028725
-2.073999999999289
21.818000000000936
0.0
-0.001
-0.6400000000000005
14.019000000001897
-0.2969999999999994
-2.437000000001528
-2.659000000001505
4.524999999999176
12.479000000006655
12.48600000001571
2.0789999999968534
-5.2370000000032455
-0.6090000000000007
-8.264999999998066
13.793000000003202
-6.7310000000005825
0.0
0.0
-12.531999999999652
-7.217999999999406
-4.920000000004579
4.317999999997502
6.637000000007117
2.6169999999969784
11.163000000025876
2.7519999999912206
-8.494999999996377
5.541999999998286
1.8969999999996106
2.0819999999998564
-0.035000000000000024
0.0
0.0
-3.4660000000001787
-7.481000000007546
-2.772000000002693
3.1199999999965846
10.145000000012589
6.7660000000063905
1.6429999999993723
-1.620000000002532
-5.593999999996317
-1.080000000000197
-1.5789999999996869
-2.0319999999998872
-1.4719999999999487
0.0
-1.0209999999999984
-0.9789999999999999
-4.056999999999637
4.357000000001233
2.162999999995306
6.220999999994489
-4.535999999997246
-5.100000000005389
-0.6860000000000013
-8.301999999994793
6.116999999997169
12.645000000001716
-10.231999999999783
-1.441999999999952
0.0
-1.9699999999998938
-4.9859999999998506
-4.065999999998229
8.245000000008913
-1.5019999999998104
-4.179000000004064
6.049000000007281
-5.034000000002054
2.514999999999544
-2.0899999999985637
-10.2770000000016
3.6929999999999557
-5.446000000000153
0.0
0.0
0.0
-13.165999999999105
-11.026000000001039
-1.5820000000008936
-8.109999999986346
9.965999999998827
6.791000000001952
9.007999999999907
1.6830000000013037
4.521000000002868
14.632000000005899
-21.689000000000583
0.0
0.0
0.0
-0.001
-0.001
-0.2730000000000002
-0.3140000000000002
-9.321999999999997
-8.85500000000101
-1.805000000000097
4.5869999999996525
9.16799999999969
-0.05100000000000002
0.9330000000000008
1.9560000000000015
0.0
0.0
0.0
