-2.1469999999998746
0.0
0.0
0.0
0.0
0.0
0.0
0.0
0.0
0.0
0.0
0.0
0.0
0.0
0.0
0.0
0.0
0.0
0.0
0.0
0.0
-0.04100000000000003
-0.09900000000000007
0.029000000000000012
-0.024
-0.022000000000000006
-0.037000000000000026
-0.022000000000000006
0.0
-0.035000000000000024
0.0
0.0
0.0
-0.013000000000000005
-0.05600000000000002
-0.051000000000000004
-0.00800000000000001
0.06900000000000002
-0.030999999999999948
3.8163916471489756E-17
-0.030999999999999917
-0.03300000000000006
-0.02500000000000003
-0.004000000000000035
0.0
0.001
0.0
0.0
0.031000000000000014
-0.17400000000000013
0.058999999999999955
-0.10500000000000002
0.050000000000000086
0.06500000000000007
-0.046000000000000166
0.023999999999999896
0.10500000000000002
0.007000000000000031
0.016999999999999932
0.05300000000000002
0.022000000000000013
0.0
-0.001
-0.11000000000000004
-0.021999999999999943
0.037000000000000005
0.03199999999999996
-0.05500000000000008
-0.017000000000000133
0.0189999999999999
-0.06300000000000006
0.11200000000000007
-0.02099999999999998
-0.014000000000000044
0.03500000000000002
0.0
0.0
-0.004
0.14900000000000008
-0.03399999999999996
0.03900000000000012
0.09700000000000007
0.01600000000000008
0.016999999999999852
-0.02800000000000027
-0.022000000000000085
-0.006999999999999855
0.10700000000000008
0.09500000000000007
0.03500000000000002
0.0
0.0
-0.004
0.1630000000000001
0.02200000000000001
0.056999999999999995
-0.10800000000000004
0.20900000000000016
0.004000000000000008
0.09700000000000006
0.07800000000000004
-0.045
-0.029000000000000085
0.006999999999999886
0.054000000000000034
0.0
0.0
0.0
-0.09100000000000007
-0.2580000000000002
-0.08600000000000005
0.03999999999999998
-0.05700000000000005
0.12100000000000005
-0.005000000000000116
-0.1120000000000001
0.024999999999999988
-0.05499999999999981
-0.05400000000000002
0.01800000000000001
0.0
0.0
-0.009000000000000001
-0.06700000000000005
-0.09100000000000007
-0.010000000000000085
-0.01999999999999995
0.21200000000000013
-0.043000000000000024
0.105
0.06900000000000002
-0.030999999999999934
-0.07100000000000001
0.047
-0.07600000000000004
0.0
0.0
-0.009000000000000001
-0.019999999999999924
0.08500000000000005
-0.026000000000000016
0.037000000000000074
-0.076
-0.07400000000000016
-0.10400000000000009
-0.0220000000000001
0.06400000000000007
0.02200000000000003
0.05000000000000002
-0.06600000000000003
0.0
0.0
-0.003
-0.008999999999999987
0.011999999999999986
-0.06200000000000004
0.0060000000000000435
0.06
0.052000000000000005
0.05000000000000002
0.04700000000000003
-0.06500000000000009
0.05900000000000001
-0.03500000000000009
-0.05100000000000004
-0.005
0.0
0.0
0.010000000000000002
-0.002000000000000028
0.023999999999999997
-0.035
-0.005999999999999993
-0.0019999999999999645
0.007999999999999986
0.0750000000000001
0.012999999999999776
0.03599999999999997
-0.02600000000000001
-0.01
0.0
0.0
0.0
-0.001
-0.04800000000000003
-0.10900000000000007
-0.07600000000000004
-0.09900000000000006
-0.07200000000000004
-0.060000000000000046
-0.04600000000000001
-0.008
0.0
0.0
0.0
0.0
0.0
