-560.7699999936515
0.0
0.0
0.0
0.0
0.0
0.0
0.0
0.0
0.0
0.0
0.0
0.0
0.0
0.0
0.0
0.0
0.0
0.0
0.0
-3.2869999999998742
4.471999999999925
16.128000000001517
3.456000000000212
-12.793999999999066
0.27500000000000024
4.862999999999987
-0.5520000000000004
0.0
9.929999999999936
0.0
0.0
0.0
-0.03300000000000002
-2.4199999999997273
5.509000000002143
9.069999999998316
-3.2190000000057797
12.63900000000488
1.8019999999952543
17.122999999999635
3.0709999999984063
7.567000000001179
0.00599999999999873
-12.47900000000556
19.67700000000037
0.0
0.0
-22.77100000000511
-23.860000000005616
-0.24499999999999622
0.6800000000000007
6.123000000005445
17.813000000023052
-6.85599999998256
11.939000000012944
-3.15900000000052
0.6530000000000018
4.942000000000445
11.81799999999365
20.371999999999588
0.0
-0.005
-20.930999999998534
8.109000000001151
0.061999999999996225
7.349000000017017
3.829999999988811
-15.303999999996154
8.992000000006243
-5.831999999990685
15.615000000042489
11.23800000000073
3.5269999999974995
-16.030000000000292
0.0
0.0
-0.002
16.421999999997603
18.514999999998757
-4.129000000000312
10.475000000050839
13.14200000001875
12.879000000016582
-8.67299999999555
0.6240000000000029
-4.942000000001412
20.306000000006847
4.046999999998073
16.367000000001227
0.006
0.0
-0.002
5.047000000000221
1.9239999999972868
7.515999999996293
6.302000000017306
7.891000000022794
14.076999999988276
26.482000000003687
8.198000000030381
-11.8460000000048
-12.525000000002889
7.524999999998003
18.560000000001
-9.807000000000004
0.0
0.0
-10.02700000000001
-10.480999999998234
-22.79800000001408
8.457000000009725
19.273000000012136
7.961000000036788
13.265000000041374
-6.739999999972844
-2.2880000000011025
-0.30799999999999167
-5.1629999999955185
6.375000000001693
0.0
0.0
0.0
11.586999999999504
-2.6919999999969475
-10.16499999999243
4.117999999993851
12.629000000041733
7.341000000023226
5.537000000007917
-0.7009999999999986
-16.762999999981403
-7.391999999992702
15.807999999990944
-6.279999999999853
0.0
0.0
-0.009000000000000001
-4.402000000002134
7.7069999999896766
6.255000000000849
4.771000000002914
-3.1250000000070646
-7.68699999997961
-18.903999999990805
0.7369999999999989
0.13399999999999884
2.1730000000006635
4.842999999999376
-9.375000000000243
-0.002
0.0
-0.03900000000000003
-7.249000000001031
-7.624999999991481
2.570999999998693
-21.29599999999771
4.374999999995513
1.5449999999956852
2.2819999999948477
1.2739999999981662
-6.870999999995198
-0.6210000000000006
-4.363000000001371
-6.852000000000623
0.0
0.0
-0.003
-1.5390000000000406
-8.764999999999302
3.261999999996738
-8.512999999994443
10.635000000002545
9.680000000012852
-2.1379999999991104
13.025000000002699
11.795999999997273
6.124000000003375
-29.01400000000265
0.0
0.0
0.0
0.0
-0.004
-0.25200000000000017
-6.888999999999464
-9.816999999999997
-26.213999999996346
0.6970000000000006
-3.273000000000097
-8.972999999999693
-0.04400000000000003
-0.030000000000000013
0.0
0.0
0.0
0.0
