-0.6660000000000005
0.0
0.0
0.0
0.0
0.0
0.0
0.0
0.0
0.0
0.0
0.0
0.0
0.0
0.0
0.0
0.0
0.0
0.0
0.0
0.0
0.0
0.0
-0.007
-0.038000000000000006
-0.038000000000000006
-0.012
-0.001
0.0
-0.008
0.0
0.0
0.0
0.0
-0.002
-0.06300000000000004
-0.12500000000000006
0.018999999999999996
0.01999999999999994
0.03200000000000003
0.06300000000000004
-0.011000000000000044
-0.018999999999999954
0.06600000000000003
0.015999999999999997
0.0
0.0
0.0
-0.002
-0.015000000000000001
0.06700000000000005
0.017999999999999905
0.006000000000000013
-0.019999999999999993
0.07100000000000004
-0.07200000000000004
0.04900000000000003
0.019000000000000003
0.03800000000000006
-0.04300000000000001
-0.009000000000000001
0.0
-0.001
-0.028000000000000004
0.03000000000000002
0.04800000000000003
0.038000000000000006
-9.999999999999966E-4
-0.03599999999999999
-0.02700000000000004
0.00300000000000004
0.067
0.031000000000000014
0.05000000000000003
-0.003
0.0
0.0
0.0
-0.022999999999999993
-0.006
0.03900000000000001
-0.020999999999999946
0.09000000000000005
-0.002000000000000014
-0.014000000000000044
0.041000000000000036
0.01699999999999994
0.06600000000000003
0.08200000000000005
0.014000000000000005
0.0
0.0
-0.003
-0.04000000000000002
-0.07600000000000003
0.004000000000000045
-0.014000000000000012
0.02799999999999999
0.043999999999999984
0.011
-0.03400000000000002
-0.036000000000000004
-0.04600000000000001
0.031
0.003
0.0
0.0
-0.001
-0.022000000000000013
-0.08700000000000005
-0.10500000000000007
0.004000000000000024
-0.03199999999999997
0.032
-0.02900000000000004
0.004000000000000028
-0.05400000000000002
0.022
-0.010999999999999989
0.003
0.0
0.0
0.0
-0.011
-0.09100000000000005
0.016999999999999994
0.02600000000000001
0.024999999999999967
-0.0049999999999999975
0.006000000000000019
-0.022000000000000026
-0.04300000000000001
-0.020000000000000025
-0.03699999999999999
0.004
0.0
0.0
-0.008
-0.034000000000000044
-0.03399999999999999
0.03699999999999999
-0.06300000000000007
0.05100000000000003
-0.05800000000000004
0.005000000000000001
0.05800000000000001
-0.003999999999999997
-0.07200000000000005
0.005
0.010000000000000002
0.0
0.0
-0.008
-0.03899999999999998
-0.05200000000000002
0.03199999999999996
0.01800000000000006
-0.01600000000000003
0.010000000000000012
-0.07800000000000003
-0.08500000000000005
0.07200000000000002
-0.013999999999999988
0.05300000000000002
0.012000000000000004
0.0
0.0
-0.001
-0.027999999999999976
-0.022000000000000006
-0.11200000000000007
-0.06200000000000004
0.031999999999999945
0.05300000000000006
0.06900000000000005
0.06200000000000001
-0.043
0.006
0.034999999999999996
0.0
0.0
0.0
0.0
0.0
-0.005
-0.011
-0.05700000000000004
-0.05
-0.010000000000000002
-0.05500000000000002
-0.04900000000000003
-0.002
0.007
0.014
0.0
0.0
0.0
