-9.855999999999977
0.0
0.0
0.0
0.0
0.0
0.0
0.0
0.0
0.0
0.0
0.0
0.0
0.0
0.0
0.0
0.0
0.0
0.0
0.0
-0.1210000000000001
0.002000000000000014
0.17600000000000013
0.8580000000000007
-0.3880000000000003
-0.5860000000000004
0.20000000000000015
0.0
0.0
-0.001
0.0
0.0
0.0
-0.014000000000000005
-0.06700000000000005
0.03399999999999996
0.22100000000000017
0.007000000000000211
0.26200000000000007
0.25100000000000017
0.12000000000000116
0.011000000000000062
0.2530000000000003
0.19700000000000015
0.14800000000000013
-0.011000000000000003
0.0
0.0
-0.12400000000000008
-0.4940000000000004
-0.19600000000000015
-0.1290000000000001
-0.0809999999999998
0.17900000000000002
0.10099999999999973
-0.14300000000000004
0.2510000000000001
-0.20200000000000012
0.05399999999999984
0.10400000000000008
0.07100000000000005
0.0
-0.013000000000000001
-0.17900000000000013
0.09600000000000006
0.043999999999999984
0.0719999999999999
0.15600000000000014
-0.4040000000000003
-0.026000000000000252
0.3000000000000002
0.5360000000000005
0.07100000000000004
0.23200000000000004
0.04700000000000007
0.0
0.0
-0.005
0.3080000000000002
0.12400000000000005
0.22100000000000022
0.05800000000000012
0.35500000000000026
0.041000000000000494
-0.28200000000000025
-0.014000000000000196
-0.12400000000000011
0.8620000000000007
0.05800000000000001
1.1479999999999957
0.003
0.0
-0.08900000000000007
0.16400000000000012
0.0019999999999998023
-0.124
-0.10100000000000003
0.22400000000000017
0.3680000000000003
0.6000000000000004
-0.04699999999999992
0.03699999999999963
-0.06499999999999966
-0.03199999999999972
-0.36400000000000027
-0.015000000000000006
0.0
-0.05100000000000004
-0.22500000000000012
-0.04300000000000005
-0.21400000000000016
-0.1460000000000001
0.21000000000000027
-0.03200000000000036
0.2100000000000002
-0.17100000000000004
-0.23300000000000018
-0.23500000000000018
-0.12200000000000008
-0.11300000000000009
0.0
0.0
-0.028000000000000018
0.4900000000000004
-0.49200000000000044
-0.13700000000000007
0.096
0.5400000000000004
0.28400000000000003
-0.010999999999999687
0.07199999999999974
-0.11400000000000016
0.055000000000000215
0.44300000000000034
-0.11700000000000009
-0.009000000000000001
0.0
-0.028000000000000018
0.012000000000000031
-0.13800000000000007
0.30200000000000016
-0.03499999999999939
-0.5980000000000004
-0.20200000000000015
-0.06999999999999966
-0.25800000000000023
0.02599999999999992
-0.25100000000000017
0.07400000000000002
-0.18000000000000013
0.0
0.0
-0.035000000000000024
0.023000000000000236
-0.33100000000000035
-0.04700000000000029
-0.3080000000000002
0.43400000000000033
-0.06100000000000014
-0.10200000000000017
0.3570000000000002
0.23400000000000018
-0.06300000000000004
0.09200000000000005
0.005
0.0
0.0
-0.005
0.05200000000000016
-0.2440000000000002
-0.013999999999999856
0.15400000000000022
-0.12399999999999992
0.3110000000000003
0.3480000000000003
-0.1730000000000006
0.3130000000000002
0.6020000000000004
-0.3170000000000002
0.0
0.0
0.0
0.0
0.0
-0.013000000000000001
-0.06300000000000004
-0.16500000000000012
-0.22300000000000017
-0.43700000000000033
-0.09000000000000007
0.20600000000000016
-0.19300000000000012
-0.21300000000000016
-0.037000000000000026
0.0
0.0
0.0
