-577.6869999932514
0.0
0.0
0.0
0.0
0.0
0.0
0.0
0.0
0.0
0.0
0.0
0.0
0.0
0.0
0.0
0.0
0.0
0.0
-0.2480000000000002
-2.950999999999896
3.7399999999994544
11.228000000000497
-1.6509999999993488
-8.459999999998116
-0.3430000000000003
0.9260000000000007
-0.048000000000000036
-0.001
7.804000000000941
0.0
0.0
0.0
-0.05000000000000004
6.3569999999979805
21.76200000000321
-2.440999999998491
0.32600000000000373
4.151999999992939
8.301000000015216
8.7979999999895
-4.790000000000524
16.556999999997966
-4.3240000000048475
-12.839000000002567
14.196000000000907
0.0
0.0
-37.50000000000191
-30.45600000000385
1.911999999997115
2.502999999997671
9.433000000012468
7.407000000018375
-1.5540000000061616
7.804000000006224
-0.9080000000000007
4.8640000000034265
-2.7359999999979085
11.955999999992597
12.916000000000983
0.0
-0.003
-18.792000000000847
4.194000000000347
0.9340000000000008
8.752000000014107
-0.6220000000000027
-4.393999999992989
-1.2410000000011385
-4.20200000000564
10.205000000014012
11.02399999999595
13.297000000011467
-13.220000000001699
-0.002
0.0
-0.002
14.294000000000993
21.047000000002765
0.7270000000000005
11.30300000003933
5.433000000020158
10.294000000001423
-6.568999999992952
-4.10800000001273
-8.255000000012952
14.718999999985899
1.4510000000000465
20.36700000000032
0.003
0.0
-0.001
8.489999999999837
2.80699999999959
-1.076000000000036
6.315000000016906
9.381000000025377
12.854000000006872
23.81299999999572
7.612000000026418
-7.512000000015828
-10.404000000001998
-2.5589999999992523
16.988000000000408
-9.583000000000128
0.0
0.0
-22.883999999994444
-7.874999999999755
-10.194999999997815
5.07699999999795
17.57400000003472
11.211000000028182
19.24900000002172
5.3530000000004625
-12.75800000001814
-3.834000000004819
2.4360000000004938
5.761000000000783
-0.34800000000000025
0.0
0.0
11.287000000000546
-2.7249999999992767
-2.595999999999951
2.2390000000014445
17.505000000020765
7.3790000000184115
6.318000000012192
-11.209999999980834
-11.808999999990407
1.2569999999999062
13.950999999990367
-6.993000000000178
-2.071999999999883
0.0
-0.008
-6.283999999999566
-4.680000000001241
3.4610000000035708
13.957000000038127
-1.8590000000037104
-11.089999999963082
-16.88899999996682
3.2829999999956443
-4.667999999992182
-5.428000000000629
6.658000000001356
-8.27400000000056
-1.7209999999999213
0.0
-8.491000000000733
-4.966000000001014
2.6000000000036336
8.16400000001259
-13.635999999998974
-0.6160000000000005
11.908000000040444
4.9120000000066195
-7.610999999992579
-0.8460000000000012
-4.909000000004508
0.6090000000000004
-7.47000000000063
-0.002
0.0
0.0
-4.391999999999726
-1.8929999999999045
-5.372999999997675
-4.890999999992662
9.268000000009186
8.36100000000897
5.311000000004008
13.74600000000403
8.989000000002278
11.979999999999931
-17.902999999998897
-0.004
0.0
0.0
0.0
-0.002
-0.4070000000000003
-0.7920000000000006
-22.670000000001707
-7.703999999999336
-18.650999999999904
-16.82500000000334
6.980000000000395
5.879000000001119
-6.3009999999994095
1.3930000000000011
0.0
0.0
0.0
