-414.58399999710826
0.0
0.0
0.0
0.0
0.0
0.0
-0.001
-0.002
0.0
0.0
0.0
0.0
0.0
0.0
0.0
0.0
0.0
0.0
-0.01800000000000001
-2.9759999999997833
4.109999999999622
11.408000000000802
4.603999999999575
-10.386000000000525
-1.0630000000000612
9.2689999999994
-0.016
-0.004
-0.010000000000000002
0.0
0.0
0.0
-3.487999999999727
-1.9020000000000012
2.532000000001313
7.584999999995045
2.2579999999995546
-2.0780000000048724
13.49200000001356
5.971999999998068
-7.353000000005113
15.485000000008494
-6.8280000000050824
-12.504000000005274
13.8340000000002
0.0
0.0
1.8700000000006896
-18.45300000000058
-6.014999999997281
-1.7600000000011038
12.198000000015178
3.4539999999982616
7.490000000013013
1.96799999999612
-0.7280000000000005
-1.127000000001051
6.5840000000056085
0.7160000000000007
9.685999999999904
0.0
-0.002
-12.289000000002767
9.482999999998771
3.09900000000089
2.473999999995339
-0.7320000000000015
-6.838999999988209
7.135999999999501
-5.572999999991378
7.732000000009437
10.635999999999722
9.324999999999767
-28.259000000000324
0.0
0.0
0.0
-1.9500000000000173
8.293000000003872
-2.390000000002534
7.683000000031337
9.21600000001717
-0.2510000000000002
-0.057000000000010126
-2.021000000002251
-0.9639999999999979
6.817000000006023
4.212999999996362
2.9009999999997915
0.0
0.0
-0.001
7.567999999999807
4.92700000000303
7.452000000006232
2.404999999993523
5.697000000006231
6.491999999994315
15.989000000019146
5.233000000005476
-3.773999999999746
-9.54800000000769
-4.11400000000042
29.607000000000745
0.0
0.0
0.0
-12.426999999998552
-14.145999999991039
-4.68900000000111
-0.8200000000000005
18.087000000018637
5.391000000010312
13.294000000030444
-2.8070000000055533
-2.6909999999984318
-5.409999999998471
-1.4990000000009132
2.433999999999843
-1.0929999999999904
0.0
0.0
-9.228000000000327
-0.22100000000000028
-2.83499999999897
4.585999999992806
6.431000000022967
4.535000000000467
2.894999999996607
-2.500000000006924
-8.36499999999517
-5.398000000000654
2.9269999999983214
-4.965999999999626
-4.352999999999788
0.0
-0.001
-7.972999999999066
1.1920000000001458
7.7620000000050196
0.5260000000000004
6.5860000000040655
-10.703999999979782
-8.220999999993174
-2.870000000002723
-3.1570000000029554
4.778999999999548
6.4330000000011065
-7.898000000000099
-3.259999999999752
0.0
-0.002
4.957999999999608
-1.911000000001075
2.0449999999970774
-9.514999999991641
0.04900000000000035
9.346000000023485
-0.6150000000000004
2.1519999999989823
-5.102999999998359
-11.046000000003346
11.936000000001338
-4.819999999999944
0.0
0.0
-0.003
-15.758999999999606
-5.523999999998003
1.0469999999998665
-0.856
3.381999999992439
6.872000000004068
-0.7340000000000003
12.447999999996188
10.576999999998803
-6.352999999998692
-18.493999999999517
-0.001
0.0
0.0
-0.001
-0.002
-0.22800000000000017
0.8680000000000008
-13.680999999995871
-22.291000000000484
-1.4359999999997244
-8.768999999999732
-2.367000000000058
0.01899999999999999
0.016000000000000007
0.032000000000000015
0.0
0.0
0.0
