-2322.9090000144893
0.0
0.0
0.0
0.0
0.0
0.0
-0.005
-0.01
0.0
0.0
0.0
0.0
0.0
0.0
0.0
0.0
0.0
0.0
0.0
-11.346000000000318
14.83199999999539
51.94700000001765
19.514999999998043
-41.71600000001126
0.2920000000000011
25.76800000000851
-3.541999999999721
-10.566000000000288
12.400999999998566
0.0
0.0
0.0
-0.08900000000000007
28.582999999976124
18.301999999979213
31.264999999951797
9.219000000015741
35.252999999973305
15.139000000084572
57.203999999750096
6.863999999970883
69.94399999998578
0.686
-49.920000000104245
70.6970000000098
0.0
0.0
-85.79300000002524
-85.69600000003891
1.0479999999994347
-8.637999999953085
35.56899999994039
43.4120000001677
-1.4690000000134456
7.068000000019051
-3.7070000000071373
-1.843000000022542
23.9359999999807
-0.5000000000000001
88.86899999997429
0.0
-0.001
-56.3370000000157
27.362000000023006
8.7370000000769
24.76899999998563
-0.7180000000000011
-34.05900000003259
21.82899999999602
-6.404999999941745
45.252000000183614
32.722000000017786
50.103000000032765
-65.47900000004415
0.0
0.0
-0.003
48.114999999991745
75.01599999999407
-13.92200000003002
45.71700000010817
30.54800000003708
39.09900000001624
-22.561000000021636
0.978999999999955
-15.151999999903868
66.76099999976006
32.75200000008795
104.59799999993652
0.0
0.0
-0.003
31.307999999997808
13.293000000000033
-0.1359999999999924
21.152000000018294
55.43200000018716
33.38799999999621
127.72799999959395
19.703000000060786
-16.783000000003177
-68.50899999999469
-11.001999999985612
33.49799999998387
-29.78700000001342
0.0
0.0
-66.72500000004099
-49.30499999992529
-55.889999999737775
12.788000000009443
67.8920000004215
32.1659999999473
62.86900000033829
1.5909999999611826
-20.864999999991852
-16.050999999966567
-5.757999999979715
0.13800000000000012
-0.05200000000000004
0.0
0.0
22.64599999999821
-15.674000000019296
-18.568999999993522
17.679999999972523
59.98900000045035
30.60200000000073
14.921000000105403
-23.78100000005802
-51.45699999991027
19.665999999999357
43.35199999996813
-13.69499999999785
-29.850000000013498
0.0
-0.005
-39.76100000000149
-1.6919999999898256
29.31900000001272
19.814000000040778
2.846999999983463
-41.771999999947326
-45.40499999987851
16.468000000183054
-32.54400000010088
-0.8139999999999996
-7.78799999998689
-20.441000000002
-29.80200000001344
0.0
-16.55599999999725
-11.635999999998509
-29.639999999934197
19.825000000023365
-59.191000000003484
-10.505999999809335
28.915999999909793
-0.4190000000030809
8.191000000023843
-4.535999999992894
-28.254000000016234
-11.84699999998562
-23.285000000005475
-0.001
0.0
-0.005
-14.239000000012474
-56.220000000005356
21.906000000018203
-28.63099999976085
40.25300000001459
50.83199999992864
-5.529999999989621
48.371000000058
44.331999999956274
37.073000000005926
-112.47900000003794
-0.003
0.0
0.0
-0.002
0.0
-5.483000000000166
-11.999000000000677
-58.86999999996755
-72.7430000000017
-19.1360000000003
-11.395000000007583
-2.7889999999991324
39.925000000002626
-1.8890000000000016
-0.007
0.0
0.0
0.0
