-721.6279999898477
0.0
0.0
-0.08000000000000003
29.87600000000102
-14.562999999993762
0.5300000000000007
-0.015000000000000001
-8.193000000005764
10.572000000000779
-7.180999999999667
-3.4239999999963873
12.16200000002312
16.397999999991175
6.036999999997384
7.690999999986991
16.66300000001026
-0.034999999999999996
4.670999999997973
2.6869999999966545
7.045999999994854
0.6500000000001699
6.057000000001024
-0.49299999999996547
14.62899999999414
-0.007
8.430999999997553
-6.947999999994454
17.361999999982896
15.14999999996093
-6.709999999991351
-12.180000000005563
12.567000000008141
-0.001
-19.952000000001743
-2.2840000000007965
1.0469999999995883
-5.250000000015287
0.2390000000001426
-5.547000000011707
-1.5459999999996092
-13.6289999999989
-1.3009999999982451
-9.084000000000422
-5.248000000003539
7.70499999998667
12.404000000017337
5.771000000001611
19.71599999999995
-0.046000000000000034
