-220.55900000068908
0.0
0.0
0.0
-0.049000000000000016
-5.734000000000107
1.6489999999997391
-0.17800000000000013
-5.501999999999892
-0.4230000000000003
-9.793000000000012
-4.560000000001444
4.705999999994071
3.874999999992292
-2.595000000002314
3.4850000000052614
2.4129999999985716
0.0
-2.505000000000672
-1.5800000000019667
1.9679999999983306
-0.7300000000000059
1.8859999999961874
0.43200000000001826
-0.11200000000000118
-5.442000000000152
8.006999999995145
-3.678000000002132
5.0769999999957465
6.717999999995596
-2.0000000000013727
-0.5659999999999931
0.4910000000000002
0.0
-6.430999999998906
1.3060000000005707
1.2749999999976893
-3.696999999999278
-0.6270000000000006
0.370999999999983
1.8259999999999648
-0.08900000000000007
0.5500000000000018
1.0719999999996288
3.133999999999096
4.18799999999623
4.810999999996464
4.171000000000395
-0.08000000000000006
0.0
