-334.1029999990114
0.0
0.0
0.0
-1.9309999999998981
0.7910000000000005
3.819000000000782
-0.22700000000000017
-11.666000000001594
0.03100000000000002
-10.239999999999766
1.2860000000007628
9.390000000005994
5.385999999998992
5.54299999998635
6.61199999998976
13.178000000008964
0.0
-0.4059999999999627
1.5849999999965687
4.322999999998888
1.636999999999432
1.4399999999982493
2.6949999999985534
-4.584000000000075
0.0
4.816999999998169
-8.049999999995167
8.405000000004678
8.684999999999885
-4.784999999993764
-5.839999999999654
2.3879999999995314
-2.2279999999998656
-18.1830000000033
1.5709999999997908
-4.454999999998702
-3.185000000004423
1.2109999999977121
-2.8970000000005047
7.156999999999166
-0.002
-8.74400000000608
-5.5600000000015335
-1.7579999999998268
0.13400000000012888
2.7669999999988133
12.383000000002925
11.816000000000615
-0.011000000000000003
