-3333.811000220437
0.0
0.0
-0.09600000000000007
102.50500000003555
-61.3689999999803
-45.56099999999929
-0.031
-3.377000000003071
3.918000000000453
-10.565999999992098
-27.605000000060315
53.392000000033136
54.76800000007688
22.141999999981934
28.6799999996152
95.94199999982516
-0.012000000000000004
2.871000000002591
12.537999999974568
35.49000000054746
-0.14399999999998742
30.024000000251682
-8.202999999895063
45.492000000002086
-32.54900000001484
53.57699999982388
-46.61900000002407
91.19699999964044
80.80400000060706
-28.39700000005581
-30.788999999780025
37.36100000001608
-29.996000000013677
-74.85499999997576
-10.408000000021287
11.261999999960638
-24.39899999973277
-0.7409999999996255
-5.913000000028974
-66.20399999988906
-19.800000000001216
-13.132999999966717
-31.639000000013986
-15.061000000051301
34.01900000003037
41.41400000011037
45.585999999956535
59.55900000002677
-0.047000000000000035
