-534.4989999942727
0.0
0.0
-0.3090000000000002
-1.109000000000029
-2.264000000000279
-25.491999999991947
-0.027000000000000017
-1.884000000000281
12.449000000002165
0.9310000000000008
-5.808000000001099
5.191999999996316
9.336000000014575
2.074999999997688
6.26600000000581
14.006000000010014
-0.060000000000000026
0.473
5.095000000000688
2.813999999992874
-3.4910000000102706
2.0699999999987444
-1.5540000000014615
13.119999999999617
-9.883999999999961
7.884999999995368
-10.232000000015175
17.900999999972584
14.392999999972671
-5.000999999999673
-2.9580000000079334
0.020000000000000906
-0.45300000000000035
-16.239999999997586
0.2899999999999948
1.338999999993556
-1.4700000000008977
0.8819999999981507
-3.2840000000016185
-1.125999999998695
-0.7860000000000006
0.6730000000000224
-14.268999999996074
0.38200000000007756
3.64399999999179
12.893000000042603
8.142000000004014
18.551000000000197
-0.016000000000000007
