-430.80299999672474
0.0
0.0
-0.016000000000000007
2.43599999999905
2.1489999999988605
-10.325999999997594
-0.001
-6.443000000001232
0.7460000000000006
-2.587000000000002
-3.1410000000039364
8.474000000013422
9.392000000016752
0.1180000000000111
5.537999999996352
8.956999999998454
-0.018
4.425999999998357
-1.8480000000044445
6.155999999988659
0.1740000000000977
1.8029999999959299
-1.8610000000009603
5.9129999999934135
-9.942999999999929
13.88399999998156
-5.253000000002711
10.467000000022786
10.731999999992594
-3.479000000001043
-9.05699999999999
1.5429999999995043
0.0
-17.240000000000055
-0.2790000000000026
3.1389999999975355
-6.448000000005865
-0.6149999999999757
-1.5899999999995935
9.409000000001617
-0.02900000000000002
2.930000000003415
-4.552000000000149
-0.7619999999999942
6.566999999999751
9.642999999999462
-8.278999999996579
-0.20500000000000015
-0.001
