-1039.1089999823403
0.0
0.0
0.0
9.875999999999966
-19.18700000000062
-9.88399999999708
-0.020000000000000004
-11.760999999987915
10.080000000000217
4.4729999999975
-13.199999999997857
17.138000000040776
17.442999999988498
6.937999999988084
9.516999999982525
28.333999999973177
-0.004
4.241999999995594
2.9770000000053596
10.405999999994103
-0.30799999999992994
9.786999999986833
-4.079000000017276
17.32300000000143
-9.954999999999922
17.076999999980238
-12.614000000037601
26.712000000034745
24.02500000025988
-9.404000000021378
-7.619999999976162
14.529999999999957
-9.549000000000147
-27.781000000047378
-2.5730000000038036
4.65099999999502
-6.42700000001929
0.11700000000031015
-5.724000000011104
-13.592999999992905
-1.8299999999999708
-3.750000000004664
-10.387000000001322
-3.906000000007748
10.932999999994518
16.222000000030068
14.82199999999713
19.929999999999833
0.0
