-798.0439999880407
0.0
0.0
-0.34200000000000025
20.90700000000155
-27.37000000000382
-4.6199999999994565
-0.11100000000000007
-4.230999999999636
19.8089999999999
-14.121999999993022
-5.103000000003818
12.918000000010366
13.18199999999365
2.6869999999935423
6.335999999981998
24.642999999998246
-0.010000000000000002
0.5299999999999975
3.1959999999967046
8.18800000000018
0.6120000000000247
7.973999999999728
-0.2240000000000803
3.055999999999331
-9.986999999999904
0.6560000000011024
-7.499999999998969
19.86300000002109
19.50000000007279
-4.442999999995798
-7.764999999991779
11.35100000000136
-9.953999999999922
-17.533999999992865
-2.054000000000657
1.678999999995593
-6.681000000006427
-1.028000000001433
-2.160999999997177
0.14200000000007165
-3.54999999999972
-3.504000000002386
-4.489000000001901
0.6310000000000561
5.230999999976432
12.073000000033437
4.291000000003821
19.548000000000044
-0.008
