-70.14299999997087
0.0
0.0
0.0
1.062999999999994
-1.961999999999882
-2.3859999999998482
-0.003
1.7699999999998837
0.03600000000000002
-0.05000000000000003
-1.4080000000002793
1.519999999999093
1.1339999999997026
-0.33700000000001334
0.7259999999999971
2.4569999999999173
-0.11000000000000008
-2.4849999999997885
1.6929999999992305
0.9760000000000029
-0.2510000000000002
0.8499999999999989
-1.8729999999995284
-0.13600000000000007
0.0
-3.7280000000001094
-0.9510000000000001
1.5719999999999033
1.403999999999046
-0.9440000000000024
-1.3010000000005228
0.0010000000000007668
0.0
-0.171000000000001
1.4369999999998853
-0.37699999999998246
0.09900000000002782
-0.21600000000000835
0.042999999999985376
-2.6349999999998532
-0.015000000000000006
-0.3560000000000009
-0.7780000000000005
-0.3409999999999998
1.4530000000000154
0.7910000000000004
-0.14200000000000007
0.0
0.0
