-863.2219999864994
0.0
0.0
-0.009000000000000001
4.5490000000018735
-26.40000000000958
-4.797999999998512
-0.02
-5.236000000001368
9.991000000000106
-17.574999999999203
-3.740999999994638
12.826000000004658
11.50799999999715
6.26200000001263
5.811999999995449
21.719999999997604
-0.037000000000000026
2.845000000001321
5.1490000000039755
10.195999999983918
-1.1310000000000864
6.758000000004557
-1.832000000001668
1.8949999999999338
-9.984999999999905
8.141999999996289
-12.12900000002595
24.616000000019145
21.188000000162297
-6.857000000001776
-7.574999999981404
9.103000000002403
-0.05100000000000004
-13.662999999977114
-3.3480000000056096
4.809000000004629
-5.1610000000161405
0.6390000000000491
-2.4569999999954057
-8.242000000002722
-0.3790000000000003
-2.748000000002632
-10.533000000004657
-0.5219999999999989
5.761999999990858
12.059000000045085
9.888999999998124
15.359000000002863
-0.04100000000000003
