-935.4359999847918
0.0
0.0
0.0
0.0
0.0
0.0
0.0
0.0
0.0
0.0
0.0
0.0
0.0
0.0
0.0
0.0
0.0
0.0
0.0
0.0
0.0
0.0
0.0
0.0
0.0
0.0
0.0
0.0
0.0
0.0
0.0
0.0
0.0
0.0
0.0
0.0
0.0
0.0
0.0
0.0
0.0
-0.002
-0.002
-0.002
0.0
0.0
0.0
0.0
0.0
0.0
0.0
0.0
0.0
0.0
0.0
0.0
0.0
0.0
0.0
0.0
0.0
0.0
0.0
0.0
0.0
0.0
0.0
0.0
0.0
0.0
-0.002
-0.002
-0.003
-0.005
-0.006
-0.007
-0.003
-0.4260000000000003
0.0
0.0
0.0
-0.4250000000000003
-0.4250000000000003
0.0
0.0
0.0
0.0
0.0
0.0
0.0
0.0
0.0
0.0
0.0
0.0
-2.3399999999998533
-11.128999999999271
8.871000000000523
8.861000000000528
6.976000000000664
18.909000000000127
-0.3950000000000003
11.59999999999901
-11.352999999999147
1.0129999999999995
15.525999999996834
7.048000000000688
-3.0019999999997804
-2.961999999999785
-0.001
-0.4250000000000003
-0.4250000000000003
0.0
0.0
0.0
0.0
0.0
0.0
0.0
0.0
-0.001
-2.843999999999798
-7.760000000000926
8.871000000000523
-3.258999999999752
10.117999999999832
-5.567000000000194
3.204999999999758
-5.672000000000229
0.03500000000000007
13.148999999998152
-7.271000000000763
0.8780000000000007
3.6179999999997126
-6.398000000000471
15.288999999996966
-6.987000000000668
14.27099999999753
23.27300000000546
7.484000000000834
8.159000000000917
-0.001
0.0
0.0
0.0
0.0
0.0
0.0
0.0
-0.001
-7.7610000000009265
0.2930000000000002
13.139999999998157
-4.0149999999996755
7.1620000000007265
7.8300000000009495
21.680000000003513
1.3639999999999608
28.91900000001236
14.058999999997647
0.16900000000000012
30.051000000013744
33.423000000012806
-20.414000000001966
12.224999999998664
-11.83599999999888
57.77099999995606
11.777999999998912
-21.98100000000388
-8.938000000000486
1.7269999999999206
1.7269999999999206
0.0
0.0
0.0
0.0
0.0
0.0
-1.4709999999999488
-9.409000000000225
-4.913999999999976
-10.667999999999527
-18.368999999999467
-6.839000000000619
-28.909000000012348
25.562000000008258
30.7530000000146
22.51300000000453
11.550999999999037
-12.597999999998457
19.01000000000025
-4.729999999999914
16.888999999997658
9.612000000000112
1.1619999999999828
4.861999999999958
-8.47800000000074
26.143000000008968
-9.481000000000185
-34.93900000000927
17.238999999998086
15.672999999996753
0.0
0.0
0.0
0.0
0.0
-21.470000000003257
-24.391000000006827
-26.085000000008897
7.7010000000009065
22.409000000004404
-13.708999999997841
-28.64900000001203
1.1049999999999893
-32.26300000001551
16.877999999997645
16.314999999996957
2.3089999999998567
4.995000000000003
-12.258999999998645
4.593999999999869
21.985000000003886
7.925000000000981
8.201000000000894
-6.510000000000509
-10.352999999999701
1.441999999999952
-23.808000000006114
17.235999999998082
15.672999999996753
0.0
0.0
0.0
0.0
0.0
-24.316000000006735
1.82399999999991
15.196999999997017
31.59300000001563
1.3089999999999666
12.691999999998405
12.451999999998538
6.462000000000493
34.2400000000109
-22.2430000000042
-13.244999999998099
-6.7730000000005965
-5.742000000000252
-7.370000000000796
-16.990999999997783
0.9420000000000008
-12.438999999998545
5.369000000000128
-13.486999999997964
28.401000000011727
31.362000000015346
2.8819999999997936
20.987000000002666
5.318000000000111
0.0
0.0
0.0
-0.003
-0.003
-11.143999999999263
-7.663000000000894
7.097000000000705
-24.78700000000731
33.136000000013475
33.91800000001165
15.230999999996998
14.137999999997604
-4.561999999999858
-10.941999999999375
21.225000000002957
-7.2640000000007605
24.33700000000676
5.022000000000012
7.89100000000097
37.11200000000421
14.741999999997269
-3.8079999999996916
8.46200000000075
29.67100000001328
31.609000000015648
-4.563999999999859
5.312000000000109
0.0
0.0
0.0
0.0
-0.003
-0.002
9.592000000000123
-2.9269999999997887
27.596000000010743
14.429999999997442
-15.36999999999692
24.604000000007087
-9.680000000000074
19.699000000001092
14.781999999997247
1.1109999999999884
-6.343000000000453
1.9429999999998968
6.865000000000627
0.7520000000000006
0.6890000000000006
-16.656999999997375
36.57000000000547
12.865999999998309
25.0230000000076
11.931999999998826
-33.69100000001218
-16.73499999999747
0.0
0.0
0.0
0.0
0.0
0.0
-0.002
9.393000000000233
14.658999999997315
16.1039999999967
-5.947000000000321
-16.29299999999693
-28.539000000011896
34.80700000000958
-1.4939999999999463
15.630999999996776
20.641000000002244
19.659000000001043
-8.51600000000072
-9.68900000000007
-8.82200000000055
-1.389999999999958
22.98600000000511
0.8800000000000008
-5.304000000000106
9.944999999999927
-2.6299999999998214
-7.191000000000736
0.5190000000000003
0.0
0.0
0.0
0.0
0.0
0.0
-0.002
7.550000000000856
18.751999999999935
19.32200000000063
8.038000000000984
3.5989999999997146
8.376000000000797
16.52199999999721
8.260000000000861
10.002999999999895
2.342999999999853
6.458000000000491
17.981999999998994
10.124999999999828
7.574000000000864
-35.48000000000801
20.746000000002372
28.766000000012173
8.216000000000886
9.118000000000386
-0.9340000000000007
23.222000000005398
3.09499999999977
0.0
0.0
0.0
0.0
0.0
0.0
0.0
12.431999999998549
-4.910999999999975
3.023999999999778
-4.678999999999897
-1.1649999999999825
-22.02800000000394
22.87100000000497
23.350000000005554
10.33599999999971
30.08100000001378
35.23500000000858
20.167000000001664
43.20099999999002
20.545000000002126
-39.82199999999789
-28.184000000011462
5.1800000000000646
-4.29799999999977
24.528000000006994
-13.473999999997972
-1.0119999999999996
11.27499999999919
0.0
0.0
0.0
0.0
0.0
0.0
0.0
-7.0840000000007
-7.7730000000009305
-6.45300000000049
6.426000000000481
-18.441999999999556
2.894999999999792
7.466000000000828
-1.3879999999999582
17.52799999999844
16.311999999996953
-3.621999999999712
48.21099999997834
37.010000000004446
11.086999999999295
0.007000000000000021
28.136000000011403
-29.726000000013347
-15.525999999996834
-17.703999999998654
8.409000000000779
-3.512999999999724
14.095999999997627
0.0
0.0
0.0
0.0
0.0
0.0
0.0
-0.003
-44.22399999998763
-12.03299999999877
-42.46899999999172
2.986999999999782
-16.45699999999713
1.6649999999999274
9.88499999999996
48.42499999997784
34.72600000000977
19.686000000001076
51.289999999971165
13.554999999997927
2.867999999999795
-7.7730000000009305
-24.757000000007274
3.0809999999997717
-15.621999999996781
-2.2749999999998605
14.130999999997607
4.272999999999762
-3.5079999999997247
-3.3799999999997388
0.0
0.0
0.0
0.0
0.0
-0.003
1.8549999999999065
-16.057999999996643
-5.950000000000322
-19.102000000000363
-16.188999999996803
3.875999999999684
10.945999999999373
10.575999999999578
12.354999999998592
38.95499999999991
2.197999999999869
27.285000000010363
8.132000000000932
-21.720000000003562
-0.0980000000000001
-9.38000000000024
18.44399999999956
24.63000000000712
-4.6379999999998835
7.268000000000762
8.621000000000661
-0.003
-0.001
0.0
0.0
0.0
0.0
0.0
-0.004
5.1710000000000615
17.288999999998147
-15.362999999996925
25.73600000000847
-13.138999999998157
24.56500000000704
4.23799999999975
29.653000000013257
2.2369999999998647
3.578999999999717
-0.8980000000000008
-7.559000000000859
18.267999999999343
19.35400000000067
-31.511000000015528
-18.67399999999984
-14.084999999997633
-25.08900000000768
-0.45800000000000035
12.046999999998762
11.949999999998816
-0.003
-0.001
0.0
0.0
0.0
0.0
0.0
-0.017000000000000008
0.2450000000000002
-3.7709999999996957
-10.22799999999977
-10.365999999999694
7.724000000000914
-3.2809999999997497
21.650000000003477
25.29300000000793
14.718999999997282
34.55900000001016
5.730000000000248
15.058999999997093
1.2649999999999717
-4.341999999999785
-29.088000000012567
-6.1440000000003865
-9.172000000000356
-5.6380000000002175
4.489999999999834
-1.8889999999999028
6.915000000000644
-1.9759999999998932
-0.001
-0.19000000000000014
0.0
0.0
0.0
0.0
-5.752000000000256
-19.801000000001217
9.531000000000157
-16.101999999996696
13.714999999997838
7.376000000000798
28.5430000000119
18.071999999999104
4.549999999999854
-2.3359999999998537
18.83100000000003
-25.886000000008654
14.533999999997384
-7.197000000000738
-2.9919999999997815
-1.0899999999999908
-28.859000000012287
1.6049999999999343
1.932999999999898
23.473000000005705
-7.490000000000836
0.034000000000000044
-5.193000000000069
0.0
-0.19000000000000014
0.0
0.0
0.0
0.0
-5.753000000000256
-17.93899999999894
-0.9770000000000009
3.9619999999996747
3.130999999999766
-29.40200000001295
20.73700000000236
14.497999999997404
-22.868000000004965
-19.096000000000355
-8.910000000000501
-6.054000000000356
-41.772999999993345
-27.16800000001022
27.443000000010557
-10.827999999999438
16.79199999999754
-6.69300000000057
-27.42000000001053
25.5970000000083
-6.043000000000353
-17.636999999998572
-13.979999999997691
0.0
0.0
0.0
0.0
0.0
0.0
-5.740000000000252
-19.49300000000084
6.355000000000457
11.621999999998998
-5.032000000000015
21.215000000002945
-31.257000000015218
-3.6199999999997123
-18.056999999999086
-6.043000000000353
-0.08100000000000009
-8.958000000000474
-4.779999999999931
17.84899999999883
27.443000000010557
4.856999999999957
1.894999999999902
-16.25299999999688
4.623999999999879
-8.187000000000902
-16.147999999996753
-14.294999999997517
-8.789000000000568
0.0
0.0
0.0
0.0
0.0
0.0
-0.002
-14.049999999997652
-8.169000000000912
-16.558999999997255
25.929000000008706
16.418999999997084
-27.196000000010255
30.37600000001414
-1.114999999999988
37.791000000002626
8.886000000000514
10.546999999999594
-4.840999999999951
-13.761999999997812
-7.560000000000859
8.582000000000683
-10.441999999999652
17.219999999998063
-4.239999999999751
1.858999999999906
-10.631999999999547
-12.319999999998611
-8.789000000000568
-0.001
0.0
0.0
0.0
0.0
0.0
-0.048000000000000036
-17.38199999999826
-16.77699999999752
-6.7820000000005995
-8.721000000000606
9.859999999999975
-46.501999999982324
-14.712999999997285
-0.6080000000000005
26.30800000000917
34.91100000000934
6.469000000000495
18.743999999999925
8.60600000000067
-7.0830000000007
19.846000000001272
14.989999999997131
-28.652000000012034
-6.018000000000344
-1.9909999999998915
-3.27799999999975
-5.425000000000146
-0.001
-0.001
0.0
0.0
0.0
0.0
0.0
-0.046000000000000034
-0.060000000000000046
-0.3660000000000003
9.144000000000371
-16.327999999996972
0.17400000000000013
-3.723999999999701
9.246000000000315
-22.155000000004094
19.127000000000393
-2.742999999999809
12.548999999998484
-11.900999999998843
21.0970000000028
3.766999999999696
34.651000000009944
27.116000000010157
25.014000000007588
27.041000000010065
-6.560000000000525
-10.397999999999676
0.0
0.0
0.0
0.0
0.0
0.0
0.0
0.0
0.0
-0.001
-0.005
-4.923999999999979
0.4270000000000004
0.43800000000000033
-0.35800000000000026
2.9259999999997888
-9.982999999999906
-3.09699999999977
-8.82300000000055
-5.561000000000192
-0.7390000000000007
-12.006999999998785
2.1499999999998742
2.153999999999874
0.013000000000000005
0.010000000000000002
-0.002
-0.002
-6.84400000000062
-6.84400000000062
0.0
0.0
0.0
0.0
0.0
0.0
0.0
0.0
-0.001
-0.001
-0.003
-0.006
-0.006
-0.007
-2.940999999999787
-2.9389999999997873
-2.9489999999997862
-2.949999999999786
-2.9479999999997863
-2.9379999999997874
-0.002
-0.001
-0.001
0.0
0.0
0.04900000000000004
0.04900000000000004
0.04900000000000004
0.0
0.0
0.0
0.0
0.0
0.0
