-1.0819999999999916
0.0
0.0
0.0
0.0
0.0
0.0
0.0
0.0
0.0
0.0
0.0
0.0
0.0
0.0
0.0
0.0
0.0
0.0
0.0
0.0
0.0
0.0
0.0
0.0
0.0
0.0
0.0
0.0
0.0
0.0
0.0
0.0
0.0
0.0
0.0
0.0
0.0
0.0
0.0
0.0
0.0
0.0
0.0
0.0
0.0
0.0
0.0
0.0
0.0
0.0
0.0
0.0
0.0
0.0
0.0
0.0
0.0
0.0
0.0
0.0
0.0
0.0
0.0
0.0
0.0
0.0
0.0
0.0
0.0
0.0
-0.001
-0.004
-0.005
-0.004
-0.003
-0.002
-0.004
-0.005
0.0
0.0
0.0
-0.003
-0.003
0.0
0.0
0.0
0.0
0.0
0.0
0.0
0.0
0.0
0.0
0.0
-0.001
-0.005
-0.014000000000000005
0.014000000000000005
0.014000000000000005
0.004
0.017000000000000008
0.011000000000000003
-0.013000000000000005
-0.024000000000000014
0.010000000000000002
-0.012000000000000004
-0.002
-0.006
-0.005
-0.002
-0.003
-0.003
0.0
0.0
0.0
0.0
0.0
0.0
0.0
0.0
-0.002
-0.009000000000000001
-0.011000000000000003
0.011000000000000003
0.025000000000000015
0.016000000000000007
-0.007
0.028000000000000018
-0.011000000000000003
-0.014000000000000005
0.035000000000000024
-0.004
-0.026000000000000016
-0.005
0.009000000000000001
0.02100000000000001
0.0
0.03300000000000002
0.025000000000000015
0.014000000000000005
0.012000000000000004
0.0
0.0
0.0
0.0
0.0
0.0
0.0
0.0
0.0
-0.010000000000000002
0.011000000000000003
0.011000000000000003
0.004
-0.023000000000000013
-0.008
0.006
-0.024000000000000014
-0.010000000000000002
0.05400000000000004
0.017000000000000008
0.047000000000000035
0.016000000000000007
0.014000000000000005
0.001
0.03000000000000002
0.02900000000000002
-0.006
-0.026000000000000016
0.010000000000000002
0.014000000000000005
0.017000000000000008
0.0
0.0
0.0
0.0
0.0
0.0
-0.001
-0.011000000000000003
-0.006
0.004
-0.01800000000000001
-0.01800000000000001
-0.015000000000000006
0.003
0.003
0.026000000000000016
0.057000000000000044
0.05000000000000004
0.016000000000000007
0.010000000000000002
0.008
-0.004
-0.009000000000000001
-0.008
0.004
0.057000000000000044
0.007
-0.035000000000000024
0.017000000000000008
0.0
0.0
0.0
0.0
0.0
-0.001
-0.03000000000000002
-0.046000000000000034
-0.060000000000000046
0.027000000000000017
0.013000000000000005
0.016000000000000007
-0.011000000000000003
0.010000000000000002
-0.028000000000000018
0.04100000000000003
-0.008
-0.03400000000000002
-0.007
-0.001
0.005
0.02900000000000002
-0.005
-0.022000000000000013
0.025000000000000015
-0.035000000000000024
0.013000000000000005
-0.03300000000000002
0.017000000000000008
0.0
0.0
0.0
0.0
0.0
-0.002
-0.04000000000000003
-0.037000000000000026
-0.003
-0.002
0.014000000000000005
0.058000000000000045
0.06300000000000004
0.03300000000000002
-0.023000000000000013
0.012000000000000004
-0.03300000000000002
0.007
-0.02900000000000002
-0.059000000000000045
0.04400000000000003
0.016000000000000007
0.008
0.03000000000000002
-0.02000000000000001
0.016000000000000007
0.03100000000000002
-0.02100000000000001
0.022000000000000013
0.022000000000000013
0.0
0.0
0.0
0.0
-0.003
-0.024000000000000014
-0.001
0.023000000000000013
-0.01800000000000001
0.047000000000000035
0.022000000000000013
0.007
0.028000000000000018
0.001
-0.02000000000000001
0.023000000000000013
-0.01900000000000001
0.036000000000000025
-0.028000000000000018
-0.011000000000000003
0.03400000000000002
0.07000000000000005
-0.028000000000000018
-0.024000000000000014
0.027000000000000017
0.002
-0.005
0.02100000000000001
0.0
0.0
0.0
0.0
0.0
-0.003
0.015000000000000006
0.026000000000000016
0.009000000000000001
0.03200000000000002
-0.04500000000000003
0.006
0.006
0.06100000000000004
0.04500000000000003
0.022000000000000013
0.003
0.016000000000000007
-0.006
0.013000000000000005
0.0
-0.013000000000000005
0.036000000000000025
0.027000000000000017
0.06200000000000005
0.014000000000000005
-0.008
-0.006
0.0
0.0
0.0
0.0
0.0
0.0
-0.003
0.002
0.027000000000000017
-0.006
0.027000000000000017
-0.007
-0.03100000000000002
0.04500000000000003
-0.01800000000000001
0.04000000000000003
0.05200000000000004
-0.012000000000000004
-0.005
-0.047000000000000035
-0.007
-0.024000000000000014
-0.002
-0.025000000000000015
0.046000000000000034
0.025000000000000015
-0.007
0.012000000000000004
-0.003
0.002
0.002
0.0
0.0
0.0
0.0
-0.003
0.017000000000000008
0.017000000000000008
-0.006
-0.003
-0.005
-0.007
0.024000000000000014
0.02000000000000001
0.022000000000000013
-0.011000000000000003
0.03300000000000002
0.015000000000000006
0.046000000000000034
0.0
-0.001
0.01800000000000001
0.035000000000000024
0.009000000000000001
0.01900000000000001
-0.01900000000000001
0.012000000000000004
-0.004
0.002
0.002
0.0
0.0
0.0
0.0
0.0
0.01800000000000001
0.01800000000000001
0.004
-0.01800000000000001
-0.006
-0.02900000000000002
0.004
0.017000000000000008
0.04900000000000004
0.013000000000000005
0.05400000000000004
0.027000000000000017
0.058000000000000045
0.013000000000000005
-0.004
-0.010000000000000002
0.014000000000000005
0.005
-0.007
0.006
-0.006
-0.001
0.0
0.0
0.0
0.0
0.0
0.0
0.0
-0.001
0.009000000000000001
-0.012000000000000004
-0.002
-0.04400000000000003
0.011000000000000003
0.0
0.009000000000000001
0.0
0.028000000000000018
0.01800000000000001
0.06200000000000004
0.05500000000000004
-0.01800000000000001
-0.007
0.006
-0.07700000000000005
-0.024000000000000014
-0.027000000000000017
-0.001
-0.008
-0.001
0.0
0.0
0.0
0.0
0.0
0.0
0.0
-0.002
-0.03400000000000002
-0.047000000000000035
-0.004
0.010000000000000002
0.0
0.0
0.03300000000000002
0.03000000000000002
0.022000000000000013
0.01800000000000001
-0.010000000000000002
0.03000000000000002
-0.06500000000000004
-0.008
-0.015000000000000006
-0.017000000000000008
-0.03900000000000003
-0.014000000000000005
0.009000000000000001
0.001
-0.001
-0.023000000000000013
0.0
0.0
0.0
0.0
0.0
0.0
-0.002
-0.015000000000000006
-0.028000000000000018
-0.01800000000000001
-0.046000000000000034
-0.005
0.014000000000000005
0.03000000000000002
-0.004
0.012000000000000004
0.007
0.03400000000000002
0.01900000000000001
-0.008
-0.04300000000000003
0.009000000000000001
0.05000000000000004
0.001
-0.028000000000000018
-0.002
0.02000000000000001
0.0
-0.002
0.0
0.0
0.0
0.0
0.0
0.0
0.010000000000000002
-0.004
-0.001
-0.015000000000000006
-0.003
0.007
0.03000000000000002
0.07400000000000005
0.03200000000000002
0.001
0.016000000000000007
-0.006
0.028000000000000018
0.009000000000000001
-0.048000000000000036
0.025000000000000015
-0.01800000000000001
0.002
-0.001
-0.003
0.02100000000000001
0.0
-0.002
0.0
0.0
0.0
0.0
0.0
-0.002
0.003
0.013000000000000005
-0.008
0.01900000000000001
0.022000000000000013
0.013000000000000005
-0.007
0.035000000000000024
0.012000000000000004
0.016000000000000007
-0.025000000000000015
0.016000000000000007
-0.005
-0.01900000000000001
-0.022000000000000013
-0.015000000000000006
-0.024000000000000014
-0.001
-0.016000000000000007
0.004
0.003
-0.001
-0.003
-0.010000000000000002
0.0
0.0
0.0
0.0
-0.003
-0.007
0.002
-0.036000000000000025
0.03000000000000002
0.014000000000000005
-0.003
0.04000000000000003
0.001
-0.001
-0.001
-0.03400000000000002
-0.012000000000000004
-0.02100000000000001
-0.013000000000000005
-0.03300000000000002
-0.02100000000000001
0.003
0.017000000000000008
-0.008
0.002
0.006
-0.001
0.0
-0.010000000000000002
0.0
0.0
0.0
-0.001
-0.003
-0.008
-0.011000000000000003
-0.02000000000000001
0.002
-0.003
0.024000000000000014
0.017000000000000008
-0.024000000000000014
-0.03800000000000003
-0.008
0.022000000000000013
-0.05400000000000004
-0.03000000000000002
0.024000000000000014
-0.009000000000000001
0.017000000000000008
-0.014000000000000005
0.008
-0.003
0.03000000000000002
-0.012000000000000004
-0.010000000000000002
0.0
0.0
0.0
0.0
0.0
0.0
-0.004
-0.011000000000000003
0.015000000000000006
-0.015000000000000006
-0.003
0.01800000000000001
-0.035000000000000024
-0.009000000000000001
-0.027000000000000017
-0.026000000000000016
0.0
-0.008
-0.008
0.007
0.036000000000000025
0.003
0.003
-0.001
-0.007
-0.005
0.03400000000000002
-0.02100000000000001
-0.012000000000000004
0.0
0.0
0.0
0.0
0.0
0.0
-0.004
-0.02100000000000001
0.001
-0.016000000000000007
-0.008
0.02100000000000001
-0.010000000000000002
0.008
-0.02000000000000001
0.06200000000000004
0.01900000000000001
0.004
0.024000000000000014
0.011000000000000003
0.012000000000000004
0.02100000000000001
-0.003
-0.001
-0.028000000000000018
0.016000000000000007
-0.006
-0.01800000000000001
-0.009000000000000001
0.0
0.0
0.0
0.0
0.0
0.0
-0.006
-0.017000000000000008
0.010000000000000002
0.002
0.023000000000000013
-0.028000000000000018
-0.06200000000000004
-0.028000000000000018
0.008
0.01800000000000001
0.05000000000000004
-0.011000000000000003
-0.025000000000000015
0.001
0.02100000000000001
-0.002
-0.012000000000000004
-0.03800000000000003
-0.006
0.012000000000000004
-0.010000000000000002
-0.008
0.0
0.0
0.0
0.0
0.0
0.0
0.0
-0.004
-0.005
-0.007
-0.028000000000000018
-0.03400000000000002
-0.015000000000000006
0.02000000000000001
-0.006
0.001
0.004
0.007
0.03200000000000002
-0.001
0.028000000000000018
0.048000000000000036
0.047000000000000035
0.023000000000000013
0.022000000000000013
0.014000000000000005
-0.001
-0.009000000000000001
0.0
0.0
0.0
0.0
0.0
0.0
0.0
0.0
0.0
0.0
-0.001
-0.005
-0.017000000000000008
-0.01900000000000001
-0.013000000000000005
-0.028000000000000018
-0.008
-0.015000000000000006
-0.023000000000000013
0.010000000000000002
0.02900000000000002
0.004
-0.002
0.0
0.007
0.007
-0.001
0.0
-0.006
-0.006
0.0
0.0
0.0
0.0
0.0
0.0
0.0
0.0
0.0
0.0
-0.001
-0.001
-0.001
-0.004
-0.005
-0.007
-0.007
-0.010000000000000002
-0.009000000000000001
-0.006
-0.002
-0.001
-0.001
0.0
0.0
0.0
0.0
0.0
0.0
0.0
0.0
0.0
0.0
0.0
