-396.94599999752535
0.0
0.0
0.0
0.0
0.0
0.0
0.0
0.0
0.0
0.0
0.0
0.0
0.0
0.0
0.0
0.0
0.0
0.0
0.0
0.0
0.0
0.0
0.0
0.0
0.0
0.0
0.0
0.0
0.0
0.0
0.0
0.0
0.0
0.0
0.0
0.0
0.0
0.0
0.0
0.0
0.0
-0.001
-0.001
-0.001
0.0
0.0
0.0
0.0
0.0
0.0
0.0
0.0
0.0
0.0
0.0
0.0
0.0
0.0
0.0
0.0
0.0
0.0
0.0
0.0
0.0
0.0
0.0
0.0
0.0
0.0
-0.001
-0.001
-0.001
-0.004
-0.004
-0.004
0.0
-0.5460000000000004
0.0
0.0
0.0
-0.5460000000000004
-0.5460000000000004
0.0
0.0
0.0
0.0
0.0
0.0
0.0
0.0
0.0
0.0
0.0
0.0
-1.5189999999999435
-4.774999999999929
5.223000000000079
5.223000000000079
4.823999999999946
11.042999999999319
2.9399999999997872
1.6909999999999246
-5.319000000000111
-2.406999999999846
0.03900000000000003
4.151999999999721
0.009000000000000001
-0.002
-0.001
-0.5470000000000004
-0.5460000000000004
0.0
0.0
0.0
0.0
0.0
0.0
0.0
0.0
0.0
-0.004
-2.2189999999998666
4.5179999999998435
0.24000000000000019
4.752999999999922
-5.071000000000028
3.040999999999776
-0.3020000000000002
0.44500000000000034
-0.3180000000000002
5.064000000000026
-4.95699999999999
4.189999999999734
-3.2179999999997566
7.935000000000985
-0.7040000000000005
6.822000000000613
10.28199999999974
1.2829999999999695
2.8839999999997934
0.0
0.0
0.0
0.0
0.0
0.0
0.0
0.0
0.0
-2.2199999999998665
0.7110000000000005
6.422000000000479
-0.3150000000000002
0.12600000000000008
4.713999999999909
9.38100000000024
2.434999999999843
7.167000000000728
6.815000000000611
2.207999999999868
14.723999999997279
18.02799999999905
-13.658999999997869
10.166999999999804
-2.3179999999998557
22.409000000004404
4.079999999999697
-10.19399999999979
-3.9429999999996768
1.532999999999942
1.5339999999999419
0.0
0.0
0.0
0.0
0.0
0.0
2.4379999999998425
-4.000999999999671
-5.143000000000052
-1.849999999999907
-11.901999999998843
-4.223999999999745
-13.522999999997944
13.569999999997918
12.80999999999834
14.789999999997242
5.230000000000081
-3.7159999999997018
7.7850000000009345
-1.2539999999999727
5.6530000000002225
4.470999999999828
-1.177999999999981
5.308000000000107
-6.797000000000605
12.822999999998332
-2.7639999999998066
-13.954999999997705
6.000000000000338
5.329000000000114
0.0
0.0
0.0
0.0
0.0
-6.882000000000633
-11.110999999999281
-12.912999999998283
4.736999999999917
10.086999999999849
-7.215000000000744
-13.833999999997772
3.566999999999718
-14.36099999999748
8.527000000000713
3.893999999999682
0.2970000000000002
-0.6150000000000004
-1.8109999999999113
-3.775999999999695
9.90299999999995
3.087999999999771
5.888000000000301
-2.1119999999998784
-2.2659999999998615
3.82199999999969
-9.48800000000018
5.997000000000337
5.329000000000114
0.0
0.0
0.0
0.0
-0.001
-11.261999999999198
0.9240000000000007
8.94800000000048
12.514999999998503
2.0569999999998845
11.465999999999084
2.5269999999998327
1.2489999999999732
17.334999999998203
-10.19199999999979
-8.237000000000874
-2.134999999999876
2.4759999999998383
1.813999999999911
-5.079000000000031
4.842999999999952
-7.154000000000724
0.8660000000000007
-7.487000000000835
8.920000000000496
10.547999999999593
-5.565000000000193
8.078000000000962
2.752999999999808
0.0
0.0
0.0
0.0
-0.001
-4.995000000000003
-2.8829999999997935
3.341999999999743
-11.028999999999327
11.559999999999032
17.820999999998797
3.8259999999996896
6.600000000000539
0.8010000000000006
-5.318000000000111
7.849000000000956
-3.749999999999698
10.921999999999386
5.5450000000001864
-1.0439999999999958
15.225999999997
0.6930000000000005
-3.7749999999996953
0.001
8.98500000000046
9.788000000000014
-6.003000000000339
2.7479999999998084
0.0
0.0
0.0
0.0
0.0
-0.002
5.220000000000078
-1.4629999999999497
10.890999999999403
5.986000000000334
-9.9939999999999
10.602999999999563
-9.649000000000092
13.490999999997962
7.151000000000723
5.064000000000026
-0.35000000000000026
-2.2729999999998607
0.9070000000000007
-1.3399999999999632
3.858999999999686
-8.481000000000739
14.21799999999756
13.04299999999821
19.430000000000764
9.54500000000015
-10.977999999999355
-3.9379999999996773
-0.002
0.0
0.0
0.0
0.0
0.0
-0.002
5.516000000000177
4.0749999999996955
6.277000000000431
-0.7220000000000005
-6.238000000000418
-9.97499999999991
12.794999999998348
0.6040000000000004
6.356000000000457
5.246000000000087
8.711000000000611
-1.1349999999999858
-3.866999999999685
-7.146000000000721
1.4849999999999473
13.935999999997716
-1.1629999999999827
-1.7299999999999203
3.3939999999997372
-4.486999999999833
1.1749999999999814
1.5999999999999346
-0.002
0.0
0.0
0.0
0.0
0.0
-0.002
3.230999999999755
5.79400000000027
9.536000000000154
6.6800000000005655
2.8929999999997924
3.0629999999997737
7.073000000000697
3.938999999999677
2.5289999999998325
9.746000000000038
5.401000000000138
2.5659999999998284
7.840000000000953
5.499000000000171
-16.516999999997203
12.486999999998519
9.100000000000396
-1.195999999999979
-1.2589999999999721
1.6369999999999305
9.152000000000367
0.2800000000000002
0.0
0.0
0.0
0.0
0.0
0.0
-0.001
5.1290000000000475
-4.182999999999732
1.2629999999999717
-0.7810000000000006
1.64099999999993
-10.016999999999888
14.171999999997585
12.115999999998724
3.357999999999741
14.773999999997251
11.572999999999025
7.613000000000877
16.822999999997577
3.2639999999997515
-16.07199999999666
-12.550999999998483
4.652999999999889
3.18699999999976
13.430999999997995
-6.326000000000447
-0.9230000000000007
4.827999999999947
0.0
0.0
0.0
0.0
0.0
0.0
0.0
-3.784999999999694
-5.514000000000176
-4.129999999999714
4.480999999999831
-8.195000000000897
1.468999999999949
4.905999999999973
-3.158999999999763
4.602999999999872
1.068999999999993
2.5459999999998306
22.571000000004602
13.577999999997914
10.989999999999348
2.2309999999998653
10.905999999999395
-15.11899999999706
-10.405999999999672
-5.351000000000122
4.841999999999952
-1.360999999999961
5.284000000000099
-0.002
0.0
0.0
0.0
0.0
0.0
0.0
-0.007
-20.297000000001823
-1.015999999999999
-18.85300000000006
1.767999999999916
-11.512999999999058
1.4109999999999554
4.253999999999755
18.107999999999148
11.823999999998886
12.236999999998657
13.473999999997972
5.339000000000118
1.1809999999999807
-7.41300000000081
-10.007999999999893
-1.6539999999999286
-5.636000000000217
-0.02900000000000002
7.11400000000071
0.5820000000000004
-2.068999999999883
-0.012000000000000004
0.0
0.0
0.0
0.0
0.0
0.0
0.7100000000000005
-8.933000000000488
0.5580000000000004
-8.548000000000702
-8.350000000000811
-0.25100000000000017
0.12600000000000008
7.058000000000692
4.039999999999684
17.132999999997956
3.4929999999997263
10.416999999999666
2.232999999999865
-7.8240000000009475
-1.6109999999999334
-3.7919999999996934
6.768000000000595
7.717000000000912
-4.067999999999693
3.09799999999977
3.2029999999997583
-0.002
-0.001
0.0
0.0
0.0
0.0
0.0
0.0
1.0409999999999962
8.631000000000656
-4.319999999999777
10.598999999999565
-6.0780000000003644
14.460999999997425
1.6929999999999243
15.752999999996709
1.09599999999999
2.651999999999819
-0.5520000000000004
-5.148000000000054
8.332000000000821
9.079000000000407
-12.994999999998237
-6.921000000000646
-4.503999999999839
-11.209999999999226
-0.027000000000000017
5.116000000000043
5.050000000000021
-0.003
-0.001
0.0
0.0
0.0
0.0
0.0
-0.001
-1.169999999999982
3.414999999999735
-5.70500000000024
-1.304999999999967
4.579999999999864
-1.1529999999999838
4.389999999999801
11.812999999998892
3.059999999999774
17.75799999999872
2.7119999999998123
3.493999999999726
0.5410000000000004
-3.2259999999997557
-13.049999999998207
-4.426999999999813
-3.049999999999775
-1.8839999999999033
1.3619999999999608
2.0909999999998807
3.6079999999997137
-0.7080000000000005
-0.001
-3.0999999999997696
0.0
0.0
0.0
0.0
-3.039999999999776
-10.241999999999763
11.262999999999197
-9.92299999999994
1.2819999999999696
6.427000000000481
12.071999999998749
7.479000000000832
-2.253999999999863
-4.26699999999976
9.386000000000237
-12.238999999998656
4.174999999999729
-1.876999999999904
-0.7620000000000007
0.45600000000000035
-17.989999999999004
1.6639999999999275
3.5739999999997174
7.721000000000913
-2.4309999999998433
1.1499999999999841
-1.287999999999969
0.0
-3.0999999999997696
0.0
0.0
0.0
-0.001
-3.041999999999776
-9.520000000000163
3.2619999999997518
-1.9119999999999002
3.868999999999685
-12.955999999998259
9.530000000000157
2.760999999999807
-2.91299999999979
-7.690000000000903
-1.007
0.11700000000000008
-20.79400000000243
-9.072000000000411
9.403000000000228
-3.8079999999996916
7.507000000000842
-3.3189999999997455
-13.335999999998048
13.422999999998
0.11500000000000009
-7.2730000000007635
-4.539999999999851
0.0
0.0
0.0
0.0
0.0
-0.001
-3.040999999999776
-8.69500000000062
0.9220000000000007
9.61700000000011
-6.950000000000656
8.195000000000897
-16.78499999999753
-0.9600000000000007
0.08200000000000006
-3.5479999999997203
-0.5350000000000004
-3.0209999999997783
-3.8749999999996843
6.122000000000379
11.212999999999225
1.4839999999999474
-0.06500000000000004
-11.092999999999291
-0.2980000000000002
-4.291999999999768
-8.38900000000079
-5.859000000000291
-3.2559999999997524
0.0
0.0
0.0
0.0
0.0
-0.001
-0.002
-6.87300000000063
-4.860999999999958
-8.685000000000626
9.457000000000198
9.11100000000039
-15.127999999997055
11.40099999999912
-3.4639999999997295
10.182999999999796
5.94400000000032
4.203999999999739
-5.092000000000035
-2.768999999999806
-1.2529999999999728
7.507000000000842
-0.6080000000000004
8.499000000000729
-7.6890000000009024
-0.7300000000000005
-5.1620000000000585
-5.1530000000000555
-3.2559999999997524
0.0
0.0
0.0
0.0
0.0
0.0
-0.001
-7.2040000000007405
-8.276000000000852
-4.0269999999996795
-3.242999999999754
6.352000000000456
-14.641999999997324
-9.4530000000002
0.4040000000000003
13.923999999997722
15.903999999996625
3.305999999999747
6.040000000000352
2.2679999999998612
-4.933999999999982
9.041000000000428
7.0820000000007
-8.362000000000805
-4.264999999999759
-1.540999999999941
-1.9139999999999
-2.5849999999998263
0.0
0.0
0.0
0.0
0.0
0.0
0.0
0.0
-0.012000000000000004
1.3479999999999623
5.447000000000154
-3.976999999999673
-0.2930000000000002
-0.9630000000000007
2.09599999999988
-7.993000000001004
8.013000000000998
-0.8350000000000006
3.4809999999997276
-5.460000000000158
7.458000000000825
5.837000000000284
16.71899999999745
17.318999999998184
9.722000000000051
8.801000000000561
-3.469999999999729
-4.257999999999757
0.0
0.0
0.0
0.0
0.0
0.0
0.0
0.0
0.0
0.0
-0.008
-1.923999999999899
1.604999999999934
1.5429999999999409
0.8710000000000007
1.4289999999999534
-6.474000000000497
-1.3549999999999616
-1.9389999999998973
-1.0479999999999954
0.23400000000000018
-5.301000000000105
-1.5739999999999374
-1.568999999999938
0.007
0.003
0.0
0.0
-3.041999999999776
-3.041999999999776
0.0
0.0
0.0
0.0
0.0
0.0
0.0
0.0
0.0
-0.001
-0.002
-0.003
-0.07100000000000005
-0.23000000000000018
-2.624999999999822
-2.5579999999998293
-2.397999999999847
-2.398999999999847
-2.398999999999847
-2.398999999999847
-0.002
-0.001
0.0
0.0
0.0
0.02100000000000001
0.02100000000000001
0.02100000000000001
0.0
0.0
0.0
0.0
0.0
0.0
