-41.32999999999438
0.0
0.0
0.0
0.0
0.0
0.0
0.0
0.0
0.0
0.0
0.0
0.0
0.0
0.0
0.0
0.0
0.0
0.0
0.0
0.0
0.0
0.0
0.0
0.0
0.0
0.0
0.0
0.0
0.0
0.0
0.0
0.0
0.0
0.0
0.0
0.0
0.0
0.0
0.0
0.0
0.0
0.0
0.0
0.0
0.0
0.0
0.0
0.0
0.0
0.0
0.0
0.0
0.0
0.0
0.0
0.0
0.0
0.0
0.0
0.0
0.0
0.0
0.0
0.0
0.0
0.0
0.0
0.0
0.0
0.0
0.0
-0.001
-0.001
0.0
-0.010000000000000002
-0.010000000000000002
0.0
0.0
0.0
0.0
0.0
0.0
0.0
0.0
0.0
0.0
0.0
0.0
0.0
0.0
0.0
0.0
0.0
0.0
0.0
-0.11600000000000009
-0.22100000000000017
-0.22100000000000017
-0.22100000000000017
-0.20300000000000015
0.6450000000000005
-0.19100000000000014
1.5159999999999438
0.35100000000000026
-0.2590000000000002
0.5440000000000004
0.02900000000000002
-0.10900000000000008
-0.014000000000000005
-0.002
0.0
0.0
0.0
0.0
0.0
0.0
0.0
0.0
0.0
0.0
0.0
-0.2610000000000002
-0.2830000000000002
0.32400000000000023
-0.16800000000000012
0.5190000000000003
-1.1179999999999877
0.21400000000000016
-1.4199999999999544
0.44300000000000034
0.8290000000000006
-0.6160000000000004
-1.1909999999999796
0.7490000000000006
0.43900000000000033
1.6739999999999264
0.5970000000000004
0.6730000000000005
0.8810000000000007
0.6500000000000005
0.47000000000000036
0.0
0.0
0.0
0.0
0.0
0.0
0.0
0.0
0.0
-0.2840000000000002
0.0
0.32100000000000023
0.2780000000000002
-0.6310000000000004
0.21100000000000016
0.6180000000000004
0.07900000000000006
1.2019999999999784
0.6740000000000005
0.7390000000000005
1.0229999999999981
2.09699999999988
-1.2949999999999682
-0.47800000000000037
-0.6370000000000005
2.0939999999998804
0.05400000000000004
-1.3949999999999572
-0.4240000000000003
0.06200000000000005
0.06300000000000004
0.0
0.0
0.0
0.0
0.0
0.0
-0.08200000000000006
-0.5460000000000004
-0.24900000000000017
0.047000000000000035
-0.5790000000000004
0.09200000000000007
-1.1559999999999835
0.8510000000000006
1.342999999999963
1.0669999999999933
-0.10400000000000008
-0.32100000000000023
1.168999999999982
0.5470000000000004
0.9310000000000007
-1.1179999999999877
0.5540000000000004
-0.2990000000000002
-0.20600000000000016
1.6439999999999297
-0.5600000000000004
-1.396999999999957
0.6450000000000005
0.5790000000000004
0.0
0.0
0.0
0.0
0.0
-0.08400000000000006
-0.6510000000000005
-0.7500000000000006
0.49900000000000033
1.7809999999999147
-0.3150000000000002
-1.0539999999999947
0.06800000000000005
-0.8480000000000006
1.1819999999999806
0.1390000000000001
-0.7570000000000006
1.1219999999999872
-0.6630000000000005
-0.20600000000000016
0.7550000000000006
-0.1320000000000001
1.2219999999999762
0.2420000000000002
-0.36800000000000027
0.23900000000000018
-0.8140000000000006
0.6400000000000005
0.5790000000000004
0.0
0.0
0.0
0.0
0.0
-0.3160000000000002
0.09300000000000007
0.33200000000000024
1.3169999999999658
0.1510000000000001
-0.3040000000000002
2.3769999999998492
0.20200000000000015
1.3729999999999596
-1.0319999999999971
-0.4950000000000004
0.34700000000000025
-0.22200000000000017
-0.8430000000000006
0.47300000000000036
-0.21000000000000016
-0.2830000000000002
0.2790000000000002
-0.1350000000000001
1.1179999999999877
0.4830000000000004
-1.007
0.5740000000000004
0.0
0.0
0.0
0.0
0.0
0.0
0.6060000000000004
-0.3760000000000003
-0.08600000000000006
-0.9840000000000008
1.2259999999999758
0.7390000000000005
0.06400000000000004
1.2199999999999764
-1.2759999999999703
-0.4070000000000003
1.2369999999999746
-0.43900000000000033
1.4389999999999523
0.4970000000000004
-0.1290000000000001
1.2719999999999707
0.5660000000000004
-1.295999999999968
0.48000000000000037
1.8349999999999087
1.196999999999979
-0.7950000000000006
-0.008
0.0
0.0
0.0
0.0
0.0
-0.003
0.6000000000000004
-0.4980000000000004
0.9870000000000008
0.7120000000000005
0.9100000000000007
0.10600000000000008
0.8600000000000007
0.7110000000000005
-0.06900000000000005
0.5050000000000003
0.3750000000000003
-1.659999999999928
-0.04000000000000003
-0.2410000000000002
-0.3150000000000002
-0.6110000000000004
2.524999999999833
1.0299999999999974
1.6079999999999337
1.18699999999998
-0.7320000000000005
-0.36700000000000027
0.0
0.0
0.0
0.0
0.0
0.0
-0.003
0.35900000000000026
-0.10200000000000008
0.7490000000000006
-0.5070000000000003
-1.3299999999999643
-1.794999999999913
1.9169999999998997
-0.025000000000000015
0.44200000000000034
0.7820000000000006
0.9520000000000007
-0.18800000000000014
0.2750000000000002
-1.104999999999989
0.5600000000000004
1.5649999999999384
0.6600000000000005
-0.04200000000000002
0.007
0.03000000000000002
0.3050000000000002
-0.1440000000000001
0.0
0.0
0.0
0.0
0.0
0.0
-0.001
0.6850000000000005
0.06400000000000004
0.44900000000000034
0.5710000000000004
0.2820000000000002
1.0199999999999985
0.2870000000000002
0.8090000000000006
0.34700000000000025
0.2640000000000002
0.19000000000000014
1.0759999999999923
1.286999999999969
-0.6880000000000005
-0.9040000000000007
0.10400000000000008
1.313999999999966
-0.48000000000000037
0.07300000000000005
0.2460000000000002
0.8080000000000006
0.18500000000000014
0.0
0.0
0.0
0.0
0.0
0.0
-0.001
0.6960000000000005
0.035000000000000024
-0.21200000000000016
-0.18200000000000013
0.047000000000000035
-0.4850000000000004
0.07800000000000006
0.9470000000000007
0.06200000000000004
1.440999999999952
1.5079999999999447
-0.005
1.2389999999999743
0.3800000000000003
-2.0459999999998857
-0.05800000000000005
-0.05200000000000004
0.05300000000000003
1.0079999999999998
-0.2910000000000002
-0.19700000000000015
0.8240000000000006
0.0
0.0
0.0
0.0
0.0
0.0
0.0
-0.004
-0.06100000000000004
-0.4880000000000004
-0.21500000000000016
-0.8620000000000007
-0.18600000000000014
1.8709999999999047
0.7380000000000005
0.7530000000000006
0.44300000000000034
0.20400000000000015
3.1079999999997687
2.3209999999998554
0.8690000000000007
-0.9540000000000007
1.378999999999959
-1.7539999999999176
-0.6770000000000005
-0.6540000000000005
-0.19100000000000014
0.2930000000000002
0.8140000000000006
-0.010000000000000002
0.0
0.0
0.0
0.0
0.0
0.0
-0.001
-1.4619999999999498
0.12400000000000008
-1.3249999999999649
-0.6290000000000004
-0.16100000000000012
0.6030000000000004
0.8010000000000006
1.2369999999999746
0.7410000000000005
1.0319999999999971
1.949999999999896
-0.4010000000000003
-0.36300000000000027
0.5240000000000004
-0.47800000000000037
-0.7540000000000006
-0.7460000000000006
-0.5650000000000004
0.25100000000000017
0.2970000000000002
-0.009000000000000001
-0.04300000000000003
0.0
0.0
0.0
0.0
0.0
0.0
0.1420000000000001
-0.6640000000000005
0.16300000000000012
-0.05200000000000004
-0.9310000000000007
-0.5570000000000004
-0.2730000000000002
0.46400000000000036
0.6780000000000005
0.7000000000000005
0.4160000000000003
0.5200000000000004
-0.3800000000000003
-0.6900000000000005
-0.11400000000000009
-0.23100000000000018
-0.1580000000000001
0.9070000000000007
0.21600000000000016
0.16400000000000012
0.23600000000000018
-0.011000000000000003
-0.009000000000000001
0.0
0.0
0.0
0.0
0.0
-0.001
0.16400000000000012
0.6700000000000005
-0.47700000000000037
0.5690000000000004
-0.6700000000000005
0.5640000000000004
0.7840000000000006
0.4830000000000004
1.996999999999891
1.1089999999999887
0.1330000000000001
0.07200000000000005
-0.025000000000000015
1.3369999999999636
-1.6069999999999338
-1.0020000000000004
0.3700000000000003
-0.8360000000000006
0.4240000000000003
0.47400000000000037
0.6040000000000004
-0.011000000000000003
-0.009000000000000001
0.0
0.0
0.0
0.0
0.0
-0.007
0.1400000000000001
0.5020000000000003
-0.7340000000000005
-0.7010000000000005
0.6160000000000004
-0.23300000000000018
1.1009999999999895
0.9360000000000007
2.2019999999998685
0.7110000000000005
-0.004
0.6610000000000005
0.044000000000000025
-0.4840000000000004
-0.8480000000000006
-0.45600000000000035
-0.44700000000000034
-0.5920000000000004
0.20400000000000015
0.004
-0.10300000000000008
-0.11600000000000009
-0.009000000000000001
-0.01900000000000001
0.0
0.0
0.0
0.0
-0.5140000000000003
-1.2859999999999692
0.5760000000000004
-0.4250000000000003
0.3140000000000002
1.2309999999999752
0.7930000000000006
1.2549999999999726
-1.6309999999999312
-0.4000000000000003
0.8350000000000006
-1.5549999999999395
0.46000000000000035
-0.6310000000000004
0.06600000000000004
-0.16900000000000012
-1.7839999999999143
0.7110000000000005
-0.06200000000000004
0.2690000000000002
-0.18800000000000014
0.4820000000000004
-0.1350000000000001
-0.001
-0.01900000000000001
0.0
0.0
0.0
0.0
-0.5140000000000003
-1.015999999999999
0.01800000000000001
-0.006
-0.8370000000000006
-0.7630000000000006
0.6610000000000005
0.7400000000000005
-0.9400000000000007
-0.45800000000000035
-0.07900000000000006
0.7580000000000006
-1.713999999999922
-0.8510000000000006
0.20600000000000016
-1.2019999999999784
0.3820000000000003
0.6910000000000005
-0.9690000000000007
0.44800000000000034
0.07000000000000005
-0.5120000000000003
-0.23900000000000018
-0.001
0.0
0.0
0.0
0.0
0.0
-0.5090000000000003
-1.286999999999969
0.7810000000000006
0.8160000000000006
-0.25400000000000017
0.2920000000000002
-1.849999999999907
-0.03100000000000002
-0.4020000000000003
-0.4110000000000003
-0.03300000000000002
-0.6050000000000004
0.2930000000000002
1.1759999999999813
1.6819999999999256
1.0499999999999952
-0.5260000000000004
0.03700000000000002
-0.34400000000000025
-0.3930000000000003
-0.07600000000000005
-0.4900000000000004
-0.10600000000000008
-0.001
0.0
0.0
0.0
0.0
0.0
-0.001
-0.6470000000000005
-0.47800000000000037
-1.1769999999999812
0.8290000000000006
1.0579999999999943
0.2620000000000002
1.6919999999999245
-0.9270000000000007
2.025999999999888
1.55099999999994
0.6740000000000005
-1.0309999999999973
-0.056000000000000036
-0.33500000000000024
0.24800000000000016
-0.35900000000000026
-0.052000000000000046
-0.012000000000000004
-0.5630000000000004
-0.2930000000000002
-0.3720000000000003
-0.10400000000000008
0.0
0.0
0.0
0.0
0.0
0.0
-0.004
-0.6600000000000005
-1.3029999999999673
-0.1290000000000001
0.10300000000000008
0.7050000000000005
-2.3549999999998517
-1.4999999999999456
1.1359999999999857
-0.16500000000000012
1.5039999999999452
0.5940000000000004
0.7280000000000005
-0.47600000000000037
0.36300000000000027
0.7050000000000005
1.1449999999999847
-1.068999999999993
0.2890000000000002
-0.1530000000000001
-0.2690000000000002
-0.1360000000000001
0.0
0.0
0.0
0.0
0.0
0.0
0.0
-0.004
-0.009000000000000001
-0.16900000000000012
0.1550000000000001
-1.0829999999999915
-0.3980000000000003
-0.3090000000000002
-0.04600000000000003
-0.7510000000000006
0.5320000000000004
0.06900000000000005
0.2890000000000002
-0.33100000000000024
1.3619999999999608
0.8570000000000007
1.2169999999999768
1.033999999999997
1.0899999999999908
1.1989999999999787
0.06900000000000005
-0.1550000000000001
0.0
0.0
0.0
0.0
0.0
0.0
0.0
0.0
0.0
-0.001
-0.004
-0.06800000000000005
-0.1410000000000001
-0.1420000000000001
-0.028000000000000018
-1.007
-0.7310000000000005
-0.5640000000000004
-0.6420000000000005
0.03900000000000003
-0.2450000000000002
-0.2970000000000002
0.035000000000000024
0.04400000000000003
0.006
0.0
0.0
0.0
0.0
0.0
0.0
0.0
0.0
0.0
0.0
0.0
0.0
0.0
-0.001
-0.001
-0.001
0.0
-0.002
-0.004
-0.004
-0.004
-0.005
-0.005
-0.006
-0.003
-0.002
-0.002
-0.001
0.0
0.0
0.2870000000000002
0.2870000000000002
0.2870000000000002
0.0
0.0
0.0
0.0
0.0
0.0
