-294.9859999999364
0.0
0.0
0.0
0.0
0.0
0.0
0.0
0.0
0.0
0.0
0.0
0.0
0.0
0.0
0.0
0.0
0.0
0.0
0.0
0.0
0.0
0.0
0.0
0.0
0.0
0.0
0.0
0.0
0.0
0.0
0.0
0.0
0.0
0.0
0.0
0.0
0.0
0.0
0.0
0.0
0.0
0.0
0.0
0.0
0.0
0.0
0.0
0.0
0.0
0.0
0.0
0.0
0.0
0.0
0.0
0.0
0.0
0.0
0.0
0.0
0.0
0.0
0.0
0.0
0.0
-0.003
-0.003
-0.003
-0.003
-0.003
-0.003
-0.9370000000000007
-0.9380000000000007
-0.9450000000000007
-0.9450000000000007
-0.9440000000000007
-0.001
-0.004
0.0
0.0
0.0
-0.004
-0.004
0.0
0.0
0.0
0.0
0.0
0.0
0.0
0.0
0.0
0.0
0.0
-0.003
-3.204999999999758
-3.204999999999758
4.978999999999997
3.7259999999997007
0.8930000000000007
6.536000000000517
3.18699999999976
6.307000000000441
1.5739999999999374
-0.6450000000000005
3.7929999999996933
-0.8100000000000006
-1.704999999999923
-1.7089999999999226
-0.003
-0.004
-0.004
0.0
0.0
0.0
0.0
0.0
0.0
0.0
0.0
-0.001
-1.795999999999913
-1.805999999999912
-0.001
7.2640000000007605
4.319999999999777
-0.8910000000000007
4.810999999999941
-1.0199999999999985
-0.22600000000000017
1.0949999999999902
2.2109999999998675
-8.993000000000455
7.11300000000071
-1.496999999999946
6.160000000000392
-2.6039999999998242
4.6439999999998856
6.945000000000654
5.411000000000142
2.8449999999997977
0.0
0.0
0.0
0.0
0.0
0.0
0.0
0.0
0.0
-1.805999999999912
-2.0589999999998843
4.445999999999819
0.013000000000000005
-1.4639999999999496
9.888999999999958
5.5600000000001915
-4.906999999999973
8.960000000000473
-0.4870000000000004
2.4109999999998455
5.1740000000000625
13.083999999998188
-2.724999999999811
5.258000000000091
-6.370000000000462
16.184999999996798
4.794999999999936
-7.910000000000976
-4.235999999999749
1.5859999999999361
1.586999999999936
0.0
0.0
0.0
0.0
0.0
0.0
-2.051999999999885
-3.157999999999763
-1.8909999999999025
-1.2929999999999684
-4.530999999999848
-1.9289999999998984
-1.5609999999999389
7.709000000000909
7.527000000000848
7.457000000000825
5.43600000000015
-7.212000000000743
6.287000000000434
1.559999999999939
4.420999999999811
2.5389999999998314
-2.197999999999869
-6.253000000000423
-0.4850000000000004
8.718000000000607
-5.782000000000266
-9.30800000000028
3.7189999999997014
3.7259999999997007
0.0
0.0
0.0
0.0
0.0
-9.38200000000024
-8.481000000000739
-9.649000000000092
0.45700000000000035
6.99300000000067
-5.485000000000166
-11.728999999998939
2.687999999999815
-9.232000000000323
8.368000000000801
3.1279999999997665
-9.321000000000273
1.9989999999998909
1.3449999999999627
-1.6519999999999289
9.32700000000027
3.794999999999693
0.8700000000000007
0.16900000000000012
-13.742999999997823
-4.554999999999856
-9.972999999999912
3.7199999999997013
3.7259999999997007
0.0
0.0
0.0
0.0
0.0
-8.20700000000089
-1.6279999999999315
-0.2890000000000002
11.631999999998992
-6.581000000000532
13.009999999998229
7.511000000000843
0.6480000000000005
11.443999999999097
-3.2009999999997585
-6.658000000000558
-4.509999999999841
-6.098000000000371
2.4739999999998386
-3.415999999999735
-1.0479999999999954
-2.843999999999798
0.8640000000000007
0.8010000000000006
13.632999999997883
6.914000000000644
-0.8920000000000007
4.513999999999842
0.7870000000000006
0.0
0.0
0.0
0.0
-0.004
-3.7619999999996967
0.17900000000000013
-1.4169999999999547
-4.325999999999779
7.826000000000948
7.384000000000801
4.0569999999996895
4.471999999999828
-1.850999999999907
-0.5890000000000004
5.6740000000002295
-1.5979999999999348
9.133000000000377
2.177999999999871
-3.1939999999997593
12.363999999998587
3.6719999999997066
-2.905999999999791
3.748999999999698
13.307999999998064
10.21199999999978
0.6620000000000005
0.6660000000000005
0.0
0.0
0.0
0.0
0.0
0.0
3.9659999999996742
0.8270000000000006
5.261000000000092
7.075000000000697
-7.7070000000009085
3.487999999999727
0.2730000000000002
6.6410000000005525
4.346999999999786
-4.832999999999949
0.2910000000000002
-5.1170000000000435
0.8110000000000006
-4.02899999999968
4.359999999999791
-5.776000000000264
12.166999999998696
3.349999999999742
3.9899999999996716
3.740999999999699
-13.535999999997937
-7.2280000000007485
0.0
0.0
0.0
0.0
0.0
0.0
0.0
4.5329999999998485
5.723000000000246
4.849999999999954
-2.5539999999998297
-1.8119999999999112
-10.62699999999955
11.442999999999097
-0.8530000000000006
8.647000000000647
6.057000000000357
10.758999999999476
-0.5640000000000004
-3.7539999999996976
-6.358000000000458
2.125999999999877
6.311000000000442
-0.5400000000000004
1.0989999999999898
7.856000000000958
5.291000000000102
-2.5559999999998295
2.498999999999836
0.001
0.001
0.0
0.0
0.0
0.0
0.0
2.014999999999889
3.6889999999997047
10.423999999999662
-2.841999999999798
1.1929999999999794
7.027000000000681
1.1019999999999894
6.294000000000437
2.7939999999998033
4.760999999999925
0.24700000000000016
8.560000000000695
0.7330000000000005
3.7309999999997
-10.053999999999867
7.897000000000972
6.651000000000556
6.00600000000034
4.821999999999945
-2.931999999999788
5.2850000000001
-1.468999999999949
0.001
0.001
0.0
0.0
0.0
0.0
0.0
2.852999999999797
-4.479999999999831
4.292999999999768
0.8510000000000006
-2.45899999999984
-5.491000000000168
-2.1759999999998714
10.95099999999937
-0.004
6.907000000000641
12.328999999998606
7.469000000000829
4.970999999999995
10.275999999999744
-11.22299999999922
-6.313000000000443
2.0859999999998813
-3.578999999999717
4.364999999999792
-2.8229999999998
1.3639999999999606
4.6409999999998846
0.0
0.0
0.0
0.0
0.0
0.0
0.0
-3.403999999999736
-4.4969999999998365
-5.442000000000152
0.2880000000000002
-3.8999999999996815
0.9290000000000007
2.73199999999981
1.069999999999993
10.596999999999566
2.7539999999998077
-6.589000000000535
19.624000000001
10.017999999999887
4.855999999999956
-2.5659999999998284
6.756000000000591
-7.733000000000917
-6.1320000000003825
-3.8569999999996862
6.838000000000618
1.7609999999999169
4.801999999999938
-0.001
0.0
0.0
0.0
0.0
0.0
0.0
-0.001
-13.308999999998063
-2.5899999999998258
-13.533999999997938
0.6070000000000004
-8.374000000000798
0.6640000000000005
6.30500000000044
16.321999999996965
11.467999999999083
4.798999999999937
21.092000000002795
10.01199999999989
1.695999999999924
-3.2389999999997543
-6.001000000000339
-5.6380000000002175
-7.3270000000007816
-0.17900000000000013
4.80599999999994
2.577999999999827
-0.5740000000000004
-3.3089999999997466
0.0
0.0
0.0
0.0
0.0
0.0
0.008
-6.705000000000574
-0.43300000000000033
-7.421000000000813
-3.2719999999997507
-3.4839999999997273
1.6639999999999275
0.36900000000000027
7.932000000000984
10.014999999999889
1.649999999999929
5.217000000000077
6.1560000000003905
-5.290000000000101
-4.534999999999849
-1.7039999999999231
4.0209999999996775
6.014000000000343
-3.658999999999708
1.8979999999999018
4.343999999999785
-0.001
0.0
0.0
0.0
0.0
0.0
0.0
0.0
0.016000000000000007
3.4619999999997297
-10.675999999999522
7.646000000000888
0.7130000000000006
8.311000000000833
-3.8909999999996825
14.01899999999767
2.9019999999997914
-0.10100000000000008
-1.3289999999999644
1.5249999999999428
4.302999999999772
10.817999999999444
-10.28399999999974
-0.015000000000000013
0.8440000000000006
-3.448999999999731
1.18699999999998
-0.001
4.922999999999979
-0.001
0.0
0.0
0.0
0.0
0.0
0.0
-0.001
-0.014000000000000005
4.078999999999697
-1.0369999999999966
1.4489999999999512
-1.1489999999999843
-0.7560000000000007
5.896000000000304
3.5279999999997225
7.1590000000007254
7.2160000000007445
-3.9719999999996736
4.683999999999899
-2.1769999999998713
-3.6619999999997077
-9.275000000000299
-7.841000000000953
-2.706999999999813
-3.160999999999763
3.6159999999997128
-4.71699999999991
-0.8140000000000006
-3.2009999999997585
0.0
-0.03200000000000002
0.0
0.0
0.0
0.0
-2.5539999999998297
-6.7840000000006
4.816999999999943
-5.538000000000184
-1.8359999999999086
5.476000000000163
7.560000000000859
0.21100000000000016
-3.859999999999686
-0.31900000000000023
10.814999999999445
-5.724000000000246
5.461000000000158
-2.5829999999998265
0.23200000000000018
1.8749999999999043
-2.3949999999998473
-3.1299999999997663
0.6870000000000005
7.961000000000993
-5.427000000000147
-0.9910000000000008
-3.2269999999997556
0.0
-0.03200000000000002
0.0
0.0
0.0
-0.001
-2.5549999999998296
-6.7910000000006026
4.368999999999794
1.0659999999999934
2.262999999999862
-8.46000000000075
10.960999999999364
8.133000000000932
-6.96400000000066
-4.712999999999909
-3.5649999999997184
3.0989999999997697
-13.991999999997685
-8.26300000000086
7.56300000000086
-4.003999999999672
5.368000000000127
-5.928000000000314
-6.015000000000343
7.600000000000873
-2.00599999999989
-7.868000000000962
-3.2279999999997555
0.0
0.0
0.0
0.0
0.0
-0.001
-2.5539999999998297
-5.37600000000013
-0.5320000000000004
3.894999999999682
0.46200000000000035
6.347000000000454
-14.425999999997444
3.3389999999997433
-8.801000000000561
0.6240000000000004
2.0769999999998823
-5.402000000000139
-3.4739999999997284
8.484000000000737
8.504000000000726
-3.1449999999997647
-2.480999999999838
-6.7490000000005885
6.709000000000575
-4.0689999999996935
-2.7209999999998113
-6.2280000000004145
-0.001
-0.001
0.0
0.0
0.0
0.0
-0.001
-0.001
-4.5479999999998535
-6.1290000000003815
-2.876999999999794
9.240000000000318
0.6420000000000005
-8.792000000000566
11.52799999999905
1.9349999999998977
10.433999999999656
-7.371000000000796
3.8069999999996917
-0.17500000000000013
-0.5480000000000004
3.0099999999997795
0.8030000000000006
-1.214999999999977
8.02900000000099
0.24700000000000016
2.670999999999817
-3.1389999999997653
-3.023999999999778
-0.001
-0.001
0.0
0.0
0.0
0.0
0.0
-0.003
-4.555999999999856
-8.330000000000823
-6.341000000000452
0.1470000000000001
5.425000000000146
-14.295999999997516
-3.086999999999771
-2.4999999999998357
7.536000000000851
16.337999999996985
1.6819999999999256
4.11799999999971
3.4889999999997268
-0.5960000000000004
2.159999999999873
2.659999999999818
-3.9019999999996813
0.5730000000000004
2.6539999999998187
-2.234999999999865
-1.0089999999999997
0.0
0.0
0.0
0.0
0.0
0.0
0.0
-0.004
-0.02900000000000002
0.09400000000000007
1.9909999999998915
-4.698999999999904
-2.2679999999998612
-6.289000000000435
2.7399999999998093
-1.3639999999999606
9.004000000000449
-0.6110000000000004
-0.7680000000000006
-3.360999999999741
4.441999999999818
0.44200000000000034
10.96899999999936
8.210000000000889
8.098000000000951
5.718000000000244
-1.2169999999999768
-1.7279999999999205
0.0
0.0
0.0
0.0
0.0
0.0
0.0
0.0
0.0
-0.001
-0.003
-1.4999999999999456
3.3029999999997472
3.121999999999767
-0.2590000000000002
1.1389999999999854
-5.805000000000273
-3.91399999999968
-3.177999999999761
-3.3019999999997474
0.18800000000000014
0.8280000000000006
2.597999999999825
2.5919999999998256
0.2470000000000002
0.2470000000000002
-0.005
-0.005
-0.5210000000000004
-0.5220000000000004
0.0
0.0
0.0
0.0
0.0
0.0
0.0
0.0
-0.002
-0.002
-0.002
0.0
-0.17900000000000013
-0.17900000000000013
-0.18100000000000013
-0.004
-0.006
-0.005
-0.004
-0.003
0.0
0.0
0.0
0.0
0.0
0.0
0.0
0.0
0.0
0.0
0.0
0.0
0.0
0.0
