-109.71800000015983
0.0
0.0
0.0
0.0
0.0
0.0
0.0
0.0
0.0
0.0
0.0
0.0
0.0
0.0
0.0
0.0
0.0
0.0
0.0
-1.5190000000000012
-5.437999999999877
-4.091999999999761
3.1319999999999046
0.4240000000000003
-5.209000000000292
1.147999999999985
-0.07400000000000005
0.0
-0.001
0.0
0.0
0.0
2.5269999999998327
4.845999999999307
-0.6450000000000005
-0.4290000000000006
-0.1930000000000002
-0.7569999999999998
4.269000000001944
-0.28800000000000076
4.585999999999994
-4.42400000000033
1.8699999999998815
-2.0479999999998855
0.0
0.0
0.0
-0.7110000000000005
-2.520000000000272
-5.276999999999318
-6.690999999996339
-5.513000000001321
-2.700000000001393
-8.15999999999317
-0.06099999999999972
-4.597999999999673
-1.2149999999997378
-3.007000000000309
-0.013000000000000001
0.0
0.0
0.005
-1.0999999999999897
6.008000000000943
-2.1339999999998556
-0.47400000000000037
0.04000000000000012
4.584999999999696
-0.6040000000000015
3.6740000000015742
-4.303999999999683
0.17700000000000024
-0.18100000000000013
0.0
0.0
0.0
-0.002
-2.8579999999997963
-9.738999999999129
-1.4650000000000452
1.5519999999999974
-1.8970000000004874
2.50399999999945
2.1049999999999636
-1.2139999999997024
-0.1760000000000003
-5.208999999999649
-0.08300000000000005
-0.04800000000000003
0.0
0.0
-0.001
-2.4759999999998383
13.755000000000376
-3.3259999999990657
-4.79100000000026
-2.1489999999996656
16.617000000008094
5.710000000006148
-0.8480000000000014
-1.1049999999999425
-2.423999999999844
-0.10000000000000006
-9.999999999999922E-4
0.048000000000000036
0.0
0.0
1.3299999999999643
-5.4539999999997315
-6.021000000000221
-2.4869999999999317
1.7429999999998032
7.229999999999565
5.919000000003553
1.3890000000011058
-0.8330000000000006
-7.050999999999942
-0.003
0.0
0.0
0.0
0.0
-0.3010000000000002
-4.207999999999755
2.697999999999789
-1.3449999999998723
-3.760999999998625
4.605999999998621
2.6049999999992814
-8.091000000002309
5.562000000000709
-3.1460000000002113
-2.607999999999942
0.49800000000000044
0.018000000000000002
0.0
-0.1560000000000001
-3.3759999999997796
-5.785999999999585
-11.027000000001651
4.754999999998582
-3.8040000000006478
4.91700000000244
-3.1590000000006353
3.425000000000592
2.822000000000173
-1.7399999999995883
2.201000000000007
6.429999999999628
0.014000000000000005
0.0
2.287999999999859
6.644999999999405
5.773999999998839
0.9580000000000007
-2.080000000000284
3.0790000000014865
-4.643999999999428
3.2200000000002613
-2.1520000000009336
-0.3780000000000001
4.2500000000004325
-2.168999999999954
7.622000000000338
0.0
0.0
3.1459999999997645
4.836999999999555
3.8769999999997236
3.5229999999994064
4.113999999999412
-5.637999999998688
2.590000000000525
-0.6010000000000004
6.294999999998662
7.216000000000577
-2.544000000000294
-2.3819999999998487
0.0
0.0
0.0
0.0
-0.09500000000000007
-4.613999999999714
-6.9900000000001885
-3.224999999999796
-6.170000000000143
4.255999999999682
-6.068000000000361
-0.8050000000000006
-1.4570000000000012
-0.001
0.0
0.0
0.0
0.0
