-27.319000000010405
0.0
0.0
0.0
0.0
0.0
0.0
0.0
0.0
0.0
0.0
0.0
0.0
0.0
0.0
0.0
0.0
0.0
0.0
0.0
-0.4280000000000003
-1.1189999999999924
-1.1060000000000008
-1.536999999999992
-0.2410000000000002
-2.5079999999999423
-0.8000000000000006
0.5760000000000004
0.0
0.0
0.0
0.0
0.0
0.3090000000000002
1.8760000000000125
1.5560000000000151
0.08700000000000017
-1.7249999999999877
0.4020000000000003
0.27499999999999997
-0.9780000000000009
0.7650000000000007
-1.3660000000000376
1.0500000000000038
-0.9640000000000007
-0.002
0.0
0.0
-0.36500000000000027
-2.7100000000000235
0.25900000000000006
-0.6960000000000005
-1.1310000000000806
-1.0620000000000356
-1.3820000000003074
-0.37200000000000044
-0.7900000000000006
-1.2119999999999176
-0.9050000000000007
-0.3000000000000002
-0.002
0.0
0.0
-0.46700000000000036
-0.9910000000000008
-0.9650000000000007
-0.7390000000000005
0.23600000000000054
1.3439999999999577
-0.25000000000000017
-0.17299999999999965
-1.1579999999999513
0.13500000000000034
-1.4130000000000005
-0.039999999999999855
0.0
0.0
0.0
-0.47000000000000036
-2.4909999999998367
-2.431000000000113
2.616999999999864
-1.2750000000000314
1.2959999999998
0.09200000000000014
-0.9710000000000008
-0.8690000000000007
-2.5949999999999465
-0.2780000000000002
0.6520000000000005
0.0
0.0
0.0
-0.016
2.7430000000000345
1.0839999999999812
-3.5250000000001274
0.9010000000000007
1.673999999999115
4.180999999999936
1.5730000000003725
-1.0550000000000064
-1.4879999999999736
-0.025000000000000015
-0.003
0.0
0.0
0.0
0.8050000000000006
0.26000000000000023
-1.3779999999999737
-0.7490000000000006
0.3170000000000003
2.8109999999993365
-0.17000000000000007
-0.8460000000000009
-1.4169999999999976
-1.9069999999999399
-0.08800000000000005
-0.003
0.0
0.0
0.0
-0.008
-0.3890000000000003
0.9110000000000007
0.7630000000000006
-1.5959999999999275
2.202999999999575
0.5520000000000005
-2.1259999999997823
-0.6310000000000006
-1.7789999999999686
0.5970000000000004
0.34400000000000025
0.09800000000000007
0.0
-0.004
-0.5280000000000004
-1.9140000000000004
-1.7509999999999175
1.170000000000063
-0.25400000000000006
0.16900000000000093
-0.5310000000000007
-0.14299999999999982
1.9860000000000402
0.129
-1.0359999999999996
0.1630000000000001
0.09500000000000007
0.0
0.5740000000000004
1.7170000000000216
2.4390000000000427
0.2770000000000005
0.040999999999999565
0.6950000000000004
-0.9430000000000008
1.8939999999998864
-0.6460000000000007
-0.10699999999999969
-0.37400000000000055
-1.3309999999999873
-0.4240000000000003
0.0
0.0
0.5780000000000004
-1.0930000000000004
-1.8470000000001014
0.7380000000000008
0.46000000000000035
-0.22200000000000011
0.2590000000000001
-1.0300000000000213
3.3049999999995614
1.8509999999998277
-1.9650000000000443
-0.001
0.0
0.0
0.0
0.0
-0.026000000000000016
-0.10500000000000007
-1.253000000000001
-0.9730000000000008
-0.5310000000000004
0.2700000000000002
-1.0140000000000007
-0.7030000000000005
-0.11600000000000006
-0.002
0.0
0.0
0.0
0.0
