-0.6480000000000005
0.0
0.0
0.0
0.0
0.0
0.0
0.0
0.0
-0.012
-0.006
0.0
0.0
0.0
0.0
0.0
0.0
0.0
0.0
0.0
-0.008
-0.01
-0.01
0.006
-0.003
-0.07600000000000004
-0.06600000000000004
-0.007
0.0
-0.022000000000000006
0.0
0.0
0.0
-0.002
0.07500000000000005
0.06800000000000002
-0.03900000000000001
-0.06500000000000006
6.938893903907228E-18
-0.021999999999999992
0.011000000000000018
0.012000000000000028
-0.02600000000000001
-0.06900000000000002
-0.024000000000000014
0.0
0.0
0.0
-0.001
-0.004000000000000002
-0.10900000000000007
0.013000000000000032
-0.05600000000000001
-0.007000000000000013
-0.11700000000000008
0.06499999999999999
0.014999999999999986
0.007000000000000004
-0.06500000000000002
-0.010000000000000002
-0.001
0.0
0.001
-0.025000000000000015
-0.07200000000000002
-0.07900000000000006
-0.02999999999999995
0.0040000000000000105
0.02000000000000002
-0.016999999999999973
-0.022000000000000002
-0.06200000000000004
-0.00699999999999999
-0.013000000000000001
0.0
0.0
0.0
0.0
-0.032000000000000015
-0.07000000000000005
-0.05800000000000001
-0.026000000000000002
-0.02500000000000001
0.07600000000000004
0.04999999999999999
-0.038000000000000006
-0.04000000000000001
-0.029000000000000012
-0.001
-0.001
-0.001
0.0
-0.003
-0.030000000000000013
0.031000000000000014
-0.019000000000000003
-0.07100000000000004
-0.04200000000000005
0.10300000000000006
0.007000000000000008
0.04000000000000001
-0.10600000000000007
-0.023000000000000007
-0.007
-0.003
0.0
0.0
-0.001
0.0
-0.003
-0.030000000000000013
-0.08600000000000003
0.03500000000000002
0.07500000000000007
0.036000000000000004
0.0289999999999999
-0.07500000000000002
-0.023000000000000007
-0.012
0.0
0.0
0.0
0.0
0.0
-0.04100000000000001
0.023999999999999994
-0.026000000000000027
-0.02299999999999995
0.09200000000000007
0.026000000000000058
-0.09500000000000011
0.07199999999999998
-0.011
-0.06200000000000003
-0.024000000000000014
0.01800000000000001
0.0
0.0
-0.020000000000000007
-0.08100000000000003
-0.05499999999999998
0.05100000000000002
-0.06900000000000003
0.06400000000000008
0.0019999999999999896
-9.999999999999792E-4
0.04200000000000001
0.03899999999999999
-0.10300000000000006
-0.029000000000000012
0.01800000000000001
0.0
0.0
-0.021000000000000008
0.07
0.013000000000000015
0.026999999999999972
0.010999999999999996
-0.049000000000000016
0.009999999999999998
-0.06000000000000007
0.026000000000000044
0.002
-0.047000000000000014
-0.006
0.0
0.0
0.0
-0.04100000000000002
-0.06800000000000003
-0.04000000000000001
-0.043000000000000024
-0.017999999999999995
-0.023000000000000034
0.034
0.1450000000000001
0.04000000000000002
0.03100000000000002
0.0
0.0
0.0
0.0
0.0
0.0
-0.011000000000000003
-0.015
-0.03300000000000001
-0.08400000000000005
-0.03000000000000002
-0.043000000000000024
-0.005
0.0
0.0
0.0
0.0
0.0
0.0
