-6.251000000000422
0.0
0.0
0.0
0.0
0.0
0.0
0.0
0.0
0.0
0.0
0.0
0.0
0.0
0.0
0.0
0.0
0.0
0.0
0.0
-0.06600000000000004
-0.07500000000000005
-0.07700000000000005
0.20400000000000015
0.09600000000000007
-0.7560000000000006
-0.2620000000000002
0.0
0.0
-0.004
0.0
0.0
0.0
-0.07900000000000006
0.23100000000000018
0.5510000000000004
-0.37000000000000033
-0.49800000000000044
-0.09400000000000004
0.05499999999999876
-0.16000000000000006
0.013000000000000029
-0.024000000000000125
0.22700000000000017
-0.1580000000000001
0.0
0.0
-0.001
-0.08100000000000006
-0.4300000000000003
-0.1690000000000001
-0.4310000000000003
0.032999999999999696
-0.4270000000000003
-0.3790000000000003
-0.21100000000000008
-0.25500000000000017
-0.34800000000000025
-0.2700000000000002
-0.04000000000000002
0.0
0.0
-0.02000000000000001
-0.007
-0.11600000000000008
-0.10300000000000006
-0.13399999999999998
-0.18900000000000006
0.19400000000000012
-0.012999999999999554
-0.10600000000000002
-0.1430000000000001
-0.0019999999999991943
-0.2660000000000002
0.11200000000000009
0.0
0.0
0.0
-0.007
-0.46900000000000036
-0.5800000000000005
0.5340000000000004
-0.2500000000000002
0.5050000000000003
-0.13000000000000003
-0.09500000000000011
-0.20300000000000043
-0.8510000000000006
-0.05400000000000001
0.1560000000000001
0.0
0.0
0.0
-0.004
-0.18800000000000014
-0.07700000000000011
-0.7430000000000005
0.20800000000000007
0.5920000000000004
0.9550000000000007
0.07100000000000004
-0.05400000000000002
-0.4880000000000004
-0.002
-0.001
0.0
0.0
0.0
0.0
-0.08400000000000006
-0.19400000000000014
-0.35900000000000026
0.08399999999999984
0.6450000000000005
-0.03900000000000017
0.02599999999999979
-0.2790000000000002
-0.18900000000000014
0.0
0.0
0.0
0.0
0.0
0.0
-0.08200000000000005
0.09900000000000006
0.04900000000000006
-0.47000000000000036
0.8010000000000006
-0.038999999999998244
-0.5560000000000004
-0.3130000000000002
-0.05800000000000002
-0.09300000000000007
0.016000000000000007
0.05100000000000003
0.0
0.0
-0.03200000000000002
-0.3880000000000003
-0.04899999999999999
0.32500000000000023
-0.12599999999999995
-0.14200000000000007
0.18300000000000022
-0.05999999999999994
0.3830000000000003
-0.1880000000000001
-0.10800000000000007
-0.07300000000000005
0.028000000000000018
0.0
0.0
0.09200000000000007
0.3840000000000003
-0.4200000000000003
0.3050000000000002
-0.04800000000000035
-0.060000000000000345
0.03100000000000032
0.0349999999999986
-0.044999999999999665
0.1890000000000001
-0.1430000000000001
-0.06600000000000004
0.0
0.0
0.0
-0.3170000000000002
0.02100000000000002
0.2540000000000003
0.2560000000000003
0.12099999999999994
-0.011000000000000471
0.11300000000000024
0.9030000000000007
0.4520000000000004
-0.47600000000000037
0.0
0.0
0.0
0.0
0.0
-0.003
-0.21700000000000016
-0.44700000000000034
-0.4150000000000003
-0.4840000000000004
-0.16100000000000012
-0.35900000000000026
-0.17200000000000013
-0.002
0.0
0.0
0.0
0.0
0.0
