-0.20400000000000015
0.0
0.0
0.0
0.0
0.0
0.0
0.0
0.0
0.0
0.0
0.0
0.0
0.0
0.0
0.0
0.0
0.0
0.0
0.0
0.0
-0.006
-0.005
0.030000000000000013
0.024000000000000007
-0.012000000000000004
-0.02700000000000001
0.005
-0.001
-0.002
0.0
0.0
0.004
0.002
-0.004
-0.024000000000000014
-0.04100000000000001
0.004000000000000001
0.010999999999999992
0.016
-0.014000000000000002
0.036000000000000004
0.013000000000000005
-0.028000000000000004
-0.014
0.0
0.0
-0.001
-0.002
0.008
-0.07400000000000004
-0.013999999999999967
0.006000000000000009
-0.01699999999999998
-0.04299999999999998
-0.013000000000000001
0.005000000000000005
-0.05200000000000003
-0.037000000000000005
0.0
0.0
0.0
0.0
-0.004
0.028999999999999988
-0.009999999999999998
-0.022999999999999996
-0.03399999999999999
0.008
0.003000000000000026
0.031999999999999994
-0.05400000000000002
-0.04800000000000003
-0.011000000000000003
0.0
0.0
0.0
0.0
-0.020000000000000004
-0.001
-0.0060000000000000045
-0.009999999999999992
-0.001
0.019999999999999962
0.027000000000000003
-0.02299999999999996
9.999999999999957E-4
-0.004
-0.003
-0.001
0.0
0.0
0.0
-0.023000000000000007
0.004
0.007
0.0050000000000000044
-0.010999999999999989
0.09200000000000005
0.0010000000000000052
0.0050000000000000105
-0.0029999999999999983
0.024000000000000007
-0.015000000000000006
0.024000000000000014
0.025000000000000015
0.0
0.0
-0.006
-0.027000000000000003
-0.007000000000000001
-0.06900000000000002
0.036000000000000004
0.02600000000000005
0.010000000000000002
-0.05700000000000002
-0.005
-0.002
-0.004
0.0
0.0
0.0
0.0
0.0
-0.017
-0.018000000000000002
-0.021999999999999985
-0.032000000000000015
0.0040000000000000036
0.003999999999999998
-0.049
0.023
-0.026999999999999975
-0.030000000000000013
-0.006
-0.003
0.0
0.0
-0.001
-0.018000000000000006
-0.012
0.025000000000000015
-0.007000000000000008
0.04200000000000001
-0.00399999999999999
-0.027999999999999955
-0.003
-0.006999999999999999
0.018
0.019000000000000003
-0.002
0.0
-0.001
-0.006
-0.033999999999999996
-0.02400000000000001
0.03400000000000003
-0.032000000000000015
-0.008000000000000004
0.005
-0.025000000000000012
0.011000000000000001
0.028000000000000004
0.041999999999999996
0.04700000000000001
0.0
0.0
0.0
-0.02500000000000001
-0.04600000000000001
-0.013
0.032999999999999974
-0.008
-0.004
0.019000000000000003
-0.021000000000000005
0.0
-0.001
-0.001
0.0
0.0
0.0
0.0
0.0
0.0
-0.006
-0.006000000000000001
-0.045000000000000005
-0.034000000000000016
-0.018000000000000002
0.0
0.0
0.0
0.0
0.0
0.0
0.0
