-0.9700000000000008
0.0
0.0
0.0
0.0
0.0
0.0
0.0
0.0
-0.008
-0.004
0.0
0.0
0.0
0.0
0.0
0.0
0.0
0.0
0.0
0.0
-0.08500000000000006
-0.05700000000000004
0.015000000000000003
-0.007
-0.07500000000000004
0.017
-0.007999999999999997
0.0
0.023000000000000013
0.0
0.0
0.0
-0.001
-0.015000000000000001
-0.11800000000000008
-0.10000000000000006
0.007999999999999986
-0.026000000000000002
0.006000000000000001
-0.03699999999999999
-0.008
-0.039000000000000014
0.008999999999999987
-0.002
-0.004
0.0
-0.001
-0.010000000000000002
-0.021999999999999964
-0.07000000000000003
-0.09400000000000003
-0.044000000000000136
-0.08000000000000004
-0.09700000000000006
0.002000000000000045
-0.014999999999999885
-0.06500000000000002
-0.03599999999999997
-0.032999999999999995
-0.005
0.0
0.0
-0.024000000000000007
-0.028999999999999998
-0.04600000000000003
-0.05199999999999999
0.024000000000000042
0.033000000000000015
-0.05300000000000003
-0.039000000000000076
-0.05000000000000006
0.004999999999999983
-0.07500000000000005
-0.015000000000000003
-0.001
0.0
0.0
-0.031
-0.022000000000000016
0.004999999999999997
0.0049999999999999975
-0.020000000000000025
0.10200000000000006
0.10200000000000006
0.025999999999999947
-0.016000000000000014
-0.12000000000000008
-0.02100000000000001
-0.001
0.0
0.0
0.0
-0.02500000000000001
0.061000000000000006
0.022999999999999993
-0.062
-0.003000000000000019
0.10500000000000007
0.029000000000000015
0.016999999999999987
-0.06500000000000003
-0.023000000000000013
-0.003
0.0
0.0
0.0
0.0
-0.001
-0.04800000000000003
-0.030000000000000058
-0.09000000000000005
0.04800000000000003
0.1200000000000001
0.07200000000000004
-0.03600000000000006
-0.05600000000000002
-0.06900000000000005
-0.01
-0.001
0.0
0.0
-0.001
-0.002
0.03799999999999999
0.033
-0.024000000000000042
-0.03600000000000003
0.026000000000000294
-0.039999999999999966
-0.1570000000000001
0.04699999999999997
-0.044
-0.004000000000000001
-0.03500000000000002
0.0
0.0
-0.002
-0.015000000000000005
-0.18900000000000014
-0.09900000000000006
0.12200000000000008
-9.999999999999757E-4
0.10300000000000008
0.007000000000000001
-0.0020000000000000052
0.02799999999999993
0.06700000000000003
0.05200000000000002
0.11300000000000007
-0.002
0.0
-0.003
-0.010000000000000002
0.05400000000000002
0.029000000000000005
0.023999999999999994
-0.05700000000000001
0.010000000000000024
0.03800000000000006
0.04599999999999993
-0.06299999999999999
-0.02699999999999996
0.08500000000000005
0.12800000000000006
0.0
0.0
0.0
-0.034000000000000016
-0.020000000000000007
-0.03000000000000003
-0.05800000000000004
0.020999999999999994
-0.04900000000000003
0.07000000000000002
0.09700000000000007
-0.0019999999999999758
-0.034
-0.008
0.0
0.0
0.0
0.0
-0.007
-0.044000000000000025
-0.045000000000000005
-0.06800000000000003
-0.11300000000000007
-0.06300000000000004
-0.12000000000000008
-0.06700000000000002
-0.022000000000000013
0.0
0.0
0.0
0.0
0.0
