-0.04500000000000003
0.0
0.0
0.0
0.0
0.0
0.0
0.0
0.0
0.0
0.0
0.0
0.0
0.0
0.0
0.0
0.0
0.0
0.0
-0.002
-0.004
-0.004
0.008
0.006
-0.005
-0.014000000000000005
-0.003
0.0
0.0
0.0
0.0
0.0
0.0
0.0
-0.004
-0.012999999999999998
0.004
-0.003000000000000001
0.0
-0.01
-0.003
0.016999999999999994
0.0
-0.004
-0.002
0.0
0.0
0.0
0.0
-0.007
-0.012000000000000004
-0.002
-0.02899999999999999
0.003
-0.027000000000000003
-0.001
0.002
-0.028000000000000004
-0.021
-0.010000000000000002
-0.002
0.0
0.0
-0.001
-0.009000000000000001
-0.028
-0.032
-0.0010000000000000026
0.023
-0.009999999999999995
0.0
0.004
-0.007
-0.003
0.0
0.0
0.0
0.0
-0.001
-0.005
-0.015000000000000001
-0.011000000000000003
0.009
0.020999999999999998
0.019999999999999993
-0.025999999999999995
0.008
-0.005
0.0
0.0
0.0
0.0
0.0
0.0
0.0
-0.006
-0.021
-0.015
0.030999999999999993
0.024000000000000007
-0.022
-0.008000000000000002
-0.005
-0.001
0.0
0.0
0.0
0.0
0.0
0.0
-0.002
-0.03799999999999999
-0.024000000000000004
0.012000000000000005
0.003000000000000001
-0.012000000000000012
-0.014999999999999996
-0.009000000000000001
-0.001
-0.004
0.0
0.0
0.0
0.0
0.0
-0.009000000000000001
-0.009000000000000001
0.009000000000000001
0.022000000000000002
0.002
-0.006000000000000001
-0.013000000000000001
-0.004
0.001
0.003
0.005
0.0
0.0
-0.001
-0.022
-0.028999999999999998
0.0
9.999999999999992E-4
0.013999999999999999
-9.999999999999992E-4
-0.016999999999999994
-0.001
-0.001
0.012
0.015
0.003
0.0
0.0
-0.003
-0.010000000000000002
-0.003
-0.001
-0.015
-0.001
0.0010000000000000009
-0.004
0.003
0.001
0.005
0.0
0.0
0.0
0.0
0.0
0.0
-0.005
-0.002
-0.002
0.008000000000000002
-0.001
0.011000000000000001
0.014000000000000002
0.0
0.0
0.0
0.0
0.0
0.0
0.0
-0.001
-0.007
-0.015
-0.012
-0.013000000000000001
-0.010000000000000002
-0.002
0.0
0.0
0.0
0.0
0.0
0.0
