-639.1719999917975
0.0
0.0
0.0
0.0
0.0
0.0
0.0
0.0
0.0
0.0
0.0
0.0
0.0
0.0
0.0
0.0
0.0
0.0
0.0
-24.781999999997144
-39.46900000000097
-38.80400000000146
15.770000000006098
11.32799999999863
-26.050000000001994
19.094000000000296
9.509000000000169
0.0
-0.001
0.0
0.0
0.0
13.94499999999771
4.374999999997075
14.835999999994199
2.554999999999725
-13.397999999981565
0.18699999999999958
12.595000000021505
3.584000000000818
11.705999999996168
-9.254000000000742
2.5710000000006077
-1.5039999999999847
0.0
0.0
0.0
-0.003
-12.481999999999488
-12.603000000013687
-35.75199999999134
-8.029999999991949
-17.790000000001424
-42.55399999998613
-0.08399999999999114
-17.500000000025135
-5.174000000008067
-0.5369999999999987
-4.945999999999986
-0.017000000000000008
0.0
-0.004
-13.269999999998085
-17.337000000000796
-18.121000000001548
-8.960000000004056
-0.7580000000000008
17.16999999998584
-9.283999999976885
16.874999999976673
-20.156000000000944
6.832000000004017
-12.537999999998902
7.572000000001357
-0.001
0.0
0.0
-20.225000000001735
-36.2910000000045
1.9200000000008899
24.433999999993258
-16.324000000067883
24.975000000001067
14.105000000054053
-14.74000000000209
-9.420999999990894
-26.009999999996623
-4.074000000000021
11.267999999998922
0.0
0.0
0.0
-9.755000000000033
72.90400000001247
2.9500000000040365
-35.246000000004855
-4.16600000000908
83.30799999997684
46.540000000008504
9.252999999987503
-6.579000000006293
-4.8740000000004855
-5.182999999999873
13.29299999999751
15.882999999996636
0.0
0.0
6.510000000000509
-34.3270000000017
-21.814000000010573
-7.712999999984419
2.317000000002182
53.20499999992329
19.398000000008558
-14.612000000015266
3.8139999999934706
-49.038000000007074
-0.006
-0.002
0.0
0.0
0.0
-1.6730000000000014
-23.426999999998845
38.82700000000432
-18.445000000005624
-20.71100000000345
26.364000000014762
-0.0599999999999455
-40.88800000001569
13.12100000000438
-9.403000000000912
-16.23500000000025
0.1260000000000003
0.1360000000000001
0.0
-0.8370000000000006
-17.304999999998504
-44.430999999999365
-41.7200000000022
27.461000000007036
0.09400000000001617
9.578000000013974
10.823000000007088
-1.4720000000030748
22.627000000013386
-7.008000000004652
2.019999999999571
38.89500000000223
0.10600000000000008
0.0
16.25199999999688
49.95200000000014
35.478999999994706
9.683999999990869
-13.309999999969875
-1.4569999999996848
-9.292999999973604
19.91900000000609
-9.34999999997723
-10.95899999999686
4.576000000000184
2.372000000000632
58.768999999992126
0.0
0.0
17.0869999999979
-6.034999999996608
-10.349999999989883
4.476999999999391
13.299000000021012
-14.004000000013221
18.302000000015965
-17.04499999999974
47.96299999996561
24.69300000001406
-3.5250000000017203
-10.82599999999944
0.0
0.0
0.0
0.0
-0.003
-24.89699999999708
-37.410000000001304
-13.483000000000295
-20.01000000000061
-11.067999999999557
-39.19199999999997
-4.65699999999989
-0.017
-0.003
0.0
0.0
0.0
0.0
