-0.36300000000000027
0.0
0.0
0.0
0.0
0.0
0.0
0.0
0.0
0.0
0.0
0.0
0.0
0.0
0.0
0.0
0.0
0.0
0.0
0.0
0.0
-0.032000000000000015
-0.048000000000000015
-0.038000000000000006
-0.018000000000000002
-0.04099999999999999
0.015000000000000001
0.02100000000000001
0.0
-0.002
0.0
0.0
0.0
-0.003
-0.002
-0.04000000000000001
0.026999999999999996
-0.012000000000000004
0.04200000000000001
-0.011000000000000001
0.011999999999999997
0.002000000000000007
-0.007000000000000004
-0.002
-0.001
0.0
0.0
-0.001
-0.004
-0.021
-0.07400000000000004
-0.012000000000000018
-0.05900000000000001
-0.02900000000000002
-0.08100000000000003
0.028999999999999967
-0.018999999999999982
-0.059000000000000025
-0.028999999999999984
-0.015000000000000006
0.0
0.0
0.0
-0.009000000000000001
-0.047000000000000014
-0.01700000000000001
-0.02799999999999999
0.029
0.017
-0.03799999999999999
-0.011000000000000001
0.007999999999999993
-0.04300000000000001
-0.04300000000000002
0.005
0.0
0.0
-0.003
-0.014000000000000005
-0.04600000000000001
-0.001
-0.013999999999999993
0.0010000000000000018
0.07400000000000004
0.02299999999999999
0.03199999999999999
-0.008000000000000018
-0.08000000000000003
-0.010000000000000002
0.006
-0.002
0.0
-0.001
-0.003
0.024000000000000007
-0.004
-0.059000000000000025
-0.021000000000000033
0.059000000000000025
0.030000000000000034
-0.01600000000000005
-0.02600000000000001
-0.030000000000000006
-0.012
-0.007
0.0
0.0
0.0
-0.002
-0.005
-0.011
-0.030000000000000023
0.007999999999999997
0.02400000000000002
0.007999999999999998
-0.0020000000000000313
-0.02699999999999999
-0.012
-0.001
0.0
0.0
0.0
0.0
0.0
0.013999999999999999
-0.033000000000000015
-0.009999999999999995
-0.027999999999999976
0.09100000000000005
-9.999999999999792E-4
-0.04100000000000001
-0.03800000000000003
-0.014000000000000002
-0.021000000000000008
-0.003
0.0
0.0
0.0
-0.016000000000000007
-0.05600000000000003
-0.016999999999999987
0.013000000000000027
-0.015999999999999976
0.05000000000000002
-0.01799999999999998
-0.0030000000000000113
0.007000000000000004
-0.01100000000000001
-0.027999999999999976
-0.003
0.0
0.0
0.015000000000000006
0.04600000000000001
0.06400000000000002
0.033
0.037000000000000005
-0.03299999999999999
-0.01300000000000002
-0.008000000000000023
-0.021000000000000022
-0.019000000000000003
-0.002999999999999999
-0.004
0.0
0.0
0.0
0.02000000000000001
0.001
-0.05400000000000002
-0.05100000000000002
-0.027999999999999994
9.540979117872439E-18
0.01399999999999996
-0.003000000000000001
0.035000000000000024
-0.016
-0.011
0.0
0.0
0.0
0.0
0.0
0.0
-0.014
-0.028999999999999998
-0.04400000000000001
-0.07300000000000004
-0.04600000000000003
-0.021000000000000005
0.0
0.0
0.0
0.0
0.0
0.0
0.0
