-166.65100000043168
0.0
0.0
0.0
0.0
0.0
0.0
0.0
0.0
0.0
0.0
0.0
0.0
0.0
0.0
0.0
0.0
0.0
0.0
0.0
-7.315999999999416
-8.998999999999802
-7.4389999999999254
6.666999999998069
4.206999999999736
-6.613000000000693
2.4309999999998433
-0.001
0.0
0.011000000000000003
0.0
0.0
0.0
-0.2150000000000002
1.0740000000000312
9.011999999999393
-0.4970000000000008
-3.015000000000503
-0.00999999999999604
3.214000000000254
-0.9160000000000007
4.470999999999435
-0.5530000000000005
-2.21599999999967
-1.4950000000002668
0.0
0.0
0.0
-0.7420000000000005
-8.190000000000893
-5.273999999998057
-9.382999999999821
-2.0649999999997477
-4.363000000002186
-11.182999999992068
0.49900000000000044
-6.341999999999616
1.3930000000005713
-0.6930000000000003
-1.8129999999999111
-0.001
0.0
-1.5939999999999352
-8.382000000000602
0.18200000000000094
-1.3709999999998232
-3.703000000000957
-1.0939999999998453
3.7049999999991132
-0.8970000000000007
3.5180000000012095
-4.885999999998736
2.195999999999134
-4.18699999999984
3.136999999999726
0.0
0.0
0.0
-6.6060000000004315
-5.504999999999974
3.4259999999999033
7.864000000000076
-2.761000000000806
7.731000000006235
2.3919999999991557
-4.904999999996214
0.7199999999999993
-8.330999999999902
-0.22000000000000017
4.009999999999674
0.0
0.0
0.0
-0.5460000000000004
13.917999999999237
0.6870000000000005
-7.357000000001915
-3.597000000002846
18.98800000000871
13.459000000006053
0.9130000000000007
-4.137000000000539
-3.122999999999767
-0.025
-0.013000000000000001
0.0
0.0
0.0
3.067999999999773
-10.430000000000115
-8.736999999998755
-1.417000000000405
-0.2869999999999994
16.771999999994335
5.248000000002208
-0.5090000000000007
-1.874999999999855
-10.267999999999681
-1.8349999999999707
-0.002
0.0
0.0
0.0
-0.001
-6.444000000000534
5.043999999997336
-2.688000000000701
-4.5289999999998525
7.622000000005312
1.3759999999994246
-11.18100000000093
7.191000000001
-2.264000000000375
-2.1309999999999225
-1.7800000000000609
0.047000000000000035
0.0
-0.002
-1.6369999999999305
-8.761999999999711
-11.117999999996346
3.7399999999973885
-0.7319999999999993
2.351999999997896
-0.5819999999999994
2.4119999999995128
-0.7960000000000006
1.583000000000482
-1.9629999999999894
9.334000000000048
0.04400000000000003
0.0
-0.003
0.4060000000000003
11.921000000000975
0.7730000000000007
-0.6610000000000004
-1.4779999999998938
-2.4680000000017266
6.9710000000050165
-3.27499999999873
-2.8410000000006033
4.471000000000384
-1.0949999999999447
13.657999999999955
0.0
0.0
-0.001
-11.978000000001535
-4.603999999998722
4.066999999999972
2.748999999998521
-2.686999999998305
2.819000000000803
-3.981000000002837
12.59799999999848
11.80600000000076
-1.0040000000000038
-2.8919999999998223
-0.1480000000000001
0.0
0.0
0.0
0.0
-1.0569999999999944
-2.55599999999994
-3.8809999999998097
-7.010999999999827
-5.209999999999711
-12.67599999999842
-5.777999999999585
-2.5389999999998314
-0.002
-0.004
0.0
0.0
0.0
