-466.4249999958824
0.0
0.0
-16.95800000000148
-14.390999999995117
12.183999999997702
-42.39300000000061
9.790000000000019
5.188999999997626
0.0
-3.045000000001658
-16.588000000009362
1.8309999999953657
-8.517999999995443
4.913000000001422
-14.59400000000521
-7.925000000000981
0.0
-10.147000000000297
-17.425999999996023
6.558999999995011
18.609000000046834
3.924000000001433
-28.22900000000966
-10.164999999999806
-0.2480000000000002
57.087000000025505
-29.947000000031085
7.618000000016872
33.55600000011273
-15.362999999995905
-16.241999999991922
-3.9089999999999216
7.469999999999399
-11.569000000001463
-24.7110000000271
-9.72100000000351
9.601999999998952
2.003999999996705
-8.505999999987507
22.68800000000788
1.1319999999999844
35.925999999997465
5.448999999998871
-29.533000000047952
-11.672999999987004
11.232999999997311
6.358000000000482
0.0
0.0
