-362.3379999983437
0.0
0.0
-19.20800000000019
-22.413000000003212
13.735000000002186
-22.217000000001548
-0.2490000000000002
8.145000000000453
0.0
2.217999999998768
-12.753000000003757
3.801999999993442
-5.810999999999924
1.590000000002848
-13.040000000007925
-6.730000000000582
-4.1019999999997045
-9.882999999998969
-18.560000000004592
7.024999999999366
15.171000000017813
5.364000000007103
-42.52199999999096
0.0
0.0
29.860000000001005
-34.790000000022474
8.375000000008194
21.09100000003384
-14.36800000000051
2.0450000000006208
8.16700000000064
0.2820000000000002
-4.446999999999735
-16.329000000003333
-5.837000000006352
9.307999999998193
-2.827000000003876
-10.218999999992489
25.955000000007352
-0.33500000000000024
17.08300000000525
13.865999999998454
-22.555000000013177
-6.936000000016578
18.426000000003228
10.026999999999882
0.0
0.0
