-381.7079999978857
0.0
0.0
-16.023000000002
-13.706999999995341
12.639000000005447
-43.825999999996135
-2.232999999999976
0.7060000000000008
0.0
-6.742999999998683
-17.381000000007695
-0.5689999999999795
-9.349999999994681
-1.9169999999920877
-14.738000000010283
-11.23100000000045
0.0
-1.6070000000001974
-16.82300000000528
5.1419999999989
17.83000000003012
4.353000000000509
-26.868000000013737
15.902999999996625
8.338000000000818
60.29000000002291
-19.73600000000233
11.261000000012613
24.18600000006254
-17.526999999989478
-12.424999999998533
8.136000000001673
0.2820000000000002
-12.16800000000031
-18.842000000008703
-5.643000000009602
10.028999999997422
5.445999999993281
-10.267999999997087
22.183000000007016
-0.004
27.44500000001078
3.608000000000565
-21.344000000015033
-12.733999999985125
4.8469999999976965
9.692000000000068
0.0
0.0
