-26.434000000009323
0.0
0.0
-0.004
-0.012
-1.5210000000001256
-3.125999999999768
0.0
-1.6420000000000432
0.0
0.9340000000000007
-1.8219999999999708
-0.3079999999999965
-1.9320000000005662
-0.5750000000000032
-1.6769999999991139
-2.510999999999955
-0.003
-0.018999999999999996
-8.064999999999813
1.0539999999999474
0.9810000000000063
0.396000000000008
-1.9989999999998906
1.1919999999999797
0.0
-0.003
-8.279000000000316
0.4530000000000164
2.691999999999084
-0.6559999999999989
-3.2849999999997492
-0.005
0.0
0.38400000000000023
-0.2940000000000015
-0.38600000000000967
0.7000000000000076
0.23200000000000814
-0.5500000000000004
-0.15400000000000008
-0.008
0.2600000000000002
2.0239999999998344
-0.9950000000000008
-0.07299999999999213
2.866999999998688
-0.001
0.0
0.0
