-463.99099999593994
0.0
0.0
-3.288999999999972
4.133999999999135
5.305999999999855
-38.10600000000131
9.018000000000402
3.736999999998149
0.0
-8.58099999999944
-7.9740000000020705
3.46499999999027
-11.788999999955777
4.391000000005582
-12.251000000002815
-7.255999999999872
0.3010000000000002
-14.197000000004822
-20.42700000000935
7.12499999999453
18.044000000038174
2.9439999999965223
-23.450000000011084
10.024999999999883
3.4559999999997304
51.34900000001668
-35.453000000011436
9.48100000002679
34.85500000010546
-16.286000000000328
-12.662999999995831
1.1939999999998145
16.864000000001532
-7.2829999999994515
-23.739000000012215
-9.704000000011614
10.372000000026496
0.8840000000000264
-12.231999999998658
1.075000000000079
9.234000000000322
25.38500000001623
0.7420000000000035
-27.382000000015715
-11.654999999980962
16.465999999997443
5.34600000000108
-5.507999999999615
0.0
