-0.36700000000000027
0.0
0.0
0.0
-0.006
-0.016
0.023999999999999966
0.02900000000000002
0.008000000000000004
0.0
-0.001
-0.19100000000000014
0.009999999999999974
-0.11499999999999987
0.06399999999999975
-0.08700000000000006
-0.040000000000000015
0.0
-0.024999999999999998
-0.13400000000000006
0.041999999999999954
0.15800000000000047
-0.005000000000000043
-0.07300000000000001
-0.001
0.0
0.0
-0.3860000000000003
0.03
0.14900000000000008
-0.20300000000000018
-0.13800000000000007
-0.016
-0.001
-0.029000000000000015
-0.10800000000000028
-0.15400000000000003
-0.007000000000000013
0.05399999999999988
-0.094
-0.005
0.0
-0.030000000000000023
0.09400000000000001
-0.05099999999999992
-0.10700000000000004
0.023
-0.003
0.0
0.0
