-155.99900000038082
0.0
0.0
-0.046000000000000034
-0.21300000000000016
1.4150000000002103
-6.346000000000191
6.805000000000607
-12.175999999999386
0.001
2.198999999999869
-2.2189999999997894
-0.7489999999999777
-4.6430000000073095
3.872999999998485
-8.061999999998529
-2.523999999999833
0.0
-3.3730000000000167
-10.665999999999771
5.394999999998699
8.15400000001468
1.7079999999947706
-11.056000000000786
-0.5380000000000004
0.0
-0.014000000000000002
-20.67400000000471
2.914999999998617
11.80299999998679
-9.432999999991882
-4.8530000000009155
-4.783999999999977
0.007
-4.504999999999695
-7.113000000003096
-6.836000000003593
1.7919999999988527
2.7199999999966082
-6.089999999995486
-3.6830000000000283
2.569999999999521
20.838999999998325
-0.7860000000000005
-3.9710000000017853
-2.9590000000021623
0.34900000000000087
-0.03800000000000002
-0.001
0.0
