-238.23400000077348
0.0
0.0
-0.25000000000000017
10.327000000000739
6.843999999995361
-23.952999999997907
4.025999999999679
-12.250000000001823
0.0
-5.948999999999289
1.459000000000747
-1.1019999999999386
-7.524999999991467
-1.5029999999997878
-9.231000000002442
-3.1620000000004653
0.11500000000000009
-3.123000000001035
-6.202999999996393
3.7659999999942646
9.807000000011458
-0.6429999999999847
-19.360000000000085
12.99099999999824
9.999999999999897
-0.001
-26.647000000013108
8.879000000002536
17.26800000001064
-7.267999999984368
-9.576999999999146
-9.185999999999355
0.0
-19.24900000000052
-15.907000000010251
-0.18800000000008626
3.7749999999999417
1.7059999999982551
-12.88400000000119
5.4169999999996605
1.9009999999999014
26.932999999999964
-0.3150000000000005
-8.446000000009583
-6.329000000004088
12.173999999999658
-4.725000000000643
-6.329999999999525
0.0
