-36.20700000000632
0.0
0.0
0.0
-0.43300000000000033
4.255999999999992
-4.975999999999744
-0.006
0.5230000000000004
0.0
2.769999999999806
-0.4470000000000001
-0.04600000000000206
-0.527000000000002
-1.7560000000000096
-3.525999999997879
-2.8679999999999612
0.0
-2.0540000000000016
-1.7799999999994849
0.43200000000002475
3.314999999999338
1.2370000000000214
-1.0110000000000008
0.8570000000000007
0.8570000000000007
-0.002
-7.424000000002086
2.6909999999986223
3.3679999999996273
-4.709999999997885
-7.013999999999789
0.0
0.0
-0.05400000000000004
-2.7639999999989597
-1.922000000000473
1.0689999999998778
1.8100000000005374
-5.138999999999442
-0.5020000000000003
-0.018
2.954999999999842
3.3889999999999962
-3.888000000001735
-6.2049999999989165
2.0919999999993877
-0.46000000000000035
-0.004
0.0
