-1675.9669999672806
0.0
0.0
-51.90400000001747
-44.62799999998143
26.465999999998623
-138.15800000020448
24.000000000011656
28.53399999998376
0.0
3.5779999999946144
-46.78599999999409
15.084000000074848
-32.217999999964796
15.600999999940363
-53.31100000000181
-0.1050000000001804
-0.3750000000000003
-5.148999999997134
-67.77000000002322
21.635000000168304
64.14700000031691
7.678000000086463
-97.94200000012202
22.705000000004766
22.60100000000464
179.61699999988573
-107.45200000035439
36.14800000006201
119.08300000066569
-49.65600000016619
-40.104999999990305
-20.071999999998326
32.41899999999366
-37.3570000000022
-79.52600000000544
-34.68700000007603
31.771000000054933
-2.064000000013214
-35.17000000004109
63.11799999993039
20.668000000002277
112.45000000013736
25.82900000005905
-93.30400000012106
-34.37600000013612
47.27999999999889
45.067999999985666
-14.292000000001442
0.0
