-1.1799999999999808
0.0
0.0
0.0
0.0
0.0
0.0
0.0
0.0
0.0
0.0
0.0
0.0
0.0
0.0
0.0
0.0
0.0
0.0
0.0
0.0
0.0
0.0
0.0
0.0
0.0
0.0
0.0
0.0
0.0
0.0
0.0
0.0
0.0
0.0
0.0
0.0
0.0
0.0
0.0
0.0
0.0
0.0
0.0
0.0
0.0
0.0
0.0
0.0
0.0
0.0
0.0
0.0
0.0
0.0
0.0
0.0
0.0
0.0
0.0
0.0
0.0
0.0
0.0
0.0
0.0
0.0
0.0
0.0
0.0
-0.007
-0.007
-0.007
-0.007
-0.007
0.0
-0.022000000000000013
-0.022000000000000013
0.0
0.0
0.0
0.0
0.0
0.0
0.0
0.0
0.0
0.0
0.0
0.0
0.0
0.0
0.0
0.0
0.0
-0.023000000000000013
-0.024000000000000014
-0.03400000000000002
-0.04300000000000003
-0.035000000000000024
-0.025000000000000015
0.008
0.012000000000000004
0.04500000000000003
-0.008
-0.02900000000000002
-0.04400000000000003
0.006
0.005
0.02100000000000001
0.0
0.0
0.0
0.0
0.0
0.0
0.0
0.0
0.0
0.0
0.0
0.022000000000000013
-0.006
-0.02900000000000002
0.001
-0.015000000000000006
-0.007
-0.003
0.005
-0.013000000000000005
-0.023000000000000013
-0.058000000000000045
0.007
0.046000000000000034
-0.010000000000000002
-0.017000000000000008
-0.001
0.036000000000000025
0.011000000000000003
0.003
0.001
0.001
0.0
0.0
0.0
0.0
0.0
0.0
0.0
0.0
0.0
-0.007
0.02000000000000001
0.03200000000000002
-0.04000000000000003
-0.014000000000000005
-0.04200000000000003
-0.005
-0.03900000000000003
0.035000000000000024
-0.027000000000000017
0.03300000000000002
-0.03100000000000002
-0.04400000000000003
-0.017000000000000008
0.06400000000000004
-0.01900000000000001
0.04500000000000003
-0.05000000000000004
0.027000000000000017
-0.002
0.0
0.0
0.0
0.0
0.0
0.0
0.0
0.0
0.0
-0.011000000000000003
-0.015000000000000006
-0.02000000000000001
-0.024000000000000014
-0.02000000000000001
-0.023000000000000013
-0.04300000000000003
0.001
0.0
-0.035000000000000024
-0.024000000000000014
0.001
-0.06700000000000005
-0.006
0.05600000000000004
-0.03200000000000002
0.01900000000000001
-0.011000000000000003
-0.035000000000000024
-0.004
-0.022000000000000013
0.0
0.0
0.0
0.0
0.0
0.0
0.0
0.0
-0.026000000000000016
-0.02900000000000002
-0.007
-0.04000000000000003
-0.046000000000000034
-0.06200000000000005
-0.057000000000000044
-0.03300000000000002
-0.03800000000000003
-0.02100000000000001
-0.02900000000000002
-0.009000000000000001
0.02100000000000001
0.0
-0.027000000000000017
0.013000000000000005
0.006
-0.028000000000000018
0.025000000000000015
-0.03300000000000002
-0.006
-0.003
0.0
0.0
0.0
0.0
0.0
0.0
0.0
-0.036000000000000025
-0.002
0.003
0.037000000000000026
-0.010000000000000002
-0.022000000000000013
0.05300000000000004
0.006
-0.013000000000000005
0.013000000000000005
0.0
0.007
-0.04000000000000003
0.03000000000000002
-0.011000000000000003
-0.026000000000000016
-0.01900000000000001
0.01900000000000001
-0.01900000000000001
-0.007
-0.005
-0.003
0.0
0.0
0.0
-0.003
0.0
0.0
-0.005
-0.037000000000000026
-0.011000000000000003
-0.06200000000000004
0.015000000000000006
-0.013000000000000005
-0.05000000000000004
0.023000000000000013
-0.05400000000000004
0.04000000000000003
0.03900000000000003
-0.007
-0.006
0.006
-0.005
-0.037000000000000026
-0.007
-0.014000000000000005
-0.022000000000000013
-0.013000000000000005
-0.005
-0.003
0.0
0.0
0.0
0.0
0.0
0.0
0.0
-0.006
-0.02900000000000002
-0.013000000000000005
-0.03400000000000002
0.001
0.04900000000000004
-0.03900000000000003
0.05300000000000004
0.016000000000000007
-0.008
0.08200000000000006
0.015000000000000006
0.05400000000000004
0.016000000000000007
-0.022000000000000013
-0.026000000000000016
0.002
-0.02100000000000001
-0.009000000000000001
-0.013000000000000005
-0.004
0.03200000000000002
-0.003
0.0
0.0
0.0
0.0
0.0
-0.001
-0.007
-0.017000000000000008
0.01900000000000001
0.02000000000000001
0.011000000000000003
-0.025000000000000015
0.004
0.028000000000000018
-0.05100000000000004
0.028000000000000018
0.04400000000000003
0.03100000000000002
0.046000000000000034
-0.014000000000000005
-0.012000000000000004
-0.01900000000000001
-0.05100000000000004
-0.010000000000000002
-0.007
-0.012000000000000004
-0.006
0.03200000000000002
-0.002
0.0
0.0
0.0
0.0
0.0
0.0
-0.002
-0.012000000000000004
0.08200000000000006
0.05000000000000004
-0.001
-0.007
-0.04500000000000003
-0.004
-0.027000000000000017
0.06500000000000004
0.08800000000000006
0.1220000000000001
-0.022000000000000013
0.011000000000000003
0.017000000000000008
-0.006
-0.023000000000000013
-0.013000000000000005
-0.004
-0.004
-0.004
-0.003
0.0
0.0
0.0
0.0
0.0
0.0
0.0
-0.001
0.01900000000000001
0.05400000000000004
0.03000000000000002
0.024000000000000014
-0.008
-0.057000000000000044
-0.02900000000000002
-0.004
0.03200000000000002
0.10400000000000008
0.09900000000000007
0.03800000000000003
0.007
-0.007
-0.04400000000000003
-0.02000000000000001
-0.023000000000000013
-0.011000000000000003
-0.005
-0.004
-0.003
0.0
0.0
0.0
0.0
0.0
0.0
0.0
0.0
0.022000000000000013
0.006
-0.036000000000000025
-0.01800000000000001
-0.026000000000000016
-0.028000000000000018
-0.012000000000000004
0.036000000000000025
0.028000000000000018
0.18700000000000014
0.037000000000000026
-0.025000000000000015
0.006
-0.004
-0.036000000000000025
-0.008
-0.010000000000000002
-0.013000000000000005
-0.007
-0.005
0.012000000000000004
0.012000000000000004
0.0
0.0
0.0
0.0
0.0
0.0
0.0
-0.010000000000000002
-0.015000000000000006
-0.028000000000000018
0.013000000000000005
-0.006
-0.037000000000000026
-0.007
0.009000000000000001
0.06600000000000004
0.19000000000000014
0.04100000000000003
0.008
-0.03900000000000003
0.03400000000000002
-0.04900000000000004
-0.028000000000000018
-0.010000000000000002
-0.014000000000000005
-0.008
0.0
0.0
0.0
0.0
0.0
0.0
0.0
0.0
0.0
0.0
0.0
-0.01800000000000001
-0.025000000000000015
0.013000000000000005
0.024000000000000014
-0.002
0.022000000000000013
0.02900000000000002
0.03000000000000002
0.03800000000000003
0.015000000000000006
-0.03300000000000002
0.016000000000000007
-0.013000000000000005
0.005
-0.037000000000000026
-0.025000000000000015
-0.008
-0.012000000000000004
-0.001
-0.001
0.0
0.0
0.0
0.0
0.0
0.0
-0.001
-0.001
-0.004
-0.012000000000000004
-0.017000000000000008
0.009000000000000001
-0.03200000000000002
-0.04400000000000003
-0.03800000000000003
-0.04500000000000003
0.03400000000000002
0.06800000000000005
-0.047000000000000035
0.007
-0.03800000000000003
-0.05400000000000004
0.008
-0.03400000000000002
-0.03000000000000002
-0.02100000000000001
-0.027000000000000017
-0.002
-0.002
0.009000000000000001
0.0
0.0
0.0
0.0
0.0
-0.003
-0.003
-0.014000000000000005
0.014000000000000005
-0.057000000000000044
-0.012000000000000004
-0.036000000000000025
-0.01900000000000001
-0.037000000000000026
0.05100000000000004
0.013000000000000005
0.09700000000000007
-0.057000000000000044
-0.03900000000000003
0.01800000000000001
-0.015000000000000006
0.03000000000000002
0.036000000000000025
-0.02100000000000001
-0.04300000000000003
-0.028000000000000018
-0.008
-0.006
0.009000000000000001
0.015000000000000006
0.0
0.0
0.0
0.0
-0.003
-0.004
-0.013000000000000005
-0.05300000000000004
-0.09100000000000007
-0.028000000000000018
0.03900000000000003
0.01800000000000001
-0.02900000000000002
0.02100000000000001
0.028000000000000018
0.006
0.05100000000000004
-0.058000000000000045
-0.04500000000000003
0.05200000000000004
0.04300000000000003
0.03900000000000003
0.02000000000000001
-0.028000000000000018
-0.004
0.012000000000000004
0.01800000000000001
0.0
0.015000000000000006
0.0
0.0
0.0
0.0
0.023000000000000013
0.022000000000000013
0.012000000000000004
-0.014000000000000005
0.04100000000000003
0.02000000000000001
-0.02000000000000001
0.06200000000000004
0.01800000000000001
0.025000000000000015
0.03300000000000002
0.058000000000000045
0.002
0.09200000000000007
-0.05300000000000004
0.006
-0.006
-0.002
0.011000000000000003
-0.022000000000000013
-0.01800000000000001
-0.002
0.047000000000000035
0.0
0.0
0.0
0.0
0.0
0.0
0.023000000000000013
0.022000000000000013
0.009000000000000001
0.09600000000000007
0.007
0.010000000000000002
0.014000000000000005
-0.016000000000000007
-0.001
-0.04100000000000003
-0.001
-0.05300000000000004
-0.004
-0.005
0.04100000000000003
-0.02900000000000002
-0.010000000000000002
0.01800000000000001
0.01800000000000001
0.007
-0.015000000000000006
0.035000000000000024
0.024000000000000014
0.0
0.0
0.0
0.0
0.0
0.0
0.025000000000000015
0.023000000000000013
-0.017000000000000008
0.059000000000000045
0.01900000000000001
-0.022000000000000013
0.001
-0.012000000000000004
0.006
0.005
-0.03800000000000003
0.05300000000000004
0.016000000000000007
-0.046000000000000034
0.02100000000000001
0.03800000000000003
-0.03400000000000002
0.0
0.03400000000000002
0.011000000000000003
0.01800000000000001
0.024000000000000014
0.047000000000000035
0.0
0.0
0.0
0.0
0.0
0.0
0.0
-0.046000000000000034
-0.014000000000000005
0.013000000000000005
-0.012000000000000004
0.04300000000000003
0.05300000000000004
-0.005
-0.02900000000000002
-0.028000000000000018
-0.016000000000000007
0.03400000000000002
0.03100000000000002
0.004
0.03200000000000002
0.08700000000000006
0.02100000000000001
0.011000000000000003
-0.004
-0.008
-0.006
0.0
0.0
0.0
0.0
0.0
0.0
0.0
0.0
0.0
-0.04500000000000003
-0.014000000000000005
-0.003
-0.015000000000000006
-0.035000000000000024
-0.04500000000000003
0.011000000000000003
-0.005
-0.05200000000000004
0.05400000000000004
-0.03900000000000003
-0.04100000000000003
0.06100000000000005
0.014000000000000005
0.05300000000000004
-0.008
-0.009000000000000001
-0.03300000000000002
-0.001
0.0
0.0
0.0
0.0
0.0
0.0
0.0
0.0
0.0
0.0
-0.002
-0.002
-0.015000000000000006
-0.024000000000000014
-0.03100000000000002
-0.03300000000000002
-0.058000000000000045
-0.037000000000000026
-0.03100000000000002
-0.001
-0.03100000000000002
-0.060000000000000046
-0.03300000000000002
-0.023000000000000013
-0.003
-0.001
-0.001
-0.001
-0.001
0.0
0.0
0.0
0.0
0.0
0.0
0.0
0.0
0.0
0.0
-0.002
-0.013000000000000005
-0.015000000000000006
-0.003
-0.009000000000000001
-0.008
-0.003
-0.025000000000000015
-0.027000000000000017
-0.011000000000000003
-0.011000000000000003
-0.006
-0.004
-0.004
-0.003
0.0
0.0
0.0
0.0
0.0
0.0
0.0
0.0
0.0
0.0
0.0
