-1613.3349999687616
0.0
0.0
0.0
0.0
0.0
-0.009000000000000001
-9.279000000000297
-18.542000000000602
-22.903999999998184
-22.851999999998213
0.0
0.0
0.0
0.0
0.0
0.0
0.0
0.0
-0.004
-0.025
-60.50899999998928
-115.10999999999957
-140.97499999999738
-42.29700000001463
-71.53700000002495
-27.826999999986878
9.126999999996004
0.0
-23.7799999999977
0.0
0.0
0.0
22.8140000000049
36.78100000000549
-9.91799999999575
40.44200000000705
-13.457999999994634
13.37199999996745
12.67500000000182
20.48400000001397
6.925000000005384
36.47700000001311
57.44899999998514
73.92900000000898
-12.013999999999088
0.0
-5.306000000000107
22.483000000022646
-22.151000000009716
2.901999999988745
-12.22499999995455
-27.009000000043788
-76.54699999999606
-22.92599999993875
7.205000000076834
-13.339000000001972
63.61800000015746
-19.335999999997874
-35.12599999998595
-11.758000000000596
0.0
-39.49300000000138
24.984000000025787
9.530000000020072
17.7279999999952
-15.004999999826405
3.5419999999726386
-71.46600000000107
-33.29199999995065
9.57000000002725
-38.04599999998862
-18.76299999999983
20.706000000004284
0.6529999999999985
-0.002
0.0
-42.973999999990454
-60.80199999987213
-43.125999999986206
-20.02799999996475
8.42200000002875
16.71600000002992
-40.10999999998407
58.562000000085554
22.30400000001954
48.59300000013872
18.731999999991782
-43.21599999998257
-14.921999999997169
-14.820999999997225
0.10200000000000008
-28.7410000000123
84.67799999995908
4.995000000004655
51.24600000010967
55.41700000045323
47.92599999991002
-19.9210000000013
19.67700000001521
78.73899999999676
-11.712999999958871
67.68500000009323
-35.66900000000102
16.367000000000594
-7.639000000000886
0.10200000000000008
-28.969000000012574
8.287999999997249
35.065000000067094
-35.89299999999486
59.085000000140774
48.68400000007964
13.636000000065055
98.23699999964283
122.48899999941153
-3.325000000013769
5.946999999988696
-17.370999999978963
-8.22899999998537
-7.576000000000865
0.0
-29.903000000013563
-67.71400000001475
24.092999999948617
44.91799999995932
5.07999999997902
1.8039999999899776
34.56099999995047
46.881000000075375
-24.634000000024866
18.884000000011447
5.44300000001663
-5.236000000002495
-53.97899999998045
-16.958999999997744
0.0
-1.4619999999999498
-84.29499999997257
23.60300000003687
-36.83200000003698
-67.75600000008785
32.53099999986744
-3.058000000009381
27.841999999988346
3.149999999990509
-36.41199999998668
-32.65299999995198
-49.27600000002588
-19.399000000000726
0.0
0.0
-4.216000000000048
-19.479000000000163
-21.16700000002021
-42.360999999979505
-45.72900000000014
-89.79399999994646
-33.88699999999731
-43.53400000006261
18.90700000004997
4.506999999995257
-13.37600000001173
8.86500000000516
-4.968999999999994
0.0
0.0
-2.2679999999998612
-27.28100000000762
-19.491000000000195
36.14600000001718
19.80400000000104
12.266000000068335
16.812000000021403
9.055000000057667
26.72399999993606
-7.632000000017038
26.906000000050366
30.48899999999039
10.703999999999507
0.0
0.0
-0.002
0.0
-58.76699999998903
-74.5640000000036
-36.176999999980055
-94.06299999996111
-88.89999999985912
-58.06900000002652
-56.93900000004232
-72.15300000001326
-43.76700000001739
49.6970000000174
0.0
0.0
0.0
