-217.59300000067492
0.0
0.0
0.0
0.0
0.0
0.0
-2.1569999999998735
-4.3179999999997465
-3.871999999999795
-4.716999999999703
-0.4270000000000003
0.0
0.0
0.0
0.0
0.0
0.0
0.0
-0.008
-1.2949999999999682
-12.374999999999057
-9.158000000000106
-6.331000000000363
-4.533999999999374
-7.287999999998178
-6.177999999999607
8.317999999999293
0.0
-11.927000000000653
0.0
0.0
0.0
6.117000000000121
-3.8960000000002477
11.158999999999212
4.57699999999776
-3.732000000001849
10.495000000001786
-3.8550000000029225
0.37400000000000183
11.825999999996787
5.84200000000304
20.52700000000067
7.4269999999983725
-0.002
0.0
0.0
5.939999999999931
-8.124000000002813
12.738999999998345
-5.155999999998894
-3.373000000002659
-12.987999999993376
-0.8529999999999995
-0.9750000000000009
1.4550000000004804
10.47800000000518
-9.149999999998757
-9.157999999999108
-10.679000000000237
0.0
0.7860000000000006
4.676000000000339
-5.530999999998564
-0.33500000000000013
-2.1060000000025054
2.422999999998493
-9.44199999999595
-0.8640000000000005
-1.0870000000004398
-3.278999999997446
-3.2889999999991724
13.852000000000622
-15.84700000000021
0.0
-0.001
0.7020000000000005
1.9370000000001946
-13.223999999993932
2.496999999997815
4.71599999999915
-3.0070000000019474
-9.015999999991704
9.041000000012321
7.517000000011309
-6.411999999998827
8.48799999999867
0.8080000000000009
-8.420000000000362
-0.016000000000000007
0.0
0.7070000000000005
8.453000000002163
8.955000000001634
-4.145000000001915
14.222000000015628
6.509999999999944
-1.1680000000003534
4.550999999998096
12.576000000019656
2.786000000000839
-0.16099999999999776
-15.25900000000086
-1.9040000000000388
0.0
0.0
0.7620000000000006
-5.912999999999674
7.79400000000708
8.429999999995697
4.400999999998986
2.1889999999985603
7.501000000010612
6.895000000000726
7.366000000011055
1.2579999999999611
3.2149999999970187
1.0280000000000538
4.84999999999985
0.0
0.0
-6.93400000000065
-4.478000000000178
-2.57000000000077
8.69100000000337
-9.980999999994461
0.5800000000000007
11.698000000000041
9.73199999999929
-3.389999999999811
5.53999999999746
3.496999999998553
0.3460000000000001
-5.883000000000126
-0.08000000000000006
0.0
-7.031000000000683
-11.716999999996144
3.0799999999999486
-3.4149999999983076
-16.06699999999773
3.650999999998253
2.9799999999986664
1.237999999999221
-1.5210000000019388
-8.894999999997184
-21.230999999996772
-5.697000000000178
-2.397999999999847
0.0
0.0
-0.004
-11.295000000001172
-1.64699999999951
-10.733999999998142
-5.194000000001053
-12.386999999996338
-8.099000000001887
-0.016999999999999515
-2.5970000000015627
4.2249999999988415
8.701000000001779
-2.8589999999992672
7.609000000000091
0.0
0.0
0.0
-1.8839999999999033
-4.7260000000000035
-8.446999999998054
5.542999999998388
-1.6250000000022087
-0.2359999999999991
-1.8650000000026261
10.771000000008065
-2.2790000000006017
0.9350000000000009
-9.783999999999908
0.3030000000000002
0.0
0.0
0.0
0.0
-1.314000000000001
-9.03300000000041
-4.047000000000248
-4.434999999999791
-8.839999999997715
-3.8460000000008994
-15.391999999998612
-13.332000000001122
-4.6849999999997065
15.768000000001935
0.0
0.0
0.0
