-444.0069999964125
0.0
0.0
0.0
0.0
0.0
-0.03800000000000003
-0.07200000000000005
-0.006
-9.033999999999686
-2.1539999999999844
-0.003
-0.006
0.0
0.0
0.0
0.0
0.0
0.0
0.0
-0.008
-26.995000000001156
-29.004000000000296
-28.275000000001317
-14.566000000004443
-22.5769999999964
-20.14000000000038
-13.755999999997815
0.0
-2.3719999999999604
0.0
0.0
0.0
5.6710000000002285
14.78499999999913
1.4479999999989077
15.49400000000518
-8.171999999991465
6.9380000000116056
4.843000000002471
23.457000000002342
-8.084999999998265
3.8679999999994727
23.436000000002764
21.044999999998286
-6.68699999999992
0.0
-3.7719999999996956
-0.5530000000000003
-3.288000000000085
0.39900000000000074
5.693000000006308
-12.806999999963823
-17.97599999999506
-5.730999999979923
-3.000000000004727
-0.6400000000000002
15.420000000007516
3.5630000000013027
-10.29099999999912
-3.5749999999998305
0.0
-12.415000000000285
8.978000000003473
2.3499999999998984
0.9890000000000005
-1.2070000000018142
-3.0880000000047354
-15.05100000000625
-7.396999999990351
3.2719999999983322
-9.221999999981238
-3.9549999999938925
4.119000000001283
-5.456000000002035
0.0
0.0
-14.221999999997443
-12.917999999992421
-14.121999999997563
-1.3390000000040707
8.3250000000044
-0.12100000000000274
-9.80599999998796
13.920000000022092
13.73600000002685
5.677000000007305
12.056999999997977
-5.6530000000022165
-2.3509999999996136
-4.735999999999916
0.16600000000000012
-9.994999999999909
25.16099999999098
4.888000000002724
9.770000000016038
19.684000000011636
15.029999999989888
-6.838000000001964
-3.2380000000071205
21.70000000000586
2.3179999999996745
11.102000000006642
-3.2559999999993363
2.2720000000000375
-1.6519999999999289
0.16600000000000012
-9.812999999999974
-1.2909999999998216
6.3570000000131
-4.875000000003696
16.05200000002322
14.91200000000592
4.906000000006349
29.25599999996261
34.859999999992475
-5.590000000001988
-1.0609999999999773
-5.882000000004019
-3.2170000000009096
-1.6379999999999304
0.0
-13.671999999997862
-23.537000000000823
5.197999999997107
13.494999999994612
2.566999999991741
-7.330999999990906
10.717999999998938
16.05100000001223
-5.86499999999092
7.748000000002624
15.974000000005946
-19.70300000000161
-17.761999999999237
-8.87600000000052
0.0
-5.056000000000023
-16.26500000000517
16.08100000000384
-12.799999999985598
-20.534999999997783
4.117999999991812
-4.097000000002359
0.09199999999999994
-2.9480000000006985
-13.614999999989568
-12.91699999999974
-6.9859999999966815
-5.863000000000293
0.0
0.0
-1.342999999999963
-27.243000000007175
-7.379000000000703
-11.21399999999635
-14.407999999996669
-26.948999999978845
-6.765000000002449
-7.792999999975857
1.5209999999954504
7.165000000003609
-11.385999999999193
-4.149999999998505
-1.115999999999988
0.0
0.0
-2.4749999999998384
-14.013999999998587
-4.8339999999992385
11.450999999997633
1.236000000000046
-0.9520000000000022
-1.3620000000025314
-1.8280000000041927
7.957000000013476
-9.167999999996875
9.372000000004462
5.38999999999693
1.5739999999999374
0.0
0.0
-0.015000000000000006
0.0
-6.684000000000567
-24.191999999999766
-12.133000000000367
-23.965999999994516
-26.52299999997777
-11.253000000001196
-18.46600000000045
-23.228999999999036
-10.000000000000119
-0.003
0.0
0.0
0.0
