-0.3940000000000003
0.0
0.0
0.0
0.0
0.0
0.0
0.0
0.0
-0.018000000000000002
-0.018000000000000002
0.0
0.0
0.0
0.0
0.0
0.0
0.0
0.0
0.0
-0.001
-0.04000000000000001
-0.012000000000000004
-0.07500000000000005
-0.09300000000000005
-0.036000000000000004
-0.014
-0.006
0.0
0.0
0.0
0.0
0.0
0.0
0.023000000000000013
0.016000000000000004
-0.021999999999999974
0.02500000000000001
0.014000000000000009
0.003000000000000052
-0.010000000000000004
-0.015
0.02500000000000001
0.032
0.010000000000000002
-0.006
0.0
0.0
0.0
0.001
0.026000000000000027
-0.0010000000000000035
-0.035
-0.07300000000000002
-0.047000000000000014
0.009000000000000008
0.06200000000000003
-0.034
0.02000000000000004
-0.005
-0.02500000000000001
0.0
-0.008
-0.024000000000000004
-0.013999999999999993
-0.029999999999999978
-0.001000000000000007
-0.03499999999999999
-0.06400000000000003
0.025000000000000015
-0.028999999999999984
-0.025999999999999968
0.009000000000000005
0.018999999999999996
0.015000000000000003
-0.001
0.0
-0.010000000000000002
-0.032
-0.01699999999999996
0.0030000000000000356
-0.012999999999999994
-0.012999999999999994
-0.06900000000000005
-0.005999999999999994
0.011999999999999997
-0.020000000000000046
-0.001999999999999993
0.012999999999999998
-0.06200000000000003
-0.014000000000000005
0.0
0.006
-0.016
0.030000000000000027
0.001
0.031
0.11300000000000009
-0.02399999999999997
0.011000000000000003
0.033000000000000015
0.019
0.025000000000000015
-0.045
-0.04
0.0
0.0
0.012000000000000004
0.001
0.04900000000000003
0.03600000000000003
0.03500000000000002
-0.02300000000000002
0.030000000000000006
0.03700000000000005
0.10300000000000006
0.0060000000000000045
0.041999999999999996
0.021000000000000026
0.001
0.0
0.0
-0.013000000000000005
-0.059000000000000025
0.047
0.023999999999999987
0.03899999999999998
-0.06000000000000001
0.027000000000000017
0.06700000000000003
-0.014999999999999993
-0.04000000000000002
0.006999999999999998
-0.059000000000000025
-0.01800000000000001
0.0
0.0
-0.010000000000000002
-0.002999999999999986
-0.015000000000000003
-0.055000000000000035
-0.05800000000000004
-0.06300000000000001
-9.99999999999993E-4
-0.020999999999999956
0.014000000000000002
-0.04400000000000005
0.010000000000000002
-0.05500000000000001
-0.005
0.0
0.0
-0.011000000000000003
-0.023000000000000007
-0.06300000000000003
-0.028000000000000025
-0.011999999999999986
-0.024999999999999984
-0.048000000000000015
0.01600000000000001
-0.010999999999999996
-0.027000000000000003
0.011
0.016
0.008
0.0
0.0
-0.004
-0.015
-0.02800000000000001
-0.028000000000000014
0.030999999999999986
0.003
-0.009000000000000005
0.002999999999999999
-0.009000000000000001
-0.015000000000000006
0.038000000000000006
0.02600000000000001
0.0
0.0
0.0
0.0
0.0
-0.017
-0.04200000000000001
-0.03800000000000002
-0.08700000000000005
-0.06600000000000002
-0.08500000000000005
-0.06900000000000003
-0.015000000000000003
-0.014
-0.002
0.0
0.0
0.0
