-70.26599999997146
0.0
0.0
0.0
0.0
0.0
-0.023000000000000013
-0.043000000000000024
0.0
0.0
0.0
0.0
0.0
0.0
0.0
0.0
0.0
0.0
0.0
0.0
0.0
-6.7149999999998045
0.3210000000000004
1.907999999999948
-3.160999999999762
-6.413999999999665
-5.0799999999996475
3.1279999999999366
0.0
-1.3539999999999617
0.0
0.0
0.0
0.0
-0.7990000000000006
2.4689999999994168
-1.531999999999975
-1.755000000000124
-2.3680000000009964
1.757999999998829
1.9589999999992105
1.2019999999999602
1.8129999999997701
7.271000000000688
0.7810000000000007
-0.3060000000000002
0.0
0.0
3.4799999999998383
0.5060000000000004
3.6129999999983413
-2.0110000000002564
-2.091000000001619
-4.102000000000718
-2.658000000000093
-0.9740000000000008
-0.0849999999999999
2.556000000000553
-0.6210000000000006
-1.970999999999796
2.501999999999825
0.0
-0.43300000000000033
0.2640000000000002
-2.702999999999627
-0.7150000000000005
-3.10700000000074
-0.5360000000000004
-7.408999999999221
-2.189000000000634
0.47200000000000036
-4.516999999999669
1.0599999999999445
-0.8630000000000007
1.0610000000000792
-0.011000000000000003
0.0
-3.4389999999998797
-2.9670000000001093
-2.084000000000088
-2.979000000000332
1.6119999999997323
3.508999999998255
0.7090000000000007
-0.04399999999999667
4.680000000002196
3.0400000000001217
-0.4999999999999998
-5.186000000000146
1.8130000000001556
0.0
0.0
-0.9560000000000007
3.458999999999989
4.6380000000000905
4.447999999999496
-0.3499999999999996
-1.0219999999999783
0.9820000000000008
0.7790000000000005
6.486000000004361
-0.21000000000000035
6.310999999999938
2.9169999999992924
0.2920000000000002
0.0
0.0
0.005
-0.6230000000000007
-2.6380000000004244
-0.6799999999999992
4.524999999996589
2.09799999999966
1.7019999999990783
4.96099999999957
6.779000000003308
0.3959999999999997
0.3670000000000005
-0.817000000000001
0.09900000000000009
0.0
0.0
0.004
-3.521999999999817
-0.38400000000000034
3.8119999999994927
-2.2400000000008853
-1.6250000000003544
5.567999999996536
-1.9890000000003223
1.9860000000000364
-2.7460000000001346
-1.9079999999997594
6.870999999999023
-5.418999999999914
-1.124999999999987
0.0
-1.3049999999999897
-1.7280000000001028
4.266000000000111
0.9460000000000007
-5.751999999999591
1.2839999999997744
-0.7530000000000006
1.206000000000046
-2.5899999999997543
-1.2390000000002837
-7.77299999999903
-4.257999999999753
-1.3199999999999654
0.0
0.0
-0.006
-0.22800000000000017
-0.27699999999999936
-8.336999999999641
-2.1689999999995924
-2.0690000000011595
-1.0229999999999901
-4.100999999999897
2.259000000000045
4.019999999999984
0.5500000000000005
-2.961999999999785
-0.001
0.0
0.0
0.0
-3.1859999999998396
-1.5700000000001089
-0.4960000000000002
1.5329999999998534
-2.933000000000594
3.7819999999995715
0.06799999999999949
1.441000000000155
-0.34500000000000003
-0.43000000000000027
1.73199999999992
-0.001
0.0
0.0
0.0
0.0
-4.20799999999974
-4.9840000000000275
-5.010999999999369
-7.274000000000234
-8.28399999999867
2.3200000000002383
-1.5830000000001785
-5.321999999999721
-0.015000000000000003
7.7139999999993725
0.0
0.0
0.0
