-0.2810000000000002
0.0
0.0
0.0
0.0
0.0
-0.013000000000000005
-0.016000000000000004
0.0
0.0
0.0
0.0
0.0
0.0
0.0
0.0
0.0
0.0
0.0
0.0
0.0
-0.039
-0.041000000000000016
-0.04300000000000001
-0.03900000000000002
-0.024000000000000004
-0.007
-0.001
0.0
0.0
0.0
0.0
0.0
0.0
0.004
0.013999999999999997
-0.026999999999999993
0.0019999999999999957
-0.03399999999999999
-0.018000000000000002
0.02700000000000001
-0.027000000000000003
-0.01
-0.024000000000000007
0.006
-0.006
0.0
0.0
0.011000000000000003
-0.002
0.019000000000000024
0.01
0.036000000000000004
-0.10000000000000006
0.012999999999999973
-0.016999999999999984
0.028999999999999984
-0.026000000000000023
0.013999999999999997
-0.005
-0.001
0.0
0.001
-0.013999999999999999
0.007999999999999997
-0.033000000000000015
-0.015000000000000024
-0.06000000000000001
-0.049
-1.734723475976807E-17
-0.019000000000000013
0.011999999999999997
0.03500000000000002
0.06600000000000003
-0.004
0.0
0.0
-0.003
-0.027999999999999997
-0.006
0.009000000000000001
0.009000000000000008
0.008000000000000004
-0.07100000000000005
0.02899999999999996
0.05199999999999999
-0.04200000000000001
-0.014999999999999937
-0.027999999999999983
-0.05400000000000001
0.0
0.0
-0.003
-0.026000000000000002
-0.011
-0.009000000000000003
0.037999999999999964
0.07800000000000004
0.013000000000000024
-0.021999999999999967
0.035
0.04200000000000001
-0.010000000000000002
0.0019999999999999983
-0.001
0.0
0.0
-0.003
-0.023
0.017999999999999978
0.02999999999999995
0.04600000000000001
-0.007000000000000008
9.999999999999957E-4
0.041000000000000036
0.013000000000000017
0.07800000000000004
0.007000000000000004
-0.008
0.012000000000000004
0.0
0.0
-0.014000000000000005
-0.009000000000000005
-0.0069999999999999915
0.07500000000000005
-0.011999999999999983
-0.049000000000000044
0.024999999999999998
0.013000000000000038
-0.016999999999999994
-0.0020000000000000052
-0.05600000000000002
0.016
-0.007
0.0
0.0
-0.010000000000000002
-0.003
0.004
-0.02
-0.08600000000000005
0.013000000000000001
0.013000000000000008
-0.006000000000000001
-0.03900000000000001
-0.05700000000000002
-0.007999999999999993
-0.026999999999999996
-0.009000000000000001
0.0
0.0
0.0
-0.014000000000000002
-0.03
-0.07600000000000004
-0.031000000000000014
-0.013999999999999995
-0.032
0.005999999999999997
0.006
0.02400000000000001
-0.017
-0.020000000000000007
-0.003
0.0
0.0
0.0
-0.010000000000000002
-0.024999999999999998
0.008
0.032
-0.033000000000000015
0.02999999999999998
0.01900000000000003
-0.0050000000000000105
-0.002
0.029999999999999995
-0.019000000000000003
0.0
0.0
0.0
0.0
0.0
-0.001
-0.07200000000000004
-0.013000000000000003
-0.07700000000000005
-0.05000000000000002
-0.07600000000000004
-0.054000000000000006
-0.029000000000000012
-0.003
-0.009000000000000001
0.0
0.0
0.0
