-205.45400000061696
0.0
0.0
0.0
0.0
0.0
-0.017000000000000008
-1.6739999999999264
-3.314999999999857
-4.757999999999698
-2.1239999999999877
-0.008
0.0
0.0
0.0
0.0
0.0
0.0
-0.001
0.0
0.0
-13.41900000000007
-24.1420000000004
-15.622999999999772
-3.495999999999691
-11.8070000000014
-14.933999999998845
-5.160000000000058
-0.001
-0.2880000000000002
0.0
0.0
0.0
-0.47800000000000037
-8.360000000000001
-1.2270000000004964
6.858999999998951
-6.2939999999942495
1.8729999999981133
-9.398999999994738
3.8829999999983276
2.01000000000011
2.269999999999803
2.9809999999983012
8.385999999999
-3.4439999999998423
0.0
-0.009000000000000001
5.421000000000339
-9.6440000000004
6.237000000001225
-12.076999999995062
-2.7130000000018777
-11.782999999998115
-3.728999999999588
-3.4560000000013718
6.457000000008065
2.949000000000016
0.22400000000000014
1.8139999999996286
-0.44300000000000034
0.0
0.0
-3.248000000000789
1.9229999999993956
1.5909999999982818
-5.691999999996303
-5.900999999996871
-13.959999999990139
-2.027000000001003
-2.780000000002885
-8.817999999992805
-3.0439999999977077
3.586999999998434
-8.028000000000906
-0.004
0.0
-0.8510000000000006
-7.179000000001791
-8.137999999999403
-2.121000000000606
5.766000000000499
2.7589999999974233
-10.540999999995508
8.97300000000308
2.0519999999964553
6.675000000001988
-0.8420000000000003
-3.4149999999997065
-5.037999999999916
0.0
0.0
-0.8520000000000006
8.97400000000193
4.979000000001645
0.1410000000000049
7.59500000000505
6.754999999994872
-1.3700000000005639
5.221999999998007
10.563000000011392
3.1970000000021663
7.86399999999975
-5.65399999999939
2.680000000000112
-2.3729999999998497
0.0
-1.6459999999999295
4.956999999998438
9.62600000000377
-2.0250000000004937
8.14000000000149
4.689000000001688
-5.092999999998152
22.63699999998806
17.369000000010352
-2.887999999999416
-0.8700000000000007
2.0500000000007366
5.716000000000971
-2.3769999999998492
0.0
-0.02100000000000001
-7.846999999999278
-4.8629999999964815
5.366000000002925
2.3669999999972173
-0.15299999999999994
5.532999999998233
5.53299999999973
-0.7400000000000008
-1.4640000000000362
4.121999999998118
6.273999999999151
-17.491999999999926
-2.37199999999985
0.0
-0.6220000000000004
-7.049999999998362
4.7240000000008875
5.381000000002276
-5.695999999998899
2.9539999999983038
-5.946999999995544
3.4169999999995735
9.699000000009354
-4.08799999999952
-8.206999999995267
-10.590999999999392
-3.486999999999727
0.0
0.0
-1.8309999999999707
-5.160999999999873
-5.152000000001334
-12.59599999999789
-1.1089999999998488
-6.112000000001371
-2.916000000001338
-6.892999999982961
-0.783000000000001
6.201000000000608
2.9839999999984466
1.8550000000004578
7.731000000000047
0.0
0.0
-0.001
-1.1129999999999882
0.7990000000000007
0.5650000000000006
8.44600000000517
-3.3170000000008395
7.803000000005422
1.9949999999962547
0.09599999999999977
1.4229999999996323
0.12100000000000014
9.779999999998804
3.841999999999688
0.0
0.0
-0.001
0.0
-5.680000000000007
-9.908000000000344
-3.9169999999996734
-15.885000000002625
-11.981000000002375
1.9009999999991094
-10.799999999999615
-26.005999999996465
-4.340999999999744
12.078000000000703
0.0
0.0
0.0
