-379.284999997943
0.0
0.0
0.0
0.0
0.0
-0.36600000000000027
-0.36600000000000027
0.0
-13.124000000001052
-8.728999999999585
0.0
0.0
0.0
0.0
0.0
0.0
0.0
0.0
-0.008
-0.014000000000000002
-11.110999999999361
-16.032000000000448
-23.53799999999953
-6.958999999999361
-19.37700000000014
-10.934999999999928
-9.123000000000383
0.0
-0.07600000000000005
0.0
0.0
0.0
6.388000000000468
3.3360000000007917
-1.1310000000002285
2.376999999998998
-17.39200000000102
5.551000000005854
-1.7140000000026958
13.833000000002531
-0.07500000000000007
1.5599999999996736
15.635000000000469
11.90600000000019
-11.640999999999208
0.0
-1.9059999999999009
6.900000000003685
-10.976999999997007
7.882000000011406
0.36200000000000077
-0.9310000000000016
-16.45799999999096
-3.2820000000023533
-5.675999999990743
-4.632999999996482
17.620000000003092
-6.649999999997549
-2.7729999999980106
-8.028999999999314
0.0
-11.051000000000183
5.479000000001015
5.548000000002752
0.3040000000000041
-3.280000000008233
-10.403999999989894
-15.483999999992603
-6.474999999986464
1.622999999997413
-9.267999999986232
-7.420000000002231
13.498999999997322
-1.902999999999165
0.0
0.0
-8.714000000000519
-15.880999999993076
-12.351000000001592
2.3599999999954084
13.225000000005508
2.614999999996526
-9.314999999993704
11.910000000010916
12.22700000002551
8.393000000009037
6.397999999999408
-19.419000000001812
-1.7529999999999304
-1.3299999999999643
0.0
-2.9899999999997817
24.953999999996878
3.4779999999994438
5.337000000004446
13.88100000004448
17.93299999999346
-7.715000000000306
0.1580000000000004
12.695000000022887
-2.6799999999977495
8.838999999998851
-3.791000000002003
0.2690000000000004
-5.959000000000325
0.0
-2.378999999999849
-13.203999999994597
8.665000000006202
-7.223000000000318
18.055000000010335
10.209000000013038
5.577000000015746
22.53199999999091
32.153999999968455
-4.412000000003234
8.832999999999604
-16.120999999991287
-14.368000000005388
-0.09900000000000007
0.0
-9.66900000000008
-7.459000000004588
5.533999999997602
15.214999999984807
1.6189999999968865
-6.264999999997078
11.270000000011274
14.656000000016121
-3.6700000000006474
2.9730000000024064
3.8959999999993236
9.812000000001552
-26.245000000003476
-0.21800000000000017
0.0
-2.840999999999926
-15.121000000001384
0.5970000000000002
-3.5129999999977493
-16.294000000004505
0.012000000000014274
-0.7880000000000007
-1.4190000000018148
3.4209999999970853
-3.1190000000005216
-13.454000000001757
-15.47199999999987
-6.468000000000495
0.0
0.0
-1.0549999999999946
-3.838999999999846
-5.360000000001595
-17.71199999999792
-6.070000000003157
-22.57799999999725
-5.277999999999168
-6.399999999980575
-7.729999999980065
7.122000000002231
-6.691000000002564
6.761000000001593
-5.703000000000239
0.0
0.0
-0.004
-4.710999999999908
-7.989000000000123
6.184000000003533
7.713999999999504
3.337999999998796
-2.371000000003166
5.280000000004263
6.098000000013231
-3.0750000000022415
3.0289999999964192
5.777999999998989
0.0
0.0
0.0
0.0
0.0
-6.0870000000003675
-23.51600000000382
-8.130999999997046
-24.545999999999
-19.52799999999904
-14.814000000001961
-22.760999999998308
9.10599999999971
-10.833999999999087
4.53799999999854
0.0
0.0
0.0
