-413.4189999971358
0.0
0.0
0.0
0.0
0.0
-4.6199999999998775
-8.348000000000813
-7.452999999999402
-12.476000000000836
-6.807999999999472
0.0
0.0
0.0
0.0
0.0
0.0
0.0
0.0
0.0
-0.02900000000000002
-20.95100000000131
-29.782999999999927
-27.85600000000325
-8.845000000000265
-19.48999999999979
-14.988000000000575
-15.620999999996782
0.0
-4.862999999999687
0.0
0.0
0.0
4.868000000000006
-1.9760000000001858
0.4100000000000011
11.194000000002692
-7.66499999999842
0.5919999999999993
8.649000000014267
9.870000000013006
2.951999999999552
8.682000000000357
11.699999999998417
16.543000000002355
-3.5109999999997243
0.0
-3.5549999999997195
16.725999999996045
-10.148999999999385
-3.006000000004486
0.18900000000000503
-2.6250000000048224
-17.58399999999988
-8.913999999971178
-6.992999999981922
3.971000000002616
10.592000000008957
-14.726000000006065
2.415000000000629
-1.2340000000000009
0.0
-4.768000000000069
-14.74100000000782
13.073999999999629
-4.665999999999534
-2.760000000006059
-14.078999999978357
-19.068999999995242
-2.2900000000032343
-1.5180000000022513
-6.275999999995681
1.6069999999992177
9.734999999999811
3.621000000000755
-0.001
0.0
-10.064999999999849
-29.253000000013504
-17.799000000003534
-2.2840000000053684
0.3710000000000002
8.290000000010458
-7.146999999997794
14.007000000019042
16.870000000014798
6.64900000000226
-7.818999999989687
-2.367999999999713
-7.688999999999376
0.0
0.36900000000000027
-7.802000000001193
13.92700000000415
1.5129999999994428
9.491000000011322
21.581000000001623
9.214999999987521
-0.29900000000000154
-3.491000000006843
24.368999999997147
11.893000000014391
14.52400000001159
-2.1580000000000013
6.644000000000232
-4.29699999999977
0.36900000000000027
-9.245000000000319
8.9160000000012
6.5850000000091296
-12.860000000000824
15.797000000025506
7.63000000000156
11.466000000020294
24.76399999997284
23.06899999999778
-10.3969999999852
1.2379999999996452
-4.03499999999953
0.5170000000000005
-4.29799999999977
0.0
-9.517000000000165
-9.427000000000046
8.166999999993722
18.99100000000154
-0.7929999999999983
-5.581000000001695
4.58799999999491
22.822999999997513
-0.8010000000000007
9.031000000010499
8.368000000000666
8.120999999998642
-22.700000000002557
-8.369000000000801
0.0
-0.014000000000000005
-25.24799999999656
0.6610000000000005
-7.834000000006488
-20.388000000000858
3.9619999999901596
-11.289999999983655
2.6189999999969715
8.697000000005415
-12.917999999986437
-7.315999999990054
-17.891000000000925
-0.060000000000000046
0.0
0.0
-0.015
-16.126999999998027
-8.227000000004336
-18.670999999997928
-4.015999999997958
-19.70999999999978
-5.755000000004241
-11.474999999992372
2.7969999999966313
6.240000000002729
4.21299999999876
0.7160000000000002
0.32800000000000024
0.0
0.0
-2.616999999999823
-12.492999999998979
-6.783999999999705
7.221000000001572
7.190000000002787
-4.599999999995704
14.720000000008621
-7.2039999999817095
8.480000000012913
-9.36499999999548
2.2349999999969907
17.103999999996155
8.76800000000058
0.0
0.0
-0.10600000000000008
0.0
-9.17000000000037
-20.74900000000062
-10.535000000004208
-37.47900000000138
-27.395999999985015
-13.527000000000589
-18.277000000000204
-23.00599999999951
-18.395000000000685
19.982999999999805
0.0
0.0
0.0
