-293.394999999974
0.0
0.0
0.0
0.0
0.0
-0.006
-1.6079999999999337
-3.222999999999867
-0.03800000000000002
-0.01
-0.005
0.0
0.0
0.0
0.0
0.0
0.0
0.0
-0.008
-0.006
-3.742999999999833
-17.149999999999405
-20.185000000000418
-6.861999999998556
-16.28000000000605
5.890999999999307
11.559000000001035
-0.001
0.0
0.0
0.0
-0.001
3.884999999999683
3.181000000000303
1.6579999999992243
2.8430000000003806
-2.4600000000021995
8.246000000008836
1.733999999996975
13.676000000006919
-13.944000000001488
12.128000000000851
13.239999999995284
8.423999999999621
-7.492000000000837
0.0
-0.9330000000000007
0.15400000000000014
8.57299999999754
-5.285000000000855
3.6009999999965197
-9.43899999998378
-11.294999999989924
-9.401999999983103
-6.969999999984295
1.8779999999981685
9.620000000006474
-15.136999999997508
15.378999999997781
0.7530000000000006
0.0
-6.5930000000001385
6.883000000003786
8.409000000006722
3.326999999998036
-6.388999999991703
-1.5020000000023517
-8.606999999993764
1.6169999999993208
-2.718000000002951
-1.1420000000007875
-7.214000000004785
18.467000000001878
-12.359000000000297
0.0
0.0
-5.891000000000302
-12.754999999999427
-18.036999999996688
2.8979999999976744
13.619000000003808
-6.909999999990638
-11.066999999987782
7.237000000010483
13.573000000017302
1.9280000000012225
4.766999999998625
-14.468000000003714
-5.008999999999614
0.0
0.007
4.718999999999911
10.45499999999942
11.57500000001166
3.762999999995967
12.179000000036003
14.606000000002819
-0.7600000000000002
-0.9170000000000004
11.55000000002463
-2.225999999999464
3.9099999999956867
-6.126999999997641
5.0880000000003305
-2.071999999999883
0.007
4.731999999999915
3.6120000000016463
2.060999999998596
-0.4589999999999992
11.68800000001663
8.401000000000778
-0.19100000000000014
30.261999999967447
14.876000000024398
2.9159999999981037
-1.0180000000000302
-0.4150000000000005
5.358000000000522
-2.0729999999998827
0.0
-3.7899999999996936
-9.507000000000449
3.307999999999613
8.199999999993242
0.29299999999999843
-8.351999999998204
11.566000000004198
8.395000000006728
-3.40500000000246
-0.06400000000000042
4.243000000000247
-6.955000000000125
-20.46700000000166
-5.417000000000144
0.0
-0.09800000000000007
-7.904999999998156
7.251000000005577
7.947999999993622
-23.6040000000088
7.392999999986143
-3.845999999999193
0.835
2.138999999998211
-11.938999999990177
2.1590000000000624
-1.125000000000215
-3.8899999999996826
0.0
0.0
0.0
-5.190999999999248
-16.930999999994953
-15.15099999999784
-0.5020000000000006
-21.742999999997554
-3.5619999999975653
-9.301999999989787
6.5380000000064
10.411000000006021
-19.01000000000127
6.02200000000085
-3.775999999999695
0.0
0.0
0.0
-6.610000000000542
-5.663000000000226
-7.481999999996014
6.342000000001397
-2.5390000000006006
1.5969999999977544
-4.4690000000007215
3.0780000000007792
-6.665999999998667
-3.6100000000041765
6.956999999997985
0.006
0.0
0.0
0.0
0.0
-9.747999999999925
-14.122999999996342
-12.288000000002627
-8.710999999997643
-13.706000000005908
-5.837999999998324
-29.919999999983087
-17.618000000001956
-7.293999999999491
18.552000000000636
0.0
0.0
0.0
