-159.16800000039595
0.0
0.0
-2.358999999999851
-24.093000000001147
-0.5380000000000013
-7.921000000000189
-0.028000000000000018
9.748000000002278
-0.11800000000000009
1.667999999999793
3.147999999999613
2.2039999999984783
-6.702000000001457
0.07300000000004708
0.0879999999998731
-12.493000000012257
-0.002
3.333999999998997
-2.2690000000014114
-4.300000000000062
0.18300000000001926
3.809000000002644
0.7100000000000023
0.6100000000000005
0.0
0.2699999999999979
8.571999999996276
4.166999999998329
6.0819999999975
7.987999999994646
-5.953000000001692
0.6520000000000006
3.767999999999696
-0.08599999999999715
-1.5740000000005234
-7.246000000008353
0.05600000000004576
-0.8700000000000051
-0.8179999999999987
1.0879999999999506
-2.6089999999998237
-1.8190000000009252
9.434999999999503
-6.752999999996052
-5.345999999999476
-5.05500000000243
-10.279999999999271
-0.001
0.0
