-607.983999992535
0.0
0.0
-0.03700000000000001
-52.29200000000077
-34.01699999999186
-15.485999999999583
-7.121000000000688
30.532000000014065
-13.724000000001253
-7.439999999994465
13.331000000004364
0.15300000000013214
-17.283999999940786
9.55500000001754
-1.1490000000011884
10.517000000003344
-10.01199999999989
2.373999999998803
-6.077000000010653
-7.876000000009274
1.043999999999571
18.496000000060057
1.20999999999938
-2.9790000000015673
-10.765999999999472
0.29299999999998044
15.700999999975146
15.69799999991764
18.557999999968807
18.06900000001847
-10.018000000006923
-17.214999999999492
-26.4970000000094
10.009000000007589
-0.6250000000000316
-16.860000000009613
-6.232999999986037
5.6180000000036525
-2.5750000000056876
6.184999999999297
-0.005
-33.796000000015326
9.16000000000013
-11.363999999988417
-17.52199999998602
-16.934999999979567
-14.119000000008036
29.92200000000073
0.0
