-273.17500000045214
0.0
0.0
-3.2580000000000124
-27.39699999999714
-13.760000000001307
-3.760000000001486
-0.6420000000000005
22.728000000006897
-0.003
13.533000000006583
7.543999999996462
0.7900000000000477
-10.134999999993893
3.503999999998203
-3.0780000000034398
-9.821000000003105
-0.015000000000000006
-2.713000000002678
-5.048999999997191
-5.7960000000098555
0.9459999999999827
9.864999999982963
2.1330000000024825
-3.819999999999458
-1.8919999999999024
3.159999999998519
15.115999999990528
7.000000000002852
11.725000000003089
5.839999999992624
-6.500999999997914
3.9630000000002865
-1.8199999999999104
-0.4429999999999795
-2.312000000001934
-11.274000000004662
0.39200000000003954
-0.9309999999999907
-6.332999999990746
2.4270000000002185
0.0
-18.692000000000508
1.7290000000000725
-16.857999999999567
-9.236999999992218
-9.448999999990749
-6.613999999999621
19.980999999999806
-0.025000000000000015
