-33.994000000011475
0.0
0.0
-0.024
-3.3369999999997435
-6.879999999999485
-0.22500000000000017
-0.003
2.142000000000009
-1.0420000000000007
-0.004000000000000045
1.7399999999999627
-0.3260000000000002
-2.038000000000983
1.003
-1.132999999999945
2.4539999999998425
-0.11200000000000007
1.413999999999997
-0.7979999999999994
-1.0379999999999996
-1.0599999999999554
0.20500000000000107
-0.30200000000000427
2.5670000000000237
-0.10700000000000008
0.5920000000000042
1.500999999999804
1.6569999999997074
3.7199999999997058
3.750000000001304
-2.3010000000000237
-3.6970000000000764
-0.10700000000000008
3.696999999999272
-3.6370000000002203
-1.6009999999998261
-1.8199999999993492
0.2319999999999976
-2.1009999999998223
0.0
-0.006
-1.9799999999999198
-1.2209999999999452
-0.7900000000000005
-1.794000000000601
-1.5620000000001144
-2.578999999999827
0.0
0.0
