-785.7759999883308
0.0
0.0
-0.036000000000000004
-61.98999999998193
-49.117000000006676
-26.26199999999433
-13.351999999997899
35.927000000011276
-19.9919999999998
-0.8320000000000007
10.081000000007261
0.06700000000026694
-21.472999999882923
8.933000000002108
-0.8479999999999907
-1.5990000000001363
-1.9519999999998958
-2.57899999999914
-9.665000000027844
-9.500000000010322
-1.1500000000029267
21.703000000109842
2.2319999999987776
0.8740000000000095
-2.123999999999877
3.9390000000022423
18.68699999998477
18.878999999957248
24.622000000065224
27.18500000013849
-10.442000000007706
-17.555999999999578
-5.474000000000163
3.371999999999345
-2.536000000005826
-19.833000000029415
-3.3250000000119666
6.28900000000746
-0.840999999999999
4.686999999999875
-5.194000000000069
-30.514000000020072
14.126999999995135
-17.684999999982153
-19.77699999997025
-16.95699999996998
-14.463000000011172
30.03300000000073
0.0
