-377.9549999979744
0.0
0.0
-2.931
-24.049999999998736
-29.733000000001397
-13.172000000000281
-2.876999999999794
23.125999999994402
-0.9420000000000007
-6.767999999998101
4.613999999999607
1.0619999999995489
-9.804999999978563
0.7540000000000064
2.4989999999972428
0.08500000000000597
-1.5219999999999432
-3.4520000000019255
-4.598999999999809
-4.8209999999980795
2.6309999999929725
11.664999999985913
-0.4640000000000085
2.2680000000004927
-1.024999999999998
-1.9869999999967343
8.86300000000371
8.703999999990664
9.9479999999804
12.60899999998562
-1.0209999999999637
-20.59600000000064
-19.98400000000144
-0.5470000000000003
0.7020000000000058
-8.669000000011618
0.4020000000001917
-1.4180000000036062
4.948999999997779
4.693000000000363
-0.027000000000000017
-27.506000000011667
4.048999999996995
-15.657999999996838
-9.75000000000231
-7.978000000010205
-9.217999999998328
9.981999999999907
0.0
