-325.9789999992035
0.0
0.0
-0.05100000000000003
-39.77799999999971
-22.54500000000074
-6.684999999997837
-14.630999999998574
11.658999999996116
-2.64799999999993
-4.498999999999834
9.999999999997478
-2.991000000009996
-12.307999999981162
3.8099999999942535
-0.8309999999999989
0.2090000000000109
-0.004
-2.835000000000452
-2.2980000000043894
-5.334999999997919
-3.2830000000050013
8.19199999999508
1.7040000000009314
-0.9690000000000011
-0.1860000000000001
-1.128999999999972
10.444000000010066
10.007999999982365
11.95599999999392
9.866999999979539
-6.148999999999142
-14.626000000008057
-7.867000000000962
-0.4059999999999662
-0.1320000000000467
-13.383999999999519
4.174999999999201
2.321999999990081
0.5979999999999981
9.456000000000381
-0.004
-5.773000000005411
8.503999999998328
-14.118999999994902
-12.335999999990962
-6.836999999997394
-4.940000000002441
9.836999999999987
0.0
