-592.12699999291
0.0
0.0
-0.12300000000000005
-55.419000000006974
-33.23900000000411
-23.49399999999894
-17.69200000000104
26.125000000002686
-20.04499999999977
-8.407999999997893
12.058999999997454
-0.5309999999996987
-14.142999999945788
6.5879999999940715
-0.5470000000000524
-4.705999999999654
-0.014000000000000005
2.96199999999662
-6.465000000001336
-5.345000000006066
1.5619999999926792
14.496999999943226
3.482999999996883
-5.833999999997166
0.07000000000000005
-0.25900000000005147
16.493999999969223
15.695999999938978
18.28499999998896
22.320000000034355
-11.05600000000862
-12.243000000005424
-25.715000000008445
-1.0519999999999556
-4.459999999986642
-11.267000000007483
-6.3479999999946255
5.1350000000123694
-3.6620000000089243
28.92900000000401
0.0
-30.768000000016
8.631999999999515
-17.087000000003155
-18.2679999999992
-17.832999999986853
-14.368000000010746
29.758000000000727
0.0
