-747.1009999892453
0.0
0.0
-0.25000000000000017
-69.10199999999732
-33.0989999999975
-10.02399999999687
-19.2280000000006
31.93900000001243
-19.980999999999806
2.271999999999496
15.093999999993198
-0.8149999999998122
-24.17099999990054
8.466000000000362
-2.40800000000458
-1.258000000000504
-9.386000000000237
2.4219999999996333
-4.991000000008731
-8.934000000012318
-1.9980000000093951
17.549000000013226
-0.1630000000000202
-0.7349999999999899
-3.6209999999997122
0.4279999999999946
18.34099999997937
19.981999999997093
25.22800000009635
26.581000000123105
-14.109000000024702
-21.942999999998854
-14.931999999997164
11.942000000022755
-3.3970000000062073
-17.703000000020307
-4.7760000000006535
5.237000000003021
-2.886000000004636
8.520000000000723
-1.7399999999999192
-30.81900000001411
9.791999999998719
-9.875999999993734
-17.664999999944314
-14.947999999957897
-15.241000000013123
29.955000000000727
-0.003
