-2661.920000083555
0.0
0.0
-0.4080000000000003
-203.17599999996636
-119.6889999999029
-36.12699999997495
-56.43199999995918
124.7410000000649
-60.00600000002737
-15.00000000002123
39.74600000000438
3.939999999955292
-74.66699999991151
29.22900000016004
1.262999999992397
7.119999999986393
-1.6829999999999254
1.2179999999987736
-27.785999999795145
-33.18599999954878
1.9819999999745128
73.99700000057383
3.0069999999872548
2.8109999999969713
-1.9809999999998926
5.328999999976818
64.57200000005487
59.544000000330705
82.11100000000626
88.31500000025065
-36.77899999994805
-48.78799999997744
-59.49699999995204
13.82800000007054
-5.3900000000013
-71.47999999993179
-14.08500000006666
19.93700000026196
-4.207000000015319
20.37500000000454
-0.5220000000000004
-102.69900000015795
46.842999999958046
-53.424000000049475
-69.5549999999427
-61.210999999746726
-51.694000000188524
88.89900000000289
-0.005
