-146.82800000033703
0.0
0.0
0.0
0.0
0.0
0.0
0.0
0.0
0.0
0.0
0.0
0.0
0.0
0.0
0.0
0.0
0.0
0.0
0.0
0.0
0.0
0.0
0.0
0.0
0.0
0.0
0.0
0.0
0.0
0.0
0.0
0.0
0.0
0.0
0.0
0.0
0.0
-0.9280000000000007
-0.9280000000000007
-0.9310000000000007
-0.003
0.0
0.0
-0.004
-2.558999999999829
-2.5569999999998294
-2.5549999999998296
-2.5549999999998296
0.0
0.0
0.0
0.0
0.0
0.0
0.0
0.0
0.0
0.0
0.0
0.0
0.0
0.0
0.0
0.0
0.0
-0.9280000000000007
-1.3979999999999568
-1.3979999999999568
-1.4029999999999563
-0.47600000000000037
-3.0839999999997714
-2.6179999999998227
-2.615999999999823
0.07000000000000005
2.2849999999998594
1.9529999999998957
-2.8899999999997927
-0.33200000000000024
-0.003
-0.002
-0.002
0.0
0.0
0.0
0.0
0.0
0.0
0.0
0.0
0.0
0.0
0.0
0.0
0.0
-0.9290000000000007
-2.125999999999877
-4.393999999999802
-4.398999999999804
-3.4089999999997356
-2.8269999999997997
-2.833999999999799
-7.358000000000792
-4.398999999999804
-1.377999999999959
-1.5669999999999382
-3.448999999999731
-2.6639999999998176
2.2469999999998636
-0.3840000000000003
4.708999999999907
0.0
0.0
0.0
0.0
0.0
0.0
0.0
0.0
0.0
0.0
0.013000000000000005
0.45900000000000035
0.44600000000000034
-0.21600000000000016
-0.23100000000000018
2.27799999999986
2.014999999999889
-4.300999999999771
-2.414999999999845
-2.268999999999861
0.2420000000000002
-1.7919999999999134
-6.765000000000594
-2.0679999999998833
-4.941999999999985
-0.8840000000000007
3.359999999999741
0.23300000000000018
4.6319999999998815
0.0
0.0
0.0
0.0
0.0
0.0
0.0
0.0
0.0
0.0
0.013000000000000005
0.45700000000000035
0.45500000000000035
-4.767999999999927
5.266000000000093
2.171999999999872
3.430999999999733
-2.9089999999997906
-0.5340000000000004
0.9580000000000007
5.242000000000085
-3.0899999999997707
0.22500000000000017
5.942000000000319
-0.8100000000000006
0.5050000000000003
0.11800000000000009
-0.16800000000000012
3.8979999999996817
-2.1549999999998737
-2.759999999999807
-0.01900000000000001
-0.003
0.0
0.0
0.0
0.0
0.0
0.0
0.006
3.050999999999775
0.20800000000000016
-12.023999999998775
6.119000000000378
-3.106999999999769
0.7080000000000005
-5.210000000000075
-3.6089999999997135
-3.060999999999774
-6.073000000000363
1.2409999999999741
-1.1309999999999862
-9.765000000000027
2.1299999999998764
0.5750000000000004
3.7289999999997003
2.8259999999998
4.380999999999798
4.179999999999731
3.5359999999997216
1.2079999999999778
-3.4209999999997343
-0.002
0.0
0.0
0.0
0.0
-1.024999999999998
2.761999999999807
6.118000000000378
3.2119999999997573
-2.486999999999837
13.880999999997746
-4.024999999999679
-4.797999999999937
-0.8320000000000006
1.5569999999999393
-5.430000000000148
-11.199999999999232
-5.348000000000121
-2.7379999999998095
-0.3110000000000002
-5.76500000000026
-7.876000000000965
0.03200000000000002
4.862999999999959
-0.7510000000000006
-3.905999999999681
-0.8450000000000006
-2.0469999999998856
-3.421999999999734
-0.002
0.0
0.0
0.0
-1.0279999999999976
-0.6260000000000004
4.811999999999942
3.1019999999997694
0.1310000000000001
-4.71699999999991
-2.6899999999998148
1.5379999999999414
-3.766999999999696
-4.198999999999737
-2.1479999999998745
0.3830000000000003
-7.3090000000007755
-2.216999999999867
-4.809999999999941
1.886999999999903
2.3549999999998517
-3.5109999999997243
-6.1440000000003865
6.965000000000661
-0.7730000000000006
0.03400000000000002
0.2600000000000002
0.32700000000000023
-1.796999999999913
-1.7929999999999133
0.0
0.0
-0.001
-1.2669999999999713
-1.4259999999999537
-0.08200000000000006
0.7040000000000005
0.04000000000000003
-3.814999999999691
-3.197999999999759
3.4389999999997323
0.07800000000000006
-2.6659999999998174
4.0419999999996845
-4.524999999999846
-5.723000000000246
0.8890000000000007
0.37000000000000033
-2.8179999999998007
4.551999999999855
7.603000000000874
-0.4290000000000003
-1.8289999999999094
-0.3900000000000003
-1.5189999999999435
1.7069999999999228
-5.970000000000328
-1.794999999999913
0.0
0.0
0.0
0.0
-0.23900000000000018
-3.3099999999997465
-4.59699999999987
-0.6730000000000005
0.36400000000000027
-2.044999999999886
0.45000000000000034
0.25100000000000017
-1.3979999999999568
-1.7169999999999217
-0.44900000000000034
3.2389999999997543
-8.78500000000057
-2.3269999999998547
1.1629999999999827
-2.4859999999998372
-4.50699999999984
-4.426999999999813
-0.23300000000000018
-3.7279999999997004
1.9009999999999014
-0.7520000000000006
-3.7109999999997023
0.004
-0.001
0.0
0.0
0.0
0.0
0.19700000000000015
-2.2849999999998594
-1.4289999999999534
0.026000000000000016
-5.487000000000167
4.127999999999713
1.1219999999999872
7.2250000000007475
4.380999999999798
-5.5840000000001995
0.5650000000000004
2.6269999999998217
-4.260999999999758
5.769000000000261
7.825000000000948
-2.7909999999998036
-1.894999999999902
6.350000000000455
1.4929999999999464
-2.068999999999883
3.230999999999755
-7.128000000000715
1.4989999999999457
-0.002
0.0
0.0
0.0
0.0
0.43600000000000033
0.43300000000000033
-2.2829999999998596
1.7649999999999164
2.1289999999998765
-4.097999999999703
0.8500000000000006
-9.287000000000292
5.567000000000194
3.4199999999997344
3.940999999999677
3.533999999999722
-1.8989999999999017
1.4189999999999545
1.4679999999999491
13.501999999997956
3.541999999999721
-3.6359999999997106
4.650999999999888
1.1379999999999855
0.06000000000000004
-7.14300000000072
-0.7750000000000006
-0.6040000000000004
0.8770000000000007
0.0
0.0
0.0
0.0
0.43600000000000033
0.43300000000000033
-1.967999999999894
0.7460000000000006
-2.958999999999785
10.420999999999664
0.07200000000000006
6.100000000000372
0.04200000000000003
12.709999999998395
6.232000000000416
0.24600000000000016
2.9369999999997876
1.069999999999993
-0.07000000000000005
5.336000000000117
5.770000000000262
6.026000000000347
3.7469999999996983
-1.668999999999927
6.297000000000438
-1.268999999999971
3.2569999999997523
1.2739999999999705
-0.5960000000000004
0.0
0.0
0.0
0.0
0.43600000000000033
0.43300000000000033
-1.042999999999996
2.6099999999998236
1.7129999999999221
1.4529999999999508
5.234000000000083
-2.5849999999998263
1.850999999999907
3.585999999999716
3.1909999999997596
0.8020000000000006
-0.9410000000000007
-4.799999999999938
2.858999999999796
5.320000000000111
13.489999999997963
-3.9529999999996757
3.258999999999752
1.0669999999999933
-1.5579999999999392
0.9650000000000007
-0.1340000000000001
5.303000000000106
-1.0919999999999905
-0.1330000000000001
0.0
0.0
0.0
0.0
0.43600000000000033
-1.0459999999999956
-2.795999999999803
1.45999999999995
4.901999999999972
2.768999999999806
1.305999999999967
-3.6159999999997128
10.491999999999624
1.6429999999999298
7.858000000000959
-3.0469999999997754
4.5299999999998475
11.681999999998965
6.2070000000004075
10.528999999999604
-3.069999999999773
3.4369999999997325
-4.905999999999973
-10.13899999999982
-2.025999999999888
-4.369999999999794
-0.7820000000000006
-1.36899999999996
-0.8800000000000007
0.0
0.0
0.0
0.0
0.0
-1.0469999999999955
2.061999999999884
-1.6759999999999262
4.451999999999821
2.3669999999998503
4.899999999999971
4.729999999999914
1.7439999999999187
4.231999999999748
-1.6279999999999315
-0.8250000000000006
8.812000000000555
3.785999999999694
18.08499999999912
6.6350000000005505
1.8389999999999083
-0.5560000000000005
4.099999999999704
3.64199999999971
-2.270999999999861
3.4719999999997286
4.4909999999998345
-2.6919999999998145
-0.8800000000000007
0.0
0.0
0.0
0.0
0.0
-0.6630000000000005
-5.0300000000000145
0.9830000000000008
2.6489999999998193
7.976000000000998
3.7619999999996967
-2.9909999999997816
-4.703999999999906
-2.8819999999997936
4.774999999999929
5.97500000000033
0.1580000000000001
2.2829999999998596
5.005000000000006
4.370999999999794
1.2709999999999708
1.1479999999999844
0.8210000000000006
-3.885999999999683
-5.427000000000147
4.396999999999803
2.7809999999998047
-1.8079999999999117
-0.4270000000000003
0.0
0.0
0.0
0.0
-0.23900000000000018
-0.9030000000000007
-1.341999999999963
2.080999999999882
0.44000000000000034
-0.5210000000000004
1.1129999999999882
-4.114999999999709
-1.340999999999963
3.1719999999997617
3.159999999999763
7.008000000000675
4.394999999999802
2.968999999999784
0.2580000000000002
2.588999999999826
-0.8410000000000006
3.9809999999996726
3.9889999999996717
-2.923999999999789
-6.294000000000437
1.5809999999999367
-4.952999999999989
-0.9280000000000007
-0.4270000000000003
0.0
0.0
0.0
0.0
-0.23900000000000018
-0.43600000000000033
-5.1830000000000656
-3.332999999999744
4.808999999999941
-7.02400000000068
0.18500000000000014
-2.431999999999843
-11.723999999998941
1.9539999999998956
7.419000000000812
3.6449999999997096
2.015999999999889
2.6919999999998145
2.832999999999799
-3.242999999999754
0.5040000000000003
0.8150000000000006
-0.7990000000000006
0.8360000000000006
-1.4819999999999476
-1.768999999999916
-2.707999999999813
0.0
0.0
0.0
0.0
0.0
0.0
0.0
-0.19700000000000015
1.6659999999999273
3.159999999999763
-1.514999999999944
-0.9790000000000008
-5.266000000000093
-2.168999999999872
-0.08100000000000006
-1.305999999999967
-4.234999999999749
-5.0150000000000095
0.45700000000000035
2.6669999999998173
3.8619999999996857
-7.355000000000791
-4.245999999999753
-4.325999999999779
-5.01600000000001
-4.276999999999763
-1.0040000000000002
-1.2919999999999685
-0.09100000000000007
0.0
0.0
0.0
0.0
0.0
0.0
0.0
-0.19700000000000015
-0.2470000000000002
-5.483000000000166
-5.501000000000172
-4.875999999999963
-2.5269999999998327
-1.6529999999999287
-1.6889999999999248
-7.388000000000802
-2.116999999999878
-3.8289999999996893
-4.256999999999756
-1.6629999999999276
4.620999999999878
1.9889999999998917
-3.3719999999997397
-1.314999999999966
2.196999999999869
1.3019999999999674
4.216999999999743
2.0759999999998824
-0.028000000000000018
0.0
0.0
0.0
0.0
0.0
0.0
0.0
-0.2450000000000002
-0.2460000000000002
-2.134999999999876
-5.498000000000171
-2.088999999999881
-5.125000000000046
1.9799999999998927
-0.9910000000000008
-2.986999999999782
-1.4529999999999508
-3.1199999999997674
0.3890000000000003
-1.7529999999999177
2.315999999999856
12.373999999998581
2.1729999999998717
11.081999999999297
2.1839999999998705
-0.7750000000000006
-0.7470000000000006
2.0819999999998817
0.21400000000000016
0.0
0.0
0.0
0.0
0.0
0.0
0.0
-0.05000000000000004
-0.05100000000000004
-0.057000000000000044
1.086999999999991
-1.3719999999999597
5.254000000000089
6.12400000000038
-1.704999999999923
6.467000000000494
0.9050000000000007
-0.6810000000000005
1.3359999999999637
1.0399999999999963
-2.9199999999997894
5.742000000000252
0.7580000000000006
-1.4249999999999539
-5.85400000000029
0.3890000000000003
2.4359999999998427
2.069999999999883
2.178999999999871
0.0
0.0
0.0
0.0
0.0
0.0
0.0
-0.001
-0.001
-0.004
2.8179999999998007
-0.8870000000000007
5.845000000000287
-2.134999999999876
-1.6389999999999303
2.207999999999868
-1.1199999999999875
-1.531999999999942
3.5009999999997254
-4.338999999999784
-6.152000000000389
5.454000000000156
-3.8819999999996835
-0.7890000000000006
1.133999999999986
-2.832999999999799
-0.7100000000000005
1.4159999999999549
1.941999999999897
0.0
0.0
0.0
0.0
0.0
0.0
0.0
0.0
0.0
0.0
-0.3710000000000003
-0.9230000000000007
-4.814999999999943
2.9389999999997873
-2.4659999999998394
-5.768000000000261
-7.23200000000075
-9.028000000000436
-1.1939999999999793
2.431999999999843
-3.858999999999686
-4.554999999999856
-6.211000000000409
-3.5379999999997214
-1.578999999999937
-0.7400000000000005
-3.45899999999973
3.9629999999996746
3.9619999999996747
0.0
0.0
0.0
0.0
0.0
0.0
0.0
0.0
0.0
-0.20400000000000015
-1.487999999999947
-3.539999999999721
-2.531999999999832
-2.6029999999998243
-2.4299999999998434
-0.008
-0.2640000000000002
-0.9460000000000007
-4.052999999999688
-3.6809999999997056
-1.5399999999999412
-3.3019999999997474
-3.2849999999997492
-0.005
-0.001
-0.001
0.0
0.0
0.0
0.0
0.0
0.0
0.0
0.0
