-347.88699999868544
0.0
0.0
0.0
0.0
0.0
0.0
0.0
0.0
0.0
0.0
0.0
0.0
0.0
0.0
0.0
0.0
0.0
0.0
0.0
0.0
0.0
0.0
0.0
0.0
0.0
0.0
0.0
0.0
0.0
0.0
0.0
0.0
0.0
0.0
0.0
0.0
-0.001
-2.64199999999982
-2.64199999999982
-4.120999999999711
-1.478999999999948
-0.007
-0.007
-0.007
-8.69600000000062
-8.69600000000062
-6.376000000000464
-6.376000000000464
0.0
-0.002
-0.002
-0.002
0.0
0.0
0.0
0.0
0.0
0.0
0.0
0.0
0.0
0.0
0.0
0.0
0.0
-2.64199999999982
-3.2829999999997495
-3.2829999999997495
-4.797999999999937
-2.1579999999998734
-5.265000000000093
-6.152000000000389
-6.1500000000003885
-4.848999999999954
1.2889999999999688
1.286999999999969
-6.96400000000066
-0.9570000000000007
-0.3830000000000003
-0.3830000000000003
-0.005
0.0
0.0
0.0
0.0
0.0
0.0
0.0
0.0
0.0
0.0
0.0
0.0
-0.001
-2.64099999999982
-3.2829999999997495
-3.694999999999704
-14.564999999997367
-4.878999999999964
-9.445000000000205
-10.965999999999362
-12.64699999999843
-10.826999999999439
-4.35699999999979
-4.928999999999981
-11.577999999999022
-6.645000000000554
3.360999999999741
0.23600000000000018
9.996999999999899
0.0
0.0
0.0
0.0
0.0
0.0
0.0
0.0
0.0
0.0
0.003
1.695999999999924
1.695999999999924
-0.7360000000000005
-0.8450000000000006
11.804999999998897
-2.271999999999861
-9.185000000000349
-12.148999999998706
-8.458000000000752
9.118000000000386
1.6799999999999258
-4.819999999999944
-13.183999999998132
-9.954999999999922
-7.584000000000867
7.348000000000789
3.9009999999996814
13.298999999998069
0.001
0.002
-0.001
0.0
0.0
0.0
0.0
0.0
0.0
0.0
0.004
1.7019999999999234
1.6979999999999238
-9.268000000000303
20.7690000000024
8.771000000000578
12.173999999998692
5.747000000000254
-2.969999999999784
1.7129999999999221
0.7770000000000006
-1.2529999999999728
5.0960000000000365
9.658000000000087
4.671999999999895
0.6490000000000006
-3.950999999999676
4.53799999999985
18.02799999999905
2.032999999999887
-7.371000000000796
-0.5990000000000004
-0.002
0.0
0.0
0.0
0.0
-0.002
0.0
0.004
6.657000000000558
-3.3459999999997425
-22.558000000004586
13.322999999998055
-2.46099999999984
1.169999999999982
-2.749999999999808
-18.635999999999793
-12.98899999999824
-18.69199999999986
7.487000000000835
1.1839999999999804
-19.465000000000806
7.604000000000874
-7.050000000000689
11.854999999998869
0.8840000000000007
12.053999999998759
13.33399999999805
9.199000000000341
3.611999999999713
-7.613000000000877
-0.001
0.0
0.0
0.0
0.0
-0.7620000000000006
4.046999999999686
10.136999999999821
11.18399999999924
-7.124000000000714
12.331999999998605
1.631999999999931
-11.318999999999166
-0.2660000000000002
6.836000000000618
-11.297999999999178
-18.816000000000013
-17.65099999999859
-5.441000000000152
-3.042999999999776
-2.5469999999998305
-12.259999999998644
2.5999999999998247
14.076999999997637
2.361999999999851
-6.512000000000509
-5.731000000000249
-2.8399999999997982
-7.603000000000874
0.0
0.0
0.0
0.0
-0.7610000000000006
-0.7600000000000006
1.6729999999999265
-1.9259999999998987
6.503000000000506
-9.632000000000101
-3.5359999999997216
14.241999999997546
-6.828000000000615
-5.862000000000292
-18.488999999999614
1.4099999999999555
-9.212000000000334
-6.2100000000004085
-12.036999999998768
1.177999999999981
4.951999999999988
-13.521999999997945
-20.028000000001494
7.497000000000838
-7.230000000000749
1.296999999999968
-7.459000000000826
0.7640000000000006
0.006
0.0
0.0
0.0
0.0
-0.7650000000000006
-1.9439999999998967
-7.583000000000867
-5.94400000000032
5.216000000000077
-5.434000000000149
-7.032000000000683
-6.6380000000005515
4.495999999999836
-0.7580000000000006
2.9029999999997913
-7.977000000000999
-14.903999999997179
-2.059999999999884
-6.611000000000542
2.949999999999786
6.196000000000404
14.743999999997268
6.909000000000642
5.0810000000000315
-4.877999999999964
8.13500000000093
-2.3819999999998487
-6.071000000000362
0.001
0.0
0.0
0.0
0.0
-0.005
-1.9479999999998963
-8.237000000000874
-3.848999999999687
7.02400000000068
-14.57899999999736
0.5730000000000005
-3.2629999999997517
-4.882999999999965
-0.6060000000000004
9.257000000000309
1.805999999999912
-16.942999999997724
3.1549999999997635
5.775000000000263
3.205999999999758
-6.6140000000005434
-11.466999999999084
-8.717000000000608
-7.251000000000756
1.1899999999999797
9.134000000000377
-4.808999999999941
0.007
0.0
0.0
0.0
0.0
0.0
0.006
-1.1859999999999802
2.677999999999816
5.145000000000053
-6.2220000000004125
10.497999999999621
8.581000000000683
18.057999999999087
6.7840000000006
-5.04700000000002
1.740999999999919
-0.22000000000000017
-6.470000000000495
6.067000000000361
19.072000000000326
2.9939999999997813
-11.498999999999066
15.87799999999664
16.184999999996798
-6.410000000000475
0.4200000000000003
1.4109999999999554
-0.5160000000000003
-0.001
0.0
0.0
0.0
0.0
0.011000000000000003
0.010000000000000002
-1.1859999999999802
11.69199999999896
8.044000000000981
-8.092000000000954
4.712999999999909
-13.255999999998092
9.352000000000256
9.118000000000386
8.500000000000728
20.01600000000148
-7.2550000000007575
0.35500000000000026
-8.78700000000057
21.16300000000288
5.277000000000097
-7.265000000000761
4.272999999999762
0.8970000000000007
-0.5290000000000004
-14.386999999997466
-4.211999999999741
-3.2819999999997496
-1.0919999999999905
-0.46000000000000035
0.0
0.0
0.0
0.011000000000000003
0.011000000000000003
0.005
11.970999999998805
-4.353999999999789
11.506999999999062
8.862000000000528
11.2579999999992
7.598000000000872
36.07000000000664
12.572999999998471
-3.7319999999997
7.8270000000009485
-4.667999999999894
-6.750000000000589
19.087000000000344
3.6079999999997137
14.190999999997574
13.622999999997889
-0.19200000000000017
16.69499999999742
0.8380000000000006
3.1669999999997622
0.08100000000000007
-3.7329999999997
-0.46000000000000035
0.0
0.0
0.0
0.011000000000000003
0.011000000000000003
0.010000000000000002
13.69499999999785
0.36700000000000027
-0.2720000000000002
12.926999999998275
-11.030999999999326
3.5899999999997156
16.205999999996823
3.4979999999997258
7.427000000000815
3.257999999999752
-4.396999999999803
5.070000000000028
17.235999999998082
20.47500000000204
-7.2910000000007695
8.600000000000673
7.3060000000007745
1.3349999999999638
4.680999999999898
-2.2119999999998674
9.410000000000224
-3.676999999999706
-0.3950000000000003
0.0
0.0
0.0
0.0
0.011000000000000003
0.003
1.250999999999973
6.96300000000066
1.1939999999999793
4.691999999999902
2.0209999999998884
-3.3359999999997436
9.171000000000356
19.465000000000806
21.053000000002747
-1.5619999999999388
1.2529999999999728
21.912000000003797
14.562999999997368
21.03200000000272
-5.457000000000157
-0.05200000000000004
-14.213999999997561
-16.544999999997238
4.105999999999706
-9.510000000000169
-7.59100000000087
-3.0359999999997767
-0.3870000000000003
0.0
0.0
0.0
0.0
0.0
0.002
-6.2160000000004105
-5.318000000000111
1.9019999999999013
-3.104999999999769
14.340999999997491
2.09899999999988
0.4310000000000003
20.78500000000242
2.2119999999998674
10.352999999999701
12.59399999999846
10.351999999999702
35.31700000000839
20.50800000000208
-0.8070000000000006
5.208000000000074
10.55399999999959
12.622999999998443
-8.794000000000565
22.183000000004128
4.830999999999948
-6.499000000000505
-0.3860000000000003
0.0
0.0
0.0
0.0
0.0
-0.03300000000000002
-15.35299999999693
4.916999999999977
6.535000000000517
19.310000000000617
14.953999999997151
-4.398999999999804
-17.794999999998765
2.6119999999998234
9.606000000000115
6.697000000000571
4.064999999999692
9.94199999999993
12.093999999998736
3.7799999999996947
1.1039999999999892
-1.5849999999999362
-3.5659999999997183
-7.964000000000994
-8.582000000000683
8.619000000000662
2.214999999999867
-3.0369999999997765
-1.8659999999999053
0.0
0.0
0.0
0.0
-0.004
-0.03900000000000003
-5.281000000000098
1.6569999999999283
-2.704999999999813
11.122999999999275
7.236000000000751
-4.6469999999998866
-4.734999999999916
9.587000000000126
10.113999999999834
5.447000000000154
6.1410000000003855
4.310999999999774
-0.5870000000000004
12.91799999999828
-5.79400000000027
4.277999999999763
11.000999999999342
-5.985000000000333
-8.917000000000497
-3.4929999999997263
-11.913999999998836
-3.2169999999997567
-1.8659999999999053
0.0
0.0
0.0
0.0
-0.007
-0.02100000000000001
-12.604999999998453
-2.6299999999998214
5.318000000000111
-18.352999999999447
1.0539999999999947
-0.7740000000000006
-24.74500000000726
-3.5629999999997186
16.355999999997007
15.774999999996696
1.3809999999999587
5.507000000000174
2.0409999999998862
6.733000000000583
-8.662000000000639
-0.006
-5.785000000000267
-3.7559999999996974
-9.293000000000289
-6.854000000000624
-5.475000000000163
-0.5750000000000004
0.0
0.0
0.0
0.0
0.0
-0.003
-0.005
2.052999999999885
1.7389999999999193
0.5020000000000003
-3.6289999999997113
-6.507000000000508
-5.085000000000033
-7.2760000000007645
0.6100000000000004
-10.334999999999711
-2.28099999999986
-2.9469999999997865
4.432999999999815
-3.2929999999997484
-15.810999999996676
-8.146000000000925
-8.89400000000051
-8.51600000000072
-5.958000000000324
2.3659999999998504
-1.768999999999916
-2.2569999999998624
0.0
0.0
0.0
0.0
0.0
0.0
-0.003
-0.005
-0.011000000000000003
-13.49599999999796
-15.066999999997089
-4.998000000000004
-5.807000000000274
-0.7120000000000005
-4.253999999999755
-15.122999999997058
-7.2010000000007395
-9.466000000000193
-6.446000000000487
-1.0279999999999976
0.7130000000000005
14.831999999997219
-1.958999999999895
-0.027000000000000017
1.7879999999999139
2.7369999999998096
5.758000000000258
5.5480000000001874
0.03300000000000002
2.287999999999859
0.0
0.0
0.0
0.0
0.0
0.0
-0.003
-0.004
-3.7199999999997013
-14.091999999997629
-5.8850000000003
-9.222000000000328
0.33500000000000024
-7.847000000000955
-7.1950000000007375
1.6109999999999334
-9.260000000000307
0.2670000000000002
-0.5740000000000004
13.31599999999806
11.908999999998839
2.2109999999998675
16.20299999999682
10.758999999999476
-3.139999999999765
-4.444999999999819
5.550000000000188
0.04000000000000003
2.287999999999859
0.0
0.0
0.0
0.0
0.0
0.0
-0.003
-0.004
-0.5270000000000004
1.7669999999999162
1.6559999999999284
11.301999999999175
7.535000000000851
-10.926999999999383
-5.522000000000179
-1.113999999999988
-0.14000000000000012
6.667000000000561
7.586000000000868
-7.968000000000996
13.290999999998073
1.341999999999963
2.223999999999866
-2.8909999999997926
-3.2099999999997575
-0.03100000000000002
3.2649999999997514
6.891000000000636
0.0
0.0
0.0
0.0
0.0
0.0
0.0
-0.002
-0.002
-0.008
1.0389999999999964
-4.834999999999949
10.076999999999854
-0.7840000000000006
-5.213000000000076
11.788999999998905
4.723999999999912
-1.9849999999998922
6.60300000000054
-11.532999999999047
-15.834999999996663
15.049999999997098
-8.440000000000762
-3.9449999999996765
3.0489999999997752
-10.489999999999625
-0.9830000000000008
0.8460000000000006
6.891000000000636
0.0
0.0
0.0
0.0
0.0
0.0
0.0
0.0
0.0
-4.512999999999842
-7.92000000000098
-4.052999999999688
-17.735999999998693
5.846000000000287
-3.769999999999696
-16.30899999999695
-10.813999999999446
-13.451999999997984
-5.193000000000069
2.3009999999998576
-12.046999999998762
-5.637000000000217
-14.087999999997631
-7.357000000000792
-5.982000000000332
-2.105999999999879
-9.763000000000028
7.448000000000822
7.958000000000992
0.0
0.0
0.0
0.0
0.0
0.0
0.0
0.0
0.0
0.0
-0.005
-4.0929999999997015
1.3909999999999576
1.3759999999999593
-5.318000000000111
-1.4359999999999526
-3.5909999999997155
-4.763999999999926
-14.95499999999715
-8.860000000000529
-2.906999999999791
-8.49800000000073
-1.785999999999914
-0.3050000000000002
-0.8130000000000006
-0.5100000000000003
-0.5100000000000003
-0.5100000000000003
0.0
0.0
0.0
0.0
0.0
0.0
