-17.83899999999882
0.0
0.0
0.0
0.0
0.0
0.0
0.0
0.0
0.0
0.0
0.0
0.0
0.0
0.0
0.0
0.0
0.0
0.0
0.0
0.0
0.0
0.0
0.0
0.0
0.0
0.0
0.0
0.0
0.0
0.0
0.0
0.0
0.0
0.0
0.0
0.0
0.0
0.0
0.0
-0.1390000000000001
-0.1400000000000001
-0.16700000000000012
-0.16700000000000012
-0.16700000000000012
-0.12000000000000009
-0.11900000000000009
-0.1540000000000001
-0.035000000000000024
-0.035000000000000024
-0.001
-0.001
-0.001
0.0
0.0
0.0
0.0
0.0
0.0
0.0
0.0
0.0
0.0
0.0
0.0
-0.001
-0.001
-0.1400000000000001
-0.1400000000000001
-0.2840000000000002
-0.2840000000000002
-0.3090000000000002
-0.17700000000000013
-0.17600000000000013
0.36400000000000027
0.33700000000000024
0.31900000000000023
-0.18500000000000014
-0.1470000000000001
-0.002
-0.002
-0.002
0.0
0.0
0.0
0.0
0.0
0.0
0.0
0.0
0.0
0.0
0.0
-0.001
-0.001
-0.002
-0.32600000000000023
-0.3870000000000003
-0.5270000000000004
-0.5860000000000004
-0.6820000000000005
-0.6860000000000005
-0.7890000000000006
-0.23500000000000018
-0.22200000000000017
-0.1510000000000001
-0.45600000000000035
-0.3810000000000003
0.2410000000000002
0.2490000000000002
0.6500000000000005
0.0
0.0
0.0
0.0
0.0
0.0
0.0
0.0
0.0
0.0
0.0
0.17800000000000013
0.17800000000000013
-0.1240000000000001
-0.2650000000000002
0.34100000000000025
0.21900000000000017
-0.2470000000000002
-0.5360000000000004
-0.2730000000000002
-0.2950000000000002
-0.3070000000000002
-0.32800000000000024
-0.16000000000000011
-0.5030000000000003
-0.3180000000000002
0.5550000000000004
0.48000000000000037
0.6840000000000005
-0.02100000000000001
-0.02100000000000001
-0.02000000000000001
0.0
0.0
0.0
0.0
0.0
0.0
-0.001
-0.001
0.17800000000000013
0.12600000000000008
-0.6410000000000005
1.105999999999989
0.5300000000000004
0.5070000000000003
0.47000000000000036
-0.2730000000000002
0.09300000000000007
0.0
-0.46200000000000035
0.2710000000000002
0.5790000000000004
0.3730000000000003
0.3940000000000003
-0.05200000000000004
0.10100000000000008
0.9180000000000007
-0.17700000000000013
-0.4060000000000003
-0.024000000000000014
-0.001
0.0
0.0
0.0
0.0
0.0
-0.001
-0.001
0.6970000000000005
-0.32800000000000024
-1.168999999999982
0.9980000000000008
-0.47200000000000036
-0.16500000000000012
-0.07800000000000006
-0.32400000000000023
-0.21700000000000016
-0.8780000000000007
0.7030000000000005
-0.18800000000000014
-0.6270000000000004
0.04500000000000003
0.014000000000000005
0.44600000000000034
-0.17000000000000012
0.21700000000000016
0.8860000000000007
-0.11900000000000009
0.32900000000000024
-0.36000000000000026
-0.001
0.0
0.0
0.0
0.0
-0.001
0.10400000000000008
0.5540000000000004
0.7970000000000006
-0.7100000000000005
0.7590000000000006
0.22300000000000017
-0.6880000000000005
-0.5220000000000004
0.20000000000000015
-0.8950000000000007
-1.0099999999999996
-0.46200000000000035
-0.7800000000000006
0.16400000000000012
-0.16300000000000012
-0.47500000000000037
0.22000000000000017
1.1799999999999808
0.1400000000000001
0.10000000000000007
0.014000000000000005
0.33200000000000024
-0.20000000000000015
-0.001
0.0
0.0
0.0
0.0
-0.002
0.09200000000000007
-0.09900000000000007
0.34800000000000025
-0.34000000000000025
-0.2770000000000002
0.8750000000000007
-0.6770000000000005
-0.08900000000000007
-0.9110000000000007
0.07500000000000005
-1.1169999999999878
-0.2760000000000002
-0.6910000000000005
0.5600000000000004
-0.20400000000000015
-0.6790000000000005
-0.8520000000000006
0.23600000000000018
-0.6450000000000005
-0.07900000000000006
-0.44800000000000034
0.22200000000000017
0.028000000000000018
-0.1310000000000001
0.0
0.0
0.0
-0.015000000000000006
-0.23300000000000018
-0.4930000000000004
-0.34000000000000025
-0.08200000000000006
-0.060000000000000046
-0.6780000000000005
0.013000000000000005
0.18800000000000014
-0.11800000000000009
0.34500000000000025
-0.4190000000000003
-0.6080000000000004
0.022000000000000013
-0.03000000000000002
0.1580000000000001
0.7910000000000006
0.6560000000000005
0.058000000000000045
0.25500000000000017
-0.4150000000000003
0.4300000000000003
0.19100000000000014
-0.3770000000000003
0.028000000000000018
0.0
0.0
0.0
0.0
-0.015000000000000006
-0.22800000000000017
-0.3890000000000003
-0.4820000000000004
0.45300000000000035
-0.4940000000000004
-0.10800000000000008
-0.08900000000000007
-0.19600000000000015
0.5380000000000004
0.3710000000000003
0.6290000000000004
-1.1949999999999792
0.1510000000000001
-0.4170000000000003
-0.10600000000000008
-0.2750000000000002
-0.5140000000000003
0.058000000000000045
0.22800000000000017
-0.06700000000000005
0.3800000000000003
-0.5000000000000003
-0.23900000000000018
-0.001
0.0
0.0
0.0
0.0
-0.015000000000000006
-0.08200000000000006
0.16100000000000012
-0.18100000000000013
-0.10100000000000008
0.7520000000000006
-0.05600000000000004
0.9500000000000007
0.7870000000000006
-0.2800000000000002
-0.24700000000000016
0.7460000000000006
-0.06600000000000004
0.34100000000000025
0.8140000000000006
-0.20500000000000015
0.04100000000000003
1.033999999999997
0.46800000000000036
0.04100000000000003
-0.17600000000000013
0.1450000000000001
-0.2990000000000002
-0.006
-0.001
0.0
0.0
0.0
0.001
0.0
-0.08200000000000006
0.3990000000000003
0.20400000000000015
-0.7240000000000005
-0.3790000000000003
-0.7630000000000006
0.5210000000000004
0.33800000000000024
-0.45800000000000035
0.6590000000000005
-0.5760000000000004
0.5120000000000003
-0.9680000000000007
1.55099999999994
0.17000000000000012
-0.056000000000000036
0.1410000000000001
-0.004
-0.16700000000000012
-0.8080000000000006
-0.10200000000000008
-0.1450000000000001
0.036000000000000025
0.0
0.0
0.0
0.0
0.001
0.001
0.1460000000000001
0.35800000000000026
0.19400000000000014
0.6300000000000004
0.2710000000000002
0.8740000000000007
0.005
1.6129999999999332
1.1459999999999846
0.43300000000000033
0.4820000000000004
-0.027000000000000017
0.47600000000000037
0.43700000000000033
0.6350000000000005
-0.017000000000000008
0.44500000000000034
-0.2410000000000002
1.2749999999999704
0.10500000000000008
0.31900000000000023
-0.009000000000000001
-0.17700000000000013
0.0
0.0
0.0
0.0
0.001
0.001
0.1500000000000001
0.5950000000000004
-0.05100000000000004
-0.006
0.9010000000000007
-0.47100000000000036
0.3060000000000002
1.050999999999995
0.6300000000000004
0.1590000000000001
-0.1410000000000001
-0.2690000000000002
0.8060000000000006
0.4950000000000004
1.3259999999999648
-0.6380000000000005
0.6150000000000004
0.22400000000000017
0.2880000000000002
0.7000000000000005
0.05300000000000004
0.2410000000000002
-0.20700000000000016
-0.036000000000000025
0.0
0.0
0.0
0.0
0.001
0.1430000000000001
0.09700000000000007
-0.06100000000000004
-0.25200000000000017
0.18500000000000014
-0.1500000000000001
-0.5120000000000003
0.25100000000000017
0.35900000000000026
0.9790000000000008
-0.3180000000000002
0.08300000000000006
0.7630000000000006
0.9090000000000007
0.7870000000000006
-0.21600000000000016
0.1300000000000001
-0.8100000000000006
-0.7830000000000006
0.3760000000000003
-0.6580000000000005
-0.6020000000000004
-0.06900000000000005
-0.03400000000000002
0.0
0.0
0.0
0.0
0.0
-0.004
-0.6560000000000005
-0.09100000000000007
0.18900000000000014
0.6270000000000004
0.5710000000000004
0.2630000000000002
0.12700000000000009
0.5110000000000003
0.4200000000000003
0.4890000000000004
0.7870000000000006
0.8310000000000006
1.9829999999998924
1.0349999999999968
-0.08400000000000006
0.2710000000000002
0.4920000000000004
0.7040000000000005
-0.8250000000000006
0.9010000000000007
0.24000000000000019
-0.2970000000000002
-0.03400000000000002
0.0
0.0
0.0
0.0
-0.004
-0.014000000000000005
-1.0719999999999927
-0.08600000000000006
0.9610000000000007
0.32800000000000024
0.22600000000000017
0.05300000000000004
-0.2650000000000002
-0.44900000000000034
0.6420000000000005
0.4820000000000004
0.11200000000000009
0.5660000000000004
0.8710000000000007
0.3950000000000003
-0.025000000000000015
0.35600000000000026
-0.2660000000000002
-0.4040000000000003
-0.6780000000000005
0.3000000000000002
0.19500000000000015
-0.03800000000000003
-0.03300000000000002
0.0
0.0
0.0
0.0
-0.01900000000000001
-0.02900000000000002
-0.7750000000000006
0.09600000000000007
-0.3060000000000002
0.8960000000000007
0.007
-0.6700000000000005
-0.3700000000000003
-0.023000000000000013
0.9020000000000007
0.6330000000000005
0.21800000000000017
-0.20300000000000015
0.2450000000000002
0.6290000000000004
-0.06300000000000004
-0.06100000000000004
0.2440000000000002
-0.09900000000000007
-0.5720000000000004
-0.46400000000000036
-0.34400000000000025
-0.001
-0.03300000000000002
0.0
0.0
0.0
0.0
-0.015000000000000006
-0.024000000000000014
-0.7790000000000006
-0.36300000000000027
-0.05200000000000004
-0.6620000000000005
-0.19200000000000014
-0.22900000000000018
-1.569999999999938
0.33600000000000024
0.5830000000000004
0.9740000000000008
0.6860000000000005
0.36700000000000027
0.07300000000000005
0.19800000000000015
0.015000000000000006
0.1300000000000001
-0.19500000000000015
-0.3080000000000002
-0.18700000000000014
-0.3840000000000003
-0.2720000000000002
0.0
0.0
0.0
0.0
0.0
0.0
0.0
0.0
0.1420000000000001
0.35100000000000026
0.17700000000000013
-0.014000000000000005
-0.36100000000000027
-0.2610000000000002
-0.2950000000000002
0.4030000000000003
-0.6600000000000005
-0.21500000000000016
-0.3090000000000002
0.3770000000000003
0.006
-0.7460000000000006
-0.5090000000000003
-0.34900000000000025
0.09100000000000007
-0.06000000000000004
0.1540000000000001
-0.08400000000000006
-0.12500000000000008
0.0
0.0
0.0
0.0
0.0
0.0
0.0
0.0
-0.012000000000000004
-0.5220000000000004
-0.5980000000000004
-0.23900000000000018
-0.4050000000000003
-0.5370000000000004
-0.32700000000000023
-0.8510000000000006
-0.8170000000000006
-1.007
-0.8520000000000006
-0.023000000000000013
-0.09500000000000007
0.4870000000000004
-0.47100000000000036
0.23400000000000018
0.35400000000000026
0.2730000000000002
0.43200000000000033
0.2820000000000002
-0.11300000000000009
0.012000000000000004
0.0
0.0
0.0
0.0
0.0
0.0
0.0
-0.005
-0.17000000000000012
-0.5430000000000004
-0.3020000000000002
-0.47700000000000037
-0.17300000000000013
0.23200000000000018
-0.33100000000000024
-0.4030000000000003
-0.6000000000000004
0.2970000000000002
0.25000000000000017
0.43600000000000033
0.6570000000000005
0.43600000000000033
0.8970000000000007
-0.19900000000000015
-0.34900000000000025
-0.19300000000000014
0.2830000000000002
-0.11300000000000009
0.012000000000000004
0.0
0.0
0.0
0.0
0.0
0.0
0.0
-0.005
-0.08900000000000007
-0.1430000000000001
-0.11000000000000008
0.3980000000000003
0.6580000000000005
-0.6710000000000005
0.2750000000000002
-0.5220000000000004
0.43600000000000033
-0.017000000000000008
0.44800000000000034
-0.2900000000000002
0.5960000000000004
-0.20200000000000015
0.06000000000000004
0.18400000000000014
-0.19900000000000015
0.08500000000000006
0.2730000000000002
0.43700000000000033
0.0
0.0
0.0
0.0
0.0
0.0
0.0
0.0
0.0
-0.002
-0.05500000000000004
-0.5540000000000004
0.20400000000000015
-0.008
-0.2410000000000002
-0.07500000000000005
0.22200000000000017
-0.11400000000000009
0.16200000000000012
-0.4020000000000003
-0.7030000000000005
0.9230000000000007
-0.4140000000000003
-0.02100000000000001
-0.036000000000000025
-0.6630000000000005
-0.02100000000000001
0.18600000000000014
0.43900000000000033
0.0
0.0
0.0
0.0
0.0
0.0
0.0
0.0
0.0
-0.005
-0.32000000000000023
-0.2440000000000002
-0.9080000000000007
0.1210000000000001
-0.2420000000000002
-0.8040000000000006
-0.036000000000000025
-0.5690000000000004
-0.1350000000000001
-0.2890000000000002
-0.43600000000000033
-0.5500000000000004
-1.0229999999999981
-0.5560000000000004
-0.4020000000000003
0.08000000000000006
-0.46000000000000035
0.4190000000000003
0.4190000000000003
0.0
0.0
0.0
0.0
0.0
0.0
0.0
0.0
0.0
-0.001
-0.2580000000000002
-0.4120000000000003
0.06400000000000004
0.2840000000000002
-0.05600000000000004
-0.010000000000000002
-0.21800000000000017
-0.4920000000000004
-0.7080000000000005
-0.8510000000000006
-0.4940000000000004
-0.36100000000000027
-0.1320000000000001
-0.003
-0.002
-0.002
0.0
0.0
0.0
0.0
0.0
0.0
0.0
0.0
