-1209.3179999783154
0.0
0.0
0.0
0.0
0.0
0.0
0.0
0.0
0.0
0.0
0.0
0.0
0.0
0.0
0.0
0.0
0.0
0.0
0.0
0.0
0.0
0.0
0.0
0.0
0.0
0.0
0.0
0.0
0.0
0.0
0.0
0.0
0.0
0.0
0.0
0.0
0.0
-8.392000000000788
-8.392000000000788
-17.567999999998488
-9.176000000000354
-0.004
-0.004
-0.005
-30.492000000014283
-30.492000000014283
-18.129999999999175
-18.129999999999175
-0.004
0.0
0.0
0.0
0.0
0.0
0.0
0.0
0.0
0.0
0.0
0.0
0.0
0.0
0.0
0.0
0.0
-8.392000000000788
-8.927000000000492
-8.927000000000492
-18.107999999999148
-9.718000000000053
-15.566999999996812
-19.897000000001334
-19.89400000000133
-20.382000000001927
-0.5000000000000003
-0.5030000000000003
-20.18800000000169
-2.0919999999998806
-0.036000000000000025
-0.036000000000000025
0.0
0.0
0.0
0.0
0.0
0.0
0.0
0.0
0.0
0.0
0.0
0.0
0.0
0.0
-8.392000000000788
-8.927000000000492
-8.943000000000483
-40.57899999999613
-29.063000000012536
-34.82000000000955
-39.67799999999823
-52.958999999967276
-38.542000000000876
-18.661999999999825
-20.714000000002333
-36.86100000000479
-21.009000000002693
9.007000000000447
-2.785999999999804
30.00000000001368
0.0
0.0
0.0
0.0
0.0
0.0
0.0
0.0
0.0
0.0
0.004
5.715000000000243
5.711000000000242
-4.045999999999686
-3.658999999999708
45.4399999999848
9.042000000000428
-33.5110000000126
-40.90399999999537
-28.840000000012264
20.40200000000195
2.6479999999998194
-16.893999999997664
-41.92999999999298
-23.792000000006094
-26.189000000009024
28.924000000012366
7.7850000000009345
41.85599999999315
-0.001
-0.002
-0.002
0.0
0.0
0.0
0.0
0.0
0.0
0.0
0.005
5.7100000000002415
5.714000000000243
-34.59600000001007
59.34699999995239
33.72200000001211
32.437000000015104
17.370999999998247
-5.302000000000105
4.218999999999744
2.6999999999998137
-14.942999999997157
27.385000000010486
21.998000000003902
40.2469999999969
7.132000000000716
-12.778999999998357
8.87500000000052
54.850999999962866
-4.869999999999961
-22.956000000005073
-0.023000000000000013
-0.001
0.0
0.0
0.0
0.0
-0.003
0.0
0.001
21.82500000000369
-9.552000000000145
-68.42899999996268
43.49699999998933
-13.288999999998074
13.302999999998066
-12.639999999998434
-52.962999999967266
-37.39800000000354
-53.21399999996668
30.37400000001414
-11.515999999999057
-62.35299999994538
23.221000000005397
-20.75200000000238
38.90100000000004
-8.22600000000088
40.8489999999955
42.35599999999199
20.649000000002253
15.447999999996878
-23.655000000005927
-0.001
0.0
0.0
0.0
0.0
-1.7789999999999149
16.27699999999691
31.38300000001537
45.31399999998509
-25.150000000007754
45.643999999984324
1.4739999999999485
-31.198000000015146
-13.35199999999804
31.028000000014938
-36.28700000000613
-64.88199999994575
-62.866999999944184
-23.435000000005658
-3.45999999999973
-13.828999999997775
-53.27599999996654
8.942000000000483
57.98599999995556
7.519000000000846
-23.140000000005298
-19.12300000000039
-3.478999999999728
-20.299000000001826
-0.001
0.0
0.0
0.0
-1.7789999999999149
-5.931000000000315
7.781000000000933
-7.943000000000987
26.55400000000947
-32.80400000001425
-11.22299999999922
46.9399999999813
-30.412000000014185
-10.141999999999818
-55.91199999996039
11.958999999998811
-42.553999999991525
-17.174999999998008
-28.988000000012445
4.41899999999981
24.202000000006596
-37.804000000002596
-56.048999999960074
29.48400000001305
-17.23299999999808
0.5600000000000004
-39.6909999999982
0.6120000000000004
-3.978999999999673
-7.334000000000784
0.0
0.0
0.0
-1.7819999999999145
-6.2280000000004145
-13.582999999997911
-9.586000000000126
21.761000000003612
-7.527000000000848
-19.52500000000088
-6.1200000000003785
17.149999999997977
-14.693999999997295
12.224999999998664
-30.845000000014714
-58.1409999999552
-15.132999999997052
-22.997000000005123
5.902000000000306
29.839000000013485
42.609999999991395
29.455000000013015
24.87800000000742
-12.696999999998402
29.62300000001322
-13.631999999997884
-16.957999999997742
-3.9799999999996727
0.0
0.0
0.0
0.0
-0.003
-24.234000000006635
-32.53300000001488
-22.559000000004588
18.50999999999964
-32.58800000001475
-10.593999999999568
-16.181999999996794
0.3980000000000003
-5.444000000000153
35.247000000008555
-3.6989999999997036
-58.55099999995424
25.300000000007937
19.045000000000293
9.721000000000052
-27.17700000001023
-41.25899999999454
-36.10300000000656
-18.30599999999939
8.31500000000083
26.377000000009254
-22.60200000000464
-1.3949999999999572
0.0
0.0
0.0
0.0
0.0
7.2850000000007675
-17.726999999998682
5.40700000000014
6.279000000000432
-21.978000000003878
44.40699999998721
12.580999999998467
69.89099999996967
11.59899999999901
-12.760999999998367
-1.9929999999998913
2.060999999999884
-30.26800000001401
4.5269999999998465
64.80699999994539
-2.0729999999998827
-34.04700000001135
46.73199999998179
34.98300000000917
-16.911999999997686
8.663000000000638
5.822000000000279
-2.288999999999859
-0.002
0.0
0.0
0.0
0.0
7.2880000000007685
7.2880000000007685
-17.72399999999868
38.649000000000626
24.2880000000067
-28.970000000012423
-5.583000000000199
-50.58299999997281
29.978000000013655
25.616000000008324
24.161000000006545
55.8659999999605
-8.726000000000603
2.979999999999783
-23.408000000005625
64.60499999994443
13.599999999997902
-32.14400000001579
29.186000000012687
-10.95099999999937
-1.2799999999999698
-48.59199999997745
-2.2739999999998606
-12.040999999998766
-3.650999999999709
-0.005
0.0
0.0
0.0
7.2880000000007685
7.2880000000007685
-10.145999999999816
29.78600000001342
-16.043999999996625
47.64999999997965
24.167000000006553
39.92599999999765
32.91500000001399
124.30300000022947
35.72100000000745
-2.0569999999998845
43.05699999999035
-10.757999999999477
-9.448000000000203
73.37699999998631
25.609000000008315
41.76699999999336
30.807000000014668
4.83799999999995
57.73799999995614
-4.304999999999772
6.4840000000005
-1.3669999999999602
-12.040999999998766
-0.005
0.0
0.0
0.0
7.2880000000007685
7.2880000000007685
-10.144999999999817
45.488999999984685
-0.8610000000000007
6.289000000000435
35.2270000000086
-42.086999999992614
18.85500000000006
46.74099999998177
14.795999999997239
4.201999999999738
13.45999999999798
-23.546000000005794
3.2029999999997583
67.77499999995956
83.23400000003338
-22.566000000004596
27.61000000001076
30.745000000014592
3.8839999999996833
13.545999999997932
-14.474999999997417
36.52400000000558
-8.942000000000483
-0.015000000000000006
0.0
0.0
0.0
0.0
7.2880000000007685
-10.148999999999814
-3.3009999999997475
12.30299999999862
12.508999999998506
6.479000000000498
1.507999999999945
-9.503000000000172
45.69399999998421
62.82999999994427
71.75599999997857
-1.1359999999999857
8.368000000000801
86.48200000004888
47.17399999998076
77.09600000000407
-11.187999999999239
12.406999999998563
-38.109000000001885
-68.25999999996188
17.760999999998724
-46.55999999998219
-15.607999999996789
-8.40800000000078
-0.010000000000000002
0.0
0.0
0.0
0.0
0.0
-14.876999999997194
-15.140999999997048
-3.868999999999685
18.269999999999346
-8.647000000000647
60.29099999995019
13.089999999998184
7.74200000000092
60.175999999950456
-0.3900000000000003
36.5590000000055
31.402000000015395
47.016999999981124
128.90500000025145
70.59099999997301
-2.104999999999879
15.780999999996693
42.828999999990884
36.95100000000458
-33.97600000001152
50.31499999997344
22.54600000000457
-18.146999999999196
-0.010000000000000002
0.0
0.0
0.0
0.0
0.0
-1.305999999999967
-48.16899999997844
24.612000000007097
26.05400000000886
66.36299999995282
34.74700000000972
-15.528999999996833
-48.27499999997819
-3.023999999999778
34.672000000009895
35.101000000008895
4.0889999999997
39.61799999999837
49.69099999997489
2.3219999999998553
0.6730000000000005
-10.144999999999817
-13.417999999998003
-22.63400000000468
-32.64100000001463
41.776999999993336
16.869999999997635
-8.40800000000078
-8.068000000000968
0.0
0.0
0.0
0.0
-0.003
-1.3089999999999666
-24.274000000006684
8.330000000000823
-19.979000000001435
38.5300000000009
27.701000000010872
-24.42600000000687
-2.5299999999998324
24.356000000006784
16.95499999999774
26.30800000000917
10.230999999999769
21.658000000003486
4.17899999999973
35.11600000000886
-20.116000000001602
6.957000000000658
27.788000000010978
-33.441000000012764
-33.62300000001234
-10.8959999999994
-36.56200000000549
-10.541999999999597
-8.068000000000968
0.0
0.0
0.0
0.0
-0.003
-0.012000000000000004
-43.84299999998852
-16.434999999997103
16.35899999999701
-64.19199999994245
-24.686000000007187
-2.2489999999998633
-70.29999999997162
-11.804999999998897
64.74199999994508
37.76400000000269
11.353999999999147
22.25100000000421
10.826999999999439
38.173000000001736
-21.847000000003717
10.923999999999385
-21.66000000000349
-25.836000000008593
-21.295000000003043
-24.170000000006556
-20.1150000000016
-2.1499999999998742
0.0
0.0
0.0
0.0
0.0
0.0
-0.001
11.716999999998945
8.350000000000811
4.265999999999759
-13.861999999997757
-18.20099999999926
-10.286999999999738
-30.897000000014778
-3.9629999999996746
-25.602000000008307
-21.33300000000309
-8.593000000000677
1.2649999999999715
9.514000000000166
-56.906999999958074
-19.36900000000069
-37.38900000000356
-20.697000000002312
-21.556000000003362
11.742999999998931
-2.55199999999983
-9.569000000000136
0.0
0.0
0.0
0.0
0.0
0.0
0.0
-0.001
-0.009000000000000001
-45.46599999998474
-46.44399999998246
-16.42399999999709
-23.07600000000522
-1.995999999999891
-11.017999999999333
-53.679999999965595
-29.088000000012567
-34.68700000000986
-22.997000000005123
-24.658000000007153
-2.8459999999997976
47.75299999997941
-10.905999999999395
-11.264999999999196
18.097999999999136
6.465000000000494
29.562000000013146
19.8680000000013
1.1709999999999818
10.73499999999949
0.0
0.0
0.0
0.0
0.0
0.0
-0.003
-0.009000000000000001
-12.814999999998337
-46.47499999998239
-10.164999999999806
-33.11300000001353
0.4220000000000003
-26.806000000009778
-9.986999999999904
11.881999999998854
-32.87500000001408
9.683000000000073
-6.7610000000005925
26.295000000009153
33.38600000001289
10.291999999999735
62.63599999994472
20.56300000000215
-22.441000000004443
-5.40600000000014
19.8700000000013
1.1939999999999793
10.73499999999949
0.0
0.0
0.0
0.0
0.0
0.0
-0.002
-0.004
-0.7100000000000005
6.230000000000415
9.20200000000034
40.68599999999588
23.09200000000524
-48.72599999997714
-12.743999999998376
-16.43999999999711
9.685000000000072
18.170999999999225
17.38899999999827
-10.603999999999562
54.73899999996313
-3.467999999999729
-6.989000000000669
-3.723999999999701
-5.179000000000064
2.73299999999981
9.133000000000377
17.411999999998297
0.0
0.0
0.0
0.0
0.0
0.0
0.0
-0.002
-0.003
-0.004
2.6569999999998184
-19.33700000000065
39.52999999999857
3.6889999999997047
-5.19600000000007
40.227999999996946
-1.2949999999999682
-9.740000000000041
27.320000000010406
-35.21600000000863
-62.827999999944275
46.43799999998247
-35.08200000000894
-6.379000000000465
9.511000000000168
-26.631000000009564
2.325999999999855
4.681999999999898
17.38999999999827
0.0
0.0
0.0
0.0
0.0
0.0
0.0
0.0
0.0
-16.6779999999974
-30.639000000014462
-8.403000000000782
-58.240999999954965
20.415000000001967
-17.93099999999893
-48.964999999976584
-34.72200000000978
-60.222999999950346
-17.87099999999886
3.5169999999997237
-27.73200000001091
-24.11600000000649
-47.445999999980124
-25.739000000008474
-21.49800000000329
3.5729999999997175
-23.312000000005508
29.34500000001288
29.99900000001368
0.0
0.0
0.0
0.0
0.0
0.0
0.0
0.0
0.0
0.0
-1.4459999999999515
-9.203000000000339
5.511000000000175
6.766000000000594
-23.219000000005394
-3.947999999999676
-0.7680000000000006
-13.63899999999788
-37.671000000002905
-14.445999999997433
-1.6719999999999267
-23.67400000000595
-2.740999999999809
-0.009000000000000001
-0.6630000000000005
-0.6570000000000005
-0.6570000000000005
-0.6550000000000005
0.0
0.0
0.0
0.0
0.0
0.0
