-246.04100000081075
0.0
0.0
0.0
0.0
0.0
0.0
-0.21400000000000016
-0.10700000000000008
0.0
0.0
0.0
0.0
0.0
0.0
0.0
0.0
0.0
0.0
0.0
0.0
-0.21400000000000016
-0.44700000000000034
-2.386999999999848
-5.927999999999895
-4.465999999999792
-0.5550000000000004
-0.014000000000000002
0.0
-0.002
0.0
0.0
0.0
0.0
-0.002
-3.804999999999692
-13.666000000002407
14.958000000004157
-5.443000000001595
-9.03599999999854
-5.822999999998235
-7.518000000001299
-4.152999999999743
-10.493999999999485
-1.9819999999998925
-0.008
0.0
0.0
-5.905000000000307
-16.295000000000393
1.5449999999999993
6.080999999997508
-3.2810000000007262
14.596000000004588
16.15600000002806
0.4120000000000002
0.03400000000000397
-2.584000000001784
-0.6760000000000005
-9.601000000000118
-0.022000000000000006
0.0
-2.922999999999789
-0.057000000000000016
-16.396999999991603
1.1080000000001848
-8.32700000000664
4.193999999997751
-0.7800000000000011
3.412999999997951
-2.875000000004006
5.704999999998763
-3.477000000001249
-7.349999999996867
-4.6209999999998645
-0.001
0.0
-6.699000000000572
-8.369999999997201
6.9129999999970435
-4.649000000002569
6.408999999996159
0.9939999999999944
4.888000000005593
-1.7569999999992045
2.744999999996433
-1.2629999999992407
9.25700000000393
2.0519999999992717
-6.427999999999819
-0.006
0.0
-4.648999999999887
19.81100000000174
7.341000000002592
10.693000000007604
1.4859999999986238
-1.8420000000006262
10.495999999999569
6.566000000008709
18.327000000000453
2.4959999999996056
5.40000000000397
-0.5769999999999998
-6.605000000000139
0.048000000000000036
0.0
-4.829999999999948
-8.758999999998503
-4.974000000000018
0.8300000000000006
-2.4620000000027815
2.2759999999993523
4.390999999999231
2.899999999996088
-2.0160000000015112
-9.964999999998817
-4.8760000000020005
-5.011999999999248
-7.184000000000208
0.047000000000000035
0.0
-5.1200000000000445
11.185000000002441
0.4850000000000024
5.757999999999204
-2.664000000000108
-1.8960000000010453
-1.3250000000000886
7.759000000014713
2.417999999999362
12.76800000001102
-3.750999999999195
1.8859999999993815
-7.421000000000145
-0.005
0.0
-1.350999999999962
1.3659999999999808
-4.7199999999999545
3.1849999999995044
3.066999999999462
-13.18299999999362
0.5490000000000004
-4.723999999997996
-3.1130000000014912
-0.15600000000000752
0.46499999999999964
0.9720000000000008
-1.4260000000000779
0.0
0.0
1.6929999999999243
-6.621000000000868
-7.144999999996624
-2.5539999999991507
-0.6720000000000005
2.6840000000004274
-9.002000000002447
5.070000000004346
-7.257999999996843
-3.4339999999994104
-8.14200000000611
6.927999999999587
-4.270999999999761
0.0
0.0
-0.002
7.368999999997487
5.889000000000129
-1.8190000000003013
-1.8809999999983353
-0.2660000000000025
-5.076999999996951
-3.420000000002001
-1.0149999999999182
3.9129999999987892
0.9430000000000007
10.06700000000018
0.0
0.0
0.0
-0.001
16.31000000000184
4.203000000000572
4.222000000002072
12.312999999997324
2.6830000000010075
4.351000000003392
9.898000000004469
2.900999999997255
23.397000000001285
5.358999999999992
0.02100000000000001
0.0
0.0
0.0
