-2368.508000023779
0.0
0.0
0.0
0.0
0.0
0.0
-0.001
-0.002
-0.002
-0.002
-0.002
-0.001
0.0
0.0
0.0
0.0
0.0
0.0
0.0
0.0
0.0
-24.060000000006422
-100.22099999994784
-52.62500000001835
-46.20599999999615
-83.05499999998784
-29.997000000013678
0.0
0.0
0.0
0.0
0.0
-0.001
-0.007
-12.636999999998435
56.35799999994319
44.218000000008416
-3.8570000000049234
-61.56899999983015
-24.8120000000453
-72.49499999996038
-18.78199999999997
-104.19200000003156
-60.00400000002737
-0.002
0.0
-0.003
-15.018999999997115
-61.525000000031014
-26.397999999946414
76.21199999999565
-4.74900000001465
124.67700000014408
115.49399999889151
-14.682000000010813
-0.11399999999999391
13.44200000000481
-37.335000000011796
-111.85400000003575
-0.014000000000000005
0.0
-3.6539999999997086
-16.65499999999891
-17.59800000000625
-82.90600000004623
-14.003999999965083
77.00599999999947
64.96400000060633
30.257999999920234
-11.899999999723974
1.0979999999878898
-77.52699999999955
-0.8970000000000021
-54.663000000061345
0.0
0.0
-37.518000000001514
-61.23999999999166
37.52199999999273
37.53200000003122
13.928000000007751
13.024000000086128
-14.184999999993638
27.838000000096066
16.48900000010951
74.94600000008445
67.97100000004549
-65.83699999996843
-3.704999999999703
0.0
0.0
-52.6639999999897
77.63700000001062
106.9040000007512
51.68799999980029
57.185000000528824
28.49099999992109
30.459999999942585
77.3760000000056
70.64300000016351
-13.835999999960622
37.069000000008565
14.546999999987689
-29.979000000013656
0.010000000000000002
0.0
29.796000000013432
-65.87200000013088
9.825000000039465
-17.17399999990824
7.003000000090809
2.5189999999743304
8.60200000008065
73.77800000009077
16.082000000121024
-50.39600000014666
-73.18999999999996
-158.05599999990278
-18.588999999999736
0.009000000000000001
0.0
22.453000000004458
67.62400000000488
-5.49699999999476
-20.752000000021475
43.9100000001666
-20.80900000002433
24.079999999933648
30.361999999911347
44.33599999991511
45.17299999999461
2.511000000001049
-56.930000000063046
-76.13500000000218
-29.797000000013433
0.0
-39.001000000001405
-17.31800000001104
82.75199999993735
3.9560000000036744
-40.75099999995026
-39.01999999999555
-35.67000000003948
-47.03399999988912
-14.733999999850193
-2.034000000000256
-58.372000000104606
-9.897000000003503
24.71700000001306
0.0
0.0
13.67399999999786
-79.97599999998675
-57.426999999896424
46.95999999997443
2.6550000000007596
-62.62499999990932
-4.9060000000279125
3.5220000000053058
-75.503000000001
-28.5529999999497
-29.146000000046723
-6.215999999999862
1.6549999999996383
0.0
0.0
-0.001
-14.827999999987332
-30.293000000031395
-10.11799999998679
-3.508000000010234
-38.42700000000194
-37.110999999989396
-63.70499999973111
9.519999999997957
16.608000000010264
-17.184999999976124
130.855999999895
0.001
0.0
0.0
-0.04900000000000004
41.74300000000857
54.00299999996188
24.56600000002872
65.11299999972924
13.545999999916297
34.380000000037434
54.53899999996058
32.922000000018144
83.41100000003689
100.93600000010048
35.42900000000813
0.0
0.0
0.0
