-429.9159999967457
0.0
0.0
0.0
0.0
0.0
-0.002
-0.004
0.0
0.0
0.0
-0.002
-0.001
0.0
0.0
0.0
0.0
0.0
0.0
0.0
0.0
-0.006
-6.269000000000428
-14.215000000000892
-15.961000000002
-9.25599999999976
-5.684999999999596
0.0
0.0
0.0
0.0
0.0
0.0
-0.012
-0.2910000000000002
-4.130999999999714
-13.4090000000013
21.13499999999858
-8.137999999997058
-10.02299999999965
-2.066000000001091
-13.936999999996855
2.87099999999978
-6.5669999999995134
-19.472000000000087
-0.01
0.0
-0.006
-0.09700000000000006
-10.245999999999816
-1.119999999999896
12.601999999999494
-0.6880000000000004
21.079000000000907
22.54299999998539
3.464999999992314
0.4709999999999998
3.290999999999697
-15.843999999984195
-25.892999999999883
-0.009000000000000001
0.0
-3.4749999999997283
-12.17600000000013
4.563999999997352
-14.600000000001334
-3.2880000000005696
15.911000000051072
8.289000000011358
4.1820000000032875
-6.737999999985592
-1.3970000000035543
-9.256999999991361
2.233999999999438
-10.432000000000503
0.0
0.0
-15.957999999999657
-32.52300000000606
5.224999999997325
13.48800000000315
-3.8360000000008827
6.1959999999961655
5.412000000001331
6.580000000021096
1.8659999999936727
14.778000000041049
10.499000000002534
-16.496000000001132
4.707999999999907
0.0
0.0
-16.264999999999457
33.413000000006775
13.472999999979578
3.620999999997731
9.623000000039125
1.6090000000008706
1.8620000000005057
16.560000000013034
14.06300000002737
-1.0440000000002536
2.4340000000030417
-2.258000000001117
-0.019000000000000003
0.0
0.0
-3.141999999999765
0.445
3.3999999999987156
2.194999999992957
1.7199999999973867
6.121000000004231
-4.823999999993638
17.484000000028306
-0.7370000000000001
-10.203000000001165
0.6440000000000002
-31.163999999984977
-0.021000000000000005
-0.002
0.0
8.010000000001
3.85700000000167
-2.323000000001572
0.5450000000000003
5.867000000003943
-3.5960000000048002
3.882999999993614
6.613000000004459
0.13700000000000484
-0.8560000000000018
7.4309999999967955
-9.56000000000082
-13.384999999998021
-9.949999999999925
0.0
0.9400000000000007
3.7739999999990674
11.208000000000567
-2.720999999999843
-4.415000000003403
-9.554000000000306
-6.001999999991714
-12.822999999990666
11.658000000020854
-11.41899999999706
10.195999999998842
-16.267999999998516
-2.4649999999998395
0.0
0.0
4.409999999999807
-15.213999999998224
-10.629999999999797
5.22500000000603
1.3320000000005694
-8.143999999994428
5.539999999986972
-1.1950000000009964
-13.067000000000327
3.3820000000002772
-10.948999999999806
6.481999999999024
-3.2179999999997566
0.0
0.0
0.0
11.519000000001641
-1.6819999999990247
1.3479999999992816
-9.043999999998382
-14.054000000012202
-4.423999999993317
-10.514999999979054
-2.54799999999982
1.4629999999984984
5.658000000002537
10.85900000000096
0.0
0.0
0.0
0.0
-0.2160000000000003
0.13700000000000007
16.323999999989972
15.243000000003173
8.514000000005293
3.8410000000055384
17.675000000006214
1.5750000000005435
24.769999999997573
6.546000000000863
6.997000000000582
0.0
0.0
0.0
