-0.2580000000000002
0.0
0.0
0.0
0.0
0.0
0.0
0.0
0.0
0.0
0.0
0.0
0.0
0.0
0.0
0.0
0.0
0.0
0.0
0.0
0.0
0.0
0.0
-0.004
-0.004
-0.002
0.0
0.0
0.0
0.0
0.0
0.0
0.0
0.0
-0.006
-0.014000000000000002
-0.010000000000000002
-0.040000000000000015
-0.05400000000000002
-0.09300000000000005
-0.06700000000000003
-0.024000000000000007
-0.007
-0.05500000000000002
-0.034999999999999996
0.0
0.0
0.0
0.0
-0.029
-0.04000000000000001
0.004999999999999994
-0.002999999999999986
0.07300000000000004
0.07600000000000007
0.017000000000000008
-0.020999999999999987
-0.02999999999999999
-0.03200000000000001
-0.008
0.0
0.0
0.0
-0.007
-0.009000000000000008
-0.011
-0.007000000000000005
-0.004000000000000006
0.01799999999999996
0.037000000000000005
-0.016999999999999987
-0.028
-0.0029999999999999983
-0.024999999999999977
-0.002
0.0
-0.003
-0.013000000000000001
-0.034
0.016999999999999994
0.012999999999999984
-0.0039999999999999975
0.044
-0.030999999999999975
-0.02399999999999997
0.036000000000000004
-0.009999999999999998
0.031000000000000017
-0.011000000000000006
-0.001
0.0
-0.003
-0.016000000000000004
-0.013999999999999992
0.03500000000000002
0.03800000000000002
-0.021999999999999995
0.008999999999999992
0.03500000000000003
0.040999999999999995
0.012000000000000025
0.048
-0.06300000000000003
-0.016
-0.005
-0.002
0.0
-0.003
-0.025999999999999978
-0.003000000000000001
0.031000000000000017
0.035000000000000045
0.012999999999999998
-0.023000000000000013
-0.001000000000000014
0.02
-0.0040000000000000036
-0.05400000000000002
-0.031000000000000003
-0.015000000000000001
-0.002
0.0
-0.005
-0.04600000000000003
-0.047
0.011999999999999999
0.008999999999999994
0.025999999999999995
0.005000000000000004
0.03700000000000002
-0.014999999999999989
-0.03099999999999998
-0.030999999999999996
-0.016
-0.009000000000000001
-0.002
0.0
0.0
-0.01
-0.048000000000000015
-0.04900000000000002
-0.032
-0.048000000000000015
0.003999999999999993
-0.038000000000000006
-0.025000000000000022
-0.014999999999999979
-0.021999999999999985
0.017
0.006
0.0
0.0
-0.001
-0.009000000000000001
-0.027
-0.016999999999999998
-0.033
-0.07300000000000004
-0.05500000000000002
-0.06600000000000003
-0.031000000000000017
-0.03299999999999999
-0.024999999999999998
0.003
0.0
0.0
0.0
0.0
-0.009000000000000001
-0.016
0.022999999999999993
-0.024
0.009000000000000001
-0.06100000000000004
-0.05200000000000003
-0.014999999999999993
-0.011000000000000003
0.009000000000000005
0.007
0.0
0.0
0.0
0.0
0.0
0.001
0.03500000000000002
-0.011999999999999997
0.022000000000000006
0.010999999999999994
0.048000000000000015
0.01999999999999999
0.0
0.027000000000000003
0.0
0.0
0.0
0.0
