-1.923999999999899
0.0
0.0
0.0
0.0
0.0
0.0
0.0
0.0
0.0
0.0
0.0
0.0
0.0
0.0
0.0
0.0
0.0
0.0
0.0
0.0
0.0
0.0
0.0
-0.07100000000000005
-0.048000000000000015
-0.022000000000000006
0.0
0.0
0.0
0.0
0.0
0.0
0.0
0.0
-0.04700000000000003
0.028000000000000018
0.014000000000000028
0.06100000000000007
-0.12300000000000008
-0.07700000000000004
-0.033
-0.12000000000000009
-0.09300000000000005
-0.008
-0.001
0.0
0.0
-0.004
-0.08200000000000006
-0.02100000000000011
0.06800000000000003
-0.035999999999999976
0.1490000000000001
0.18900000000000014
-0.045000000000000054
0.10700000000000008
-0.14100000000000007
-0.03100000000000001
-0.022000000000000013
0.0
0.0
-0.017000000000000008
-0.013000000000000001
-0.04200000000000002
-0.056000000000000036
0.033999999999999975
0.09100000000000001
0.0689999999999999
0.08700000000000005
-0.066
0.04000000000000001
-0.11700000000000006
0.03700000000000006
-0.028000000000000018
0.0
0.0
0.0
0.11700000000000009
0.04799999999999996
0.027000000000000073
0.003999999999999966
-0.060000000000000095
-0.03500000000000021
0.008999999999999815
0.028000000000000153
-0.008000000000000163
0.19400000000000012
-0.23400000000000018
-0.009000000000000001
0.0
0.0
0.0
0.08400000000000003
-0.001000000000000125
0.02599999999999995
0.18200000000000013
0.04999999999999999
0.036000000000000115
0.09200000000000005
0.04799999999999999
-0.06900000000000002
0.08800000000000004
-0.033000000000000015
-0.005
0.0
0.0
-0.001
-0.001000000000000052
0.1360000000000001
0.04600000000000003
0.028000000000000084
-0.06700000000000005
-0.034
0.04499999999999997
0.01799999999999992
0.001999999999999948
-0.17600000000000013
-0.1820000000000001
-0.035000000000000024
0.0
0.0
0.036000000000000025
0.002000000000000052
0.04899999999999999
0.04300000000000005
0.12100000000000011
-0.08100000000000003
-0.03999999999999991
-0.018999999999999864
0.04099999999999998
-0.021000000000000015
-0.18500000000000014
-0.11600000000000006
-0.001
0.0
0.0
0.0
-0.05500000000000002
0.10700000000000008
-0.05700000000000008
-0.05699999999999997
0.04199999999999991
-0.054000000000000034
-0.11200000000000007
-0.0050000000000000105
-0.04600000000000003
-0.1580000000000001
-0.08900000000000004
0.0
0.0
0.0
0.0
-0.030000000000000013
-0.07800000000000003
0.014999999999999998
-0.08200000000000005
0.05099999999999996
-0.026000000000000016
-0.09800000000000005
-0.14200000000000004
0.05400000000000002
-0.03399999999999999
-0.11500000000000007
0.0
0.0
0.0
0.0
-0.026000000000000016
-0.0019999999999999922
0.066
-0.09800000000000005
-0.12400000000000008
-0.06400000000000003
0.09400000000000006
-0.06900000000000003
-0.09600000000000007
0.018999999999999996
0.002
0.0
0.0
0.0
-0.001
0.019000000000000003
0.06700000000000003
0.029000000000000074
0.06600000000000006
0.20100000000000018
0.028999999999999852
0.12300000000000005
0.1120000000000001
0.10100000000000008
0.1580000000000001
0.07400000000000004
0.0
0.0
0.0
