-125.98900000023752
0.0
0.0
0.0
0.0
0.0
-0.007
-0.011000000000000001
0.0
0.0
0.0
0.0
0.0
0.0
0.0
0.0
0.0
0.0
-0.001
0.0
0.0
-0.020999999999999998
-1.2280000000000009
-0.05700000000000004
-2.8420000000000023
-2.7130000000000023
-0.6590000000000005
0.0
0.0
-0.002
0.0
0.0
0.0
-1.7069999999999752
-1.153000000000001
-0.016
-2.39199999999995
1.639999999999941
-2.777000000001268
-4.543000000002275
-8.651000000001172
-2.0910000000003706
-11.35699999999976
-8.613999999999404
-0.7580000000000006
-0.007
0.0
-0.5690000000000004
-2.294000000000002
-2.2589999999999706
-0.6550000000000008
5.688999999999149
-3.03600000000116
8.36799999999609
7.7890000000045205
-1.4429999999990082
0.08800000000000323
-2.6779999999994177
-13.896000000002358
1.8859999999999033
-0.01800000000000001
0.0
-0.5700000000000004
-2.420999999999997
0.2920000000000006
-4.368999999999064
1.3470000000000466
6.672000000000995
2.4299999999976873
-3.4310000000000196
-3.4640000000015934
-0.009000000000005646
-2.6589999999990144
-3.3430000000005577
-0.17400000000000013
0.0
0.0
-0.5910000000000004
4.876
3.4260000000002666
0.8640000000000008
3.3089999999989415
-2.984000000001514
-1.193
6.32099999999822
-4.1200000000013
3.3949999999984515
7.6530000000008105
-7.6120000000001165
1.7489999999999182
0.0
0.0
-0.02100000000000001
7.192000000000412
-0.265999999999998
0.7180000000000031
3.836999999998589
4.049999999999955
-0.28200000000000025
7.84100000000287
0.35599999999999915
1.701999999999958
1.8710000000008309
2.6219999999997525
-0.007
0.0
0.0
-0.012000000000000004
-1.8229999999998998
6.501999999999908
8.126000000007119
0.24400000000000038
-1.944999999999912
-0.0179999999999995
5.155000000000508
-3.3860000000027948
-4.5630000000003355
-4.4600000000000986
-9.496999999999817
-0.013000000000000005
0.0
0.0
0.6090000000000004
-9.132000000000287
0.47000000000000064
-2.8050000000003257
2.3359999999997956
2.1140000000003707
1.9549999999986591
9.096000000006741
3.2970000000005695
4.022000000001092
-4.933000000000762
-7.385000000000857
-0.4220000000000003
-0.002
0.0
0.6330000000000005
0.019000000000002452
6.017999999998566
-4.6360000000012045
-1.6860000000006907
-7.134999999997249
-1.574000000000753
-8.895999999996222
-1.7179999999995739
5.26999999999704
1.9309999999999032
2.5150000000000894
4.346999999999786
0.0
0.0
0.6330000000000005
-4.606000000000319
7.980000000001247
4.25600000000119
2.427000000000299
-1.694999999999198
-0.2940000000000002
4.997000000000656
-4.855000000000318
-5.629999999999695
-1.9150000000003453
-6.182000000000909
0.0
0.0
0.0
-0.001
-5.527000000000117
-4.518999999999836
5.516999999999535
-5.361999999997575
0.6550000000000006
-2.73399999999873
-5.429000000001919
-3.1510000000005123
-1.4540000000003501
0.5900000000000004
0.9120000000000007
0.0
0.0
0.0
0.0
0.11400000000000009
2.7879999999998284
4.4719999999998565
2.7229999999998875
2.4840000000003317
-1.5340000000005287
9.212000000001266
4.664999999999642
2.265000000000243
8.026000000000012
1.3749999999999594
0.0
0.0
0.0
