-546.4349999939905
0.0
0.0
0.0
0.0
0.0
0.0
0.0
0.0
-0.002
-0.002
0.0
0.0
0.0
0.0
0.0
0.0
0.0
0.0
0.0
0.0
-0.017000000000000008
-9.790000000000013
-27.147999999995832
-10.554000000000114
-5.368999999999852
-3.8920000000000363
0.0
0.0
-0.001
0.0
0.0
0.0
-0.003
-0.012000000000000004
-6.362999999999712
8.965999999999044
18.89400000000042
0.4800000000000006
-12.962999999990526
-15.492999999997842
-14.393999999996478
0.6520000000000006
-28.604999999997997
-16.377000000001804
-0.002
0.0
-0.09400000000000007
-0.06100000000000003
-9.201000000004337
-5.3759999999983945
19.439999999994537
7.789999999992143
24.139999999997823
30.47899999993569
-4.492000000000546
7.389999999996498
-0.11899999999999458
-10.222999999995299
-29.268000000002655
-0.024000000000000014
0.0
-0.003
-6.985999999999389
-6.5470000000066575
-19.15899999999865
-4.799000000006276
15.878000000060219
20.49100000000617
9.912000000024737
-7.595999999963654
3.6309999999922216
-14.885999999996661
-5.462000000000779
-15.441000000002226
0.0
-0.001
-0.059000000000000025
-16.092999999995843
22.86800000000475
-0.4720000000000007
9.701000000001407
2.4629999999987255
-4.526999999991297
0.3700000000000035
4.701000000004761
12.264000000026167
14.217000000003118
-11.110999999997185
-3.1359999999997656
-0.003
-0.002
-8.40800000000078
8.751000000003417
15.069999999963505
21.193000000022558
8.987000000040545
11.476000000014801
4.642999999997899
16.247000000016563
16.21200000005719
-0.022000000000010185
7.276000000002942
9.700999999999599
-0.06500000000000003
0.0
-0.001
-0.25000000000000017
-11.616000000002826
-3.8030000000047304
-1.5030000000064176
7.555000000021664
-0.7420000000000014
1.2759999999988036
16.400000000025504
4.6450000000032645
-9.95299999999379
-13.629999999996889
-30.04599999998324
-1.4519999999999509
-0.001
0.0
3.5189999999997235
8.323000000000702
-5.3399999999995105
-0.7190000000000016
5.961000000004732
-6.320000000000696
6.252000000001617
2.6649999999909832
12.504999999988724
9.205000000009862
0.5029999999999998
-5.01299999999907
-1.767999999999916
-10.000999999999896
0.0
-6.833999999999469
-2.818000000000087
18.075000000004497
3.377999999998711
-12.2429999999807
-10.134999999989644
-8.22999999998502
-15.845999999975687
-12.633999999963844
-10.508999999996744
-8.364000000000527
-22.333000000000936
4.452999999999846
0.0
0.0
-0.009000000000000001
-18.32699999999976
-7.695000000000143
8.252000000000889
6.43600000000112
-12.698000000008317
-6.183000000004935
3.5900000000011
-20.618999999993257
2.9230000000028467
-23.405999999999896
-6.995000000000222
6.704000000000666
0.0
0.0
-0.001
12.610000000002191
-2.404999999998992
-8.587999999997836
-7.088999999999564
-7.621000000006447
-10.70699999998699
-11.849999999974345
7.409000000007998
5.178000000005092
10.132000000005943
39.624000000002724
0.001
0.0
0.0
-0.006
7.796999999999364
11.620999999996773
6.890000000004422
19.383000000000273
11.956999999988058
9.842000000001322
11.959000000005224
11.855000000002132
16.265000000002228
14.208999999997921
2.533999999999976
0.0
0.0
0.0
