-721.1399999898592
0.0
0.0
0.0
0.0
0.0
0.0
0.0
0.0
0.0
0.0
-0.002
-0.001
0.0
0.0
0.0
0.0
0.0
0.0
0.0
0.0
0.0
-6.913000000000643
-14.741000000001321
-5.282999999999939
-8.310999999999773
-3.7090000000000183
-0.001
0.0
-0.001
0.0
0.0
0.0
-0.003
-0.017000000000000008
-0.07400000000000005
17.283999999996595
5.495999999999132
-2.9690000000010923
-23.437000000017537
-11.968999999993219
-7.576000000007268
-13.337999999998047
-35.90200000000234
-20.00599999999979
0.0
0.0
-0.3980000000000003
-2.760999999999807
-19.40200000000184
-9.947999999999613
24.078999999999493
0.7280000000000005
36.719000000005316
35.912999999978496
-9.615999999998671
4.087999999996476
-0.4710000000000003
-8.543000000000777
-33.57300000000228
-0.004
0.0
-0.004
-3.364000000000179
-1.912999999997284
-21.079000000006527
-5.692000000004474
28.545999999915438
20.02700000001258
7.161000000025596
0.7550000000000012
-0.5439999999999994
-23.459999999990977
-6.765000000001114
-13.881000000003464
0.0
-0.001
-17.337000000000543
-30.57400000000584
16.03899999999324
10.65300000003141
3.11899999999378
5.472999999994301
-7.3609999999797076
7.259000000003449
-0.696000000000001
23.469999999967644
23.35499999999722
-20.13200000000046
-1.2060000000000244
-0.001
-0.001
-19.90100000000047
47.368999999980375
22.178000000023847
19.817000000013838
19.418000000020886
9.649000000008659
9.563999999994957
19.6060000000079
16.5090000000432
-6.4269999999907785
5.052000000005763
6.402000000001065
-2.289999999999859
0.004
0.0
1.714999999999922
-25.583999999994184
7.154000000007893
-6.356999999969987
5.606000000014537
3.120999999990289
7.637000000016482
20.851000000001825
7.984000000033169
-15.682000000023429
-25.430999999995098
-39.684000000002186
-8.946000000000481
-0.003
0.0
4.130999999999714
15.519000000002055
2.3909999999985017
-7.272999999990656
6.389000000005636
-0.8350000000000007
14.379000000036786
5.49400000001449
17.581999999997283
13.385000000005238
-12.36699999998898
-19.799999999999052
-21.14000000000069
-9.927999999999937
0.0
-6.771999999999476
-0.08399999999999996
24.994999999986334
3.123000000000171
-9.4969999999943
-18.262999999995007
-11.43699999997609
-9.244999999976216
-6.411999999975913
-7.383000000000387
-22.62599999999094
-9.683999999999749
9.94099999999993
0.0
0.0
9.883999999999961
-25.285999999991787
-6.344999999998373
9.402999999998288
3.365999999999135
-17.578000000000124
-5.508000000005025
-2.1120000000030568
-21.32399999999575
2.4480000000002464
-17.356999999994677
5.1330000000000595
9.948999999999925
0.0
0.0
-0.001
-4.251999999999802
-15.719999999999287
-4.958999999998785
-1.6959999999997504
-8.600000000008562
-13.125999999994942
-15.721999999963103
0.6970000000000005
3.9290000000007392
7.064000000001792
30.953000000001175
0.0
0.0
0.0
-0.007
9.132999999999736
18.45099999999909
11.265999999999078
17.126999999991344
6.506000000013139
16.22799999999891
11.844000000006526
13.354999999992055
17.273999999999322
29.18300000000952
12.50299999999851
0.0
0.0
0.0
