-435.8739999966048
0.0
0.0
0.0
0.0
0.0
0.0
-0.004
-0.01
-0.004
0.0
0.0
0.0
0.0
0.0
0.0
0.0
0.0
0.0
0.0
0.0
0.0
-7.20200000000074
-14.411000000001483
-14.40300000000148
-18.21499999999942
-9.246999999999758
-0.07400000000000005
0.0
0.0
0.0
0.0
0.0
0.0
-0.5590000000000004
-2.870999999999797
15.046999999994584
10.395999999995203
-2.5589999999989645
-12.603999999990812
-8.901000000001636
-8.304000000003214
-4.018999999999677
-26.2909999999988
-2.349999999999852
-0.002
0.0
0.0
-10.763000000000249
4.805999999998582
-17.22800000000377
11.07299999999388
-1.7379999999999838
21.211000000014213
20.125000000002327
-1.7420000000009712
-0.12399999999999942
-6.62599999998995
1.2860000000013818
-13.832999999998552
-2.3379999999998535
0.0
-0.001
1.0989999999999587
-2.077999999999313
-14.86399999997819
-1.5000000000000726
9.014000000003234
16.380000000030574
-0.8060000000000042
-3.809000000011975
4.440999999997816
-12.36599999999534
2.0069999999990125
-12.912999999998755
0.0
0.0
-6.897000000000347
-17.311000000001947
10.342999999996435
5.2390000000096935
3.1219999999930437
-0.8100000000000024
1.0239999999999463
4.617999999999951
4.460999999998242
13.671000000030192
12.79400000000568
-4.946999999996058
-3.614999999999713
0.0
0.0
-5.654999999999904
18.507999999998916
18.955999999998866
7.674000000019395
13.952000000058508
6.915000000005923
5.053999999998764
10.323000000007097
9.54400000001794
-1.3120000000009038
-0.32100000000000084
2.598999999999282
-0.4160000000000003
0.0
0.0
3.705999999999703
-7.051999999999219
-4.777000000002255
2.177999999991568
-0.8139999999999956
6.983000000011064
2.5509999999985005
11.694000000027463
10.236000000011618
-9.004999999998885
-7.125000000003311
-24.867999999998027
-10.032999999999879
-0.002
0.0
-4.44799999999982
4.264999999999244
2.156999999999605
1.9579999999972453
-0.012000000000001738
4.509999999994293
10.541000000017862
5.225000000006388
0.8210000000000014
6.897000000011238
-6.975000000003993
-5.189000000000849
-9.707000000000171
-9.115000000000387
0.0
-2.523999999999833
-4.034000000000448
1.4450000000012175
1.6099999999994303
-8.614999999997858
-4.700000000003572
-6.313000000000221
-1.1870000000013337
-2.052000000002714
-2.4619999999982976
-5.537000000000224
5.32900000000005
12.468999999998529
0.0
0.0
2.162999999999873
-6.228999999999361
5.77799999999907
-0.9290000000000009
-14.09299999999374
-16.03099999999581
-8.648000000007523
3.058999999998643
-14.800999999989864
1.3159999999974978
-4.582000000000997
2.345999999999056
4.620999999999878
0.0
0.0
0.0
-0.4930000000000004
-8.953000000000648
4.03999999999842
5.319000000002696
1.1149999999998632
-8.544999999981771
-14.658999999976857
7.461999999988236
-2.260000000002961
-12.674999999995364
35.66599999999647
0.0
0.0
0.0
-0.024000000000000014
16.18700000000191
12.747999999996756
3.2600000000002978
8.345000000005241
4.710000000005539
12.5639999999974
13.023000000006164
9.396000000002536
17.061000000001602
9.588999999999388
7.581000000000266
0.0
0.0
0.0
