-286.88100000012804
0.0
0.0
0.0
0.0
0.0
0.0
0.0
0.0
-0.006
-0.006
0.0
0.0
0.0
0.0
0.0
0.0
0.0
0.0
0.0
0.0
-0.024000000000000007
-1.5290000000000012
-2.7529999999998633
-4.777999999999918
-3.4850000000000207
-8.578999999999535
-4.287999999999767
0.0
0.0
0.0
0.0
0.0
0.0
-0.02000000000000001
-5.192999999999829
18.138999999997505
4.224999999999783
2.0420000000010345
-8.209999999997645
0.2920000000000039
-6.2420000000013935
-0.9630000000000007
-11.74100000000052
-10.878000000000302
-0.002
0.0
-0.002
-0.8380000000000006
-9.093999999999387
1.6679999999994175
9.54699999999897
0.7550000000000016
20.935000000000638
8.359000000001616
1.013999999999931
-0.1629999999999963
-0.37100000000000033
-6.43499999999661
-13.798000000000936
-0.008
0.0
-0.025000000000000015
-5.87300000000031
-1.0640000000000247
-11.306999999998919
-9.79899999999253
13.120000000010245
11.07700000002124
0.24200000000000027
4.686999999992492
-1.712000000003885
-12.481000000002606
0.8450000000000005
-11.621000000000453
0.0
-0.1230000000000001
-0.3720000000000003
-8.337999999999504
11.741000000004055
10.056000000008986
2.595999999996443
1.587000000000859
-2.8049999999986652
3.4609999999999714
1.9789999999976808
11.160000000012317
9.544000000005477
-0.8400000000000009
2.513999999999834
0.0
-0.1230000000000001
1.8309999999998732
14.11399999999749
6.664000000002849
9.092000000015226
0.6360000000000001
0.8310000000000005
7.206000000006839
6.210000000004757
8.381000000007136
-2.2600000000009
-3.7479999999957534
7.022000000000906
-0.04900000000000003
0.0
0.0
12.765999999998364
-7.8319999999950145
-2.080000000000609
-2.3920000000030197
2.733999999994131
4.489999999997094
-1.283000000000103
7.465000000001207
2.249999999996162
-4.253000000001948
-2.9619999999999624
-18.365000000001043
-2.205999999999868
0.0
0.0
1.3499999999999621
12.767000000002604
-4.125000000000449
0.03400000000000446
4.353999999994855
1.214999999999409
3.2209999999971086
5.866000000004803
0.7070000000000024
-0.7490000000000001
-4.959000000000878
2.658999999999411
-2.9489999999997862
-7.983000000001001
0.0
-8.80499999999961
-1.4710000000000574
5.534999999996755
-3.7549999999992814
-5.816000000003737
-9.56599999998996
-0.0029999999999975706
-6.418999999996717
-0.005000000000013753
2.1390000000000273
1.0509999999999176
-12.757999999997665
7.028000000000682
-0.002
0.0
-0.004
-2.8960000000002624
-10.516999999997157
3.5899999999997365
-0.9949999999999989
-6.318000000003095
-6.615000000002192
3.9280000000039763
-15.592999999992884
-4.095000000000717
-7.115999999998081
2.314999999999582
7.027000000000681
0.0
0.0
0.0
5.316999999998951
0.5290000000000006
0.23400000000000015
-2.341999999999829
0.3229999999999998
-7.045999999994409
-3.885000000000999
-5.46800000000626
6.326000000007937
-3.1240000000006036
22.61899999999973
0.0
0.0
0.0
-0.001
4.859999999999687
7.416000000002007
6.251999999999764
-0.43900000000000405
6.258999999999869
1.6159999999994765
3.8130000000014777
12.048000000002466
8.297999999999515
14.659999999998035
7.778000000000183
0.0
0.0
0.0
