-569.1699999934528
0.0
0.0
0.0
0.0
-9.905000000000264
-25.0280000000017
-0.003
-44.94699999999057
0.0
-0.47000000000000036
-10.572000000007542
3.423999999996809
19.206999999978905
2.1139999999979175
-2.4270000000038827
-6.8010000000015545
-0.011000000000000003
-22.046999999999702
2.4749999999981798
14.37699999995971
2.6179999999914134
17.777999999993085
4.637999999998626
-1.3910000000007952
-6.267000000000428
15.384000000029477
3.098999999993118
4.6899999999937325
6.693999999989686
2.415999999996858
-3.735000000001253
-13.049000000002195
-18.726999999999904
2.2979999999984675
-3.262000000007392
-18.90000000002722
-7.601000000010623
-12.69300000001139
-9.923999999998452
-12.900000000004447
-3.440999999999732
-2.003999999998632
11.352000000005294
0.9539999999999721
1.6669999999952279
9.442000000013632
26.631000000015675
3.4660000000002285
-13.716999999997837
