-794.7799999881179
0.0
0.0
0.0
-0.010000000000000002
-33.3150000000036
-28.050999999996787
-9.948999999999925
-58.89200000000295
-0.004
-26.03800000000131
-5.548999999995966
5.426999999983254
26.20400000001282
-1.8310000000018596
-1.1370000000046103
-8.634999999994124
-0.045000000000000026
-11.267999999986891
1.5480000000019776
16.52799999991514
4.674999999983576
23.461000000061418
1.4220000000012871
-26.92599999998695
-0.3140000000000002
19.86700000001444
8.680000000002309
6.072999999992481
9.099999999992953
7.239000000018151
-5.537000000005167
-19.779000000004302
-0.6770000000000005
2.0990000000005775
-3.919000000014427
-20.691999999992255
-13.963000000037072
-14.437999999977604
-21.887999999992072
-9.798000000001384
9.888999999999958
0.5740000000000003
12.354999999998842
6.676000000019558
2.8309999999913913
7.837000000015909
40.08900000000061
0.3790000000000003
-9.997999999999898
