-3482.5370002507366
0.0
0.0
0.0
-0.012
-112.04300000004498
-150.6399999999977
-29.988000000013667
-232.97800000027235
-0.004
-0.20300000000000015
-35.11100000004905
20.795000000046805
111.46100000092466
-3.657000000038758
-14.646000000171549
-33.82399999995158
-1.2549999999999726
-64.22499999989643
17.2780000000562
87.5599999997413
19.306000000093633
103.7279999988693
10.968999999935365
-28.845999999982553
-26.79200000000976
74.36499999995225
31.203999999820372
28.787999999950806
41.33600000092512
26.395000000000845
-35.568000000081554
-65.98300000009773
-67.08199999995625
-7.0260000000149025
-16.614999999874463
-94.02499999995104
-65.45599999915204
-71.31199999989514
-73.38600000003755
4.519999999997496
29.98300000001366
13.870000000009583
47.106000000134216
24.88600000008695
12.481000000091337
50.663999999977406
136.0650000001824
29.90200000001356
-61.239999999947976
