-1071.089999981584
0.0
0.0
0.0
-0.05400000000000004
-31.265000000003752
-47.84400000000613
-10.001999999999896
-80.44100000001322
-0.002
-0.34000000000000025
-14.517000000000658
5.2429999999822865
34.66000000007134
-1.3800000000015336
-4.168999999995583
-11.576000000000464
-0.01800000000000001
-24.04300000000534
6.001999999982292
27.972000000109187
5.772999999983027
31.802000000173013
3.7209999999831798
0.8379999999999682
-9.20000000000034
20.810000000012167
9.308999999995732
9.492999999975657
11.985000000006824
8.22999999998635
-11.352999999995333
-24.368999999993235
-21.221000000002952
-1.9470000000002061
-5.410000000006513
-28.88799999996103
-20.49000000002789
-21.256000000001784
-19.944000000000187
-1.5090000000021861
9.999999999999897
1.2210000000003416
16.94999999999532
7.704000000016075
2.5889999999876863
14.126000000027208
41.55299999999793
10.008999999999892
-20.021000000001486
