-651.8989999914966
0.0
0.0
0.0
0.0
-17.72299999999925
-21.1289999999992
-9.968999999999914
-54.92899999997901
0.0
-0.25300000000000017
-6.363000000005564
4.560999999982578
21.357000000016097
-1.1940000000002478
0.2210000000000253
-7.849999999996389
-2.0109999999998895
-12.34999999999868
6.835999999995506
15.504999999917064
3.6609999999912852
19.557000000030804
1.2609999999990549
-17.933999999999735
-19.84400000000127
14.140999999989372
4.013000000008094
6.357999999991727
9.370999999988218
3.654999999993952
-6.973000000004229
-14.988000000003971
-2.8809999999997937
4.888000000005605
-4.564000000009817
-19.74000000001511
-12.827000000037977
-14.124000000030028
-19.529999999997013
-26.300000000000626
2.3369999999998536
-2.8109999999993938
14.249999999992898
3.3539999999933077
0.09600000000014555
11.28300000000716
23.676000000016188
10.168999999999803
-19.94300000000139
