-901.2469999856003
0.0
0.0
0.0
0.0
-23.422000000003106
-36.963000000001266
0.0
-68.59699999998466
0.0
-9.11200000000039
-10.6859999999967
3.8759999999833354
27.72500000003294
-0.8879999999999859
-4.343999999999443
-10.471999999995345
-0.042
-19.183999999993095
5.181999999993108
21.857000000064833
4.351999999982211
26.039000000072615
2.3899999999973516
-9.339999999999987
-0.21800000000000017
19.33000000001144
7.954000000010271
7.455999999988223
11.365000000013906
9.380000000003344
-9.422999999997533
-16.13500000001371
-20.003000000001464
-1.5400000000006606
-3.5580000000168375
-23.22199999998752
-17.635000000047363
-18.890000000019526
-19.691000000007094
8.943000000000632
9.984999999999905
0.4870000000000002
14.65900000000696
7.905000000019401
4.522999999990575
14.279000000022082
36.351000000003715
0.086
-18.736999999999917
