-225.0860000007107
0.0
0.0
0.0
0.0
-1.0899999999999908
-7.555999999999853
0.0
-8.495000000000143
0.0
-4.129999999999714
2.5340000000019534
2.2470000000023886
9.61700000000304
-0.20099999999998022
0.7570000000000242
-2.179000000000166
-0.48100000000000037
-2.163000000000501
0.9480000000000041
6.628999999994768
1.814999999998228
6.050999999997668
0.8319999999999922
5.882000000000474
7.6890000000009024
6.359000000006217
4.79499999999692
1.8999999999987582
2.0019999999953555
0.9430000000000229
-5.469999999996035
-10.115000000000324
-0.007
-8.466000000000802
-1.1499999999995476
-6.62300000000735
-6.329999999998563
-4.6579999999980135
-6.735999999997987
-3.2980000000008545
-0.04200000000000003
4.562000000000623
4.732999999998828
0.2530000000000071
0.5120000000000564
-0.10899999999999364
11.621000000000654
-2.5249999999995736
-0.006
