-74.6719999999925
0.0
0.0
0.0
-0.001
-0.051
-3.068999999999884
-1.5219999999999432
-0.9790000000000008
-0.001
-0.01900000000000001
-4.672999999999115
-0.6669999999999913
4.597000000000276
1.8389999999996631
-0.07999999999999269
-6.680000000000354
-2.6329999999999663
-5.094000000000759
0.07500000000000094
1.9639999999976083
1.1069999999998923
2.609999999999936
1.1529999999996523
2.9879999999996336
-4.432999999999815
-3.848000000000957
1.1239999999998083
-0.29199999999998477
0.9310000000000075
-0.09699999999997393
0.23199999999999135
-4.601999999999904
-7.626000000000881
-2.708999999999671
-0.5349999999999949
-5.429000000002856
-1.8130000000015103
-3.485999999999712
-2.5959999999999783
-3.5049999999999475
0.0
-8.789000000000314
3.1329999999995217
0.5239999999999999
1.0800000000000112
5.2510000000027
13.819000000000361
0.2700000000000002
0.0
