-513.4459999947705
0.0
0.0
0.0
-0.001
-0.21500000000000014
-23.95199999999779
-10.004999999999894
-23.869000000003393
0.0
-6.190000000000123
-4.56499999999959
3.0509999999937563
17.894999999975113
-0.8350000000000019
1.6299999999970247
-6.331999999991271
0.0
-3.983999999999935
0.9649999999999974
10.839999999973003
3.373999999989669
14.985999999981361
2.3809999999964875
5.844000000003949
-8.838000000000541
12.282999999993663
3.4189999999962404
4.315999999994888
4.211999999983417
4.197000000002638
-2.4619999999976634
-16.140000000005934
2.159999999999873
-6.926000000005535
-0.10399999999986818
-13.759000000008804
-8.079000000005598
-9.419000000003305
-16.484000000017875
-3.037000000001174
-0.001
-9.990000000001984
2.251999999997593
3.216000000004053
0.8859999999999937
6.269000000001072
17.732999999999343
9.996999999999899
-9.666000000000082
