-370.41299999815277
0.0
0.0
0.0
0.0
-11.866999999999752
-23.96599999999791
-9.20100000000034
-13.085999999998736
0.0
-3.922999999999679
-4.145000000000761
4.5299999999952
12.348999999966296
-0.3829999999999959
0.6239999999999897
-5.353000000001554
-0.008
-1.9239999999994117
1.353000000001216
10.414999999988758
2.001999999995661
9.858999999996525
-0.8439999999999968
8.577000000000067
-0.09900000000000007
2.421999999999251
4.506999999996
3.1879999999934348
3.5799999999948113
3.6500000000054844
-1.40699999999954
-11.047000000005097
5.0360000000000165
-10.87399999999004
-0.5579999999999747
-11.367999999992623
-8.322000000007536
-5.511000000000794
-10.508000000006255
8.551999999998523
-0.002
-4.233999999999019
11.928000000004415
2.776999999999922
0.6170000000000264
0.4150000000000037
12.571999999999784
10.08599999999985
-0.46800000000000036
