-11.277999999999189
0.0
0.0
0.0
0.0
0.0
0.0
0.0
0.0
0.0
0.0
0.0
0.0
0.0
0.0
0.0
0.0
0.0
0.0
0.0
0.0
0.0
0.0
0.0
0.0
0.0
0.0
0.0
0.0
0.0
0.0
0.0
0.0
0.0
0.0
0.0
0.0
0.0
0.0
0.0
0.0
0.0
0.0
0.0
0.0
-0.001
-0.001
-0.001
-0.001
0.0
0.0
0.0
0.0
0.0
0.0
0.0
0.0
0.0
0.0
0.0
0.0
0.0
0.0
0.0
0.0
0.0
0.0
0.0
0.0
0.0
0.0
0.0
0.0
-0.027000000000000017
-0.03800000000000003
-0.03900000000000003
-0.1430000000000001
-0.10600000000000008
-0.05300000000000004
-0.001
0.0
0.0
0.0
0.0
0.0
0.0
0.0
0.0
0.0
0.0
0.0
0.0
0.0
0.0
0.0
0.0
0.0
0.0
-0.011000000000000003
-0.05300000000000004
-0.05300000000000004
-0.18000000000000013
-0.18200000000000013
-0.1420000000000001
-0.19500000000000015
-0.1460000000000001
-0.10800000000000008
-0.2450000000000002
-0.1400000000000001
-0.1400000000000001
0.0
0.0
0.0
0.0
0.0
0.0
0.0
0.0
0.0
0.0
0.0
0.0
0.0
0.0
0.0
0.0
0.0
-0.19200000000000014
0.20700000000000016
0.007
0.07600000000000005
0.06400000000000004
-0.007
0.015000000000000006
-0.6400000000000005
-0.4060000000000003
-0.2980000000000002
-0.18800000000000014
-0.1420000000000001
-0.002
-0.002
-0.001
0.0
0.0
0.0
0.0
0.0
0.0
0.0
-0.001
-0.001
-0.002
-0.009000000000000001
-0.08100000000000006
-0.07700000000000005
-0.1420000000000001
0.008
-0.07900000000000006
0.2890000000000002
-0.6150000000000004
-0.4040000000000003
0.02900000000000002
0.2780000000000002
0.08000000000000006
-0.21000000000000016
0.06800000000000005
-0.22400000000000017
-0.1320000000000001
-0.1530000000000001
-0.08300000000000006
-0.002
0.0
0.0
0.0
0.0
0.0
0.0
-0.05200000000000004
-0.001
-0.002
-0.1540000000000001
0.12500000000000008
-0.07100000000000005
-0.22900000000000018
0.015000000000000006
0.4130000000000003
0.21600000000000016
0.2910000000000002
0.10500000000000008
0.3110000000000002
0.7980000000000006
0.17300000000000013
0.6550000000000005
-0.34300000000000025
0.7320000000000005
0.03300000000000002
-0.18300000000000013
-0.4280000000000003
-0.2670000000000002
-0.23200000000000018
-0.22900000000000018
0.0
0.0
0.0
0.0
0.0
0.0
-0.08600000000000006
-0.08900000000000007
0.11600000000000009
-0.2650000000000002
-0.6970000000000005
-0.17100000000000012
-0.1390000000000001
0.33200000000000024
-0.5230000000000004
0.18300000000000013
0.18200000000000013
1.0709999999999928
0.12500000000000008
1.0809999999999917
-0.012000000000000004
-0.6130000000000004
-0.11100000000000008
0.1430000000000001
-0.2460000000000002
-0.1350000000000001
0.002
-0.12600000000000008
-0.23300000000000018
-0.007
0.0
0.0
0.0
0.0
0.0
-0.08900000000000007
-0.057000000000000044
0.05200000000000004
-0.1550000000000001
0.07100000000000005
-0.2460000000000002
0.003
-0.18400000000000014
0.05700000000000004
0.3090000000000002
0.6230000000000004
0.5950000000000004
0.22800000000000017
-0.2600000000000002
0.8710000000000007
0.32400000000000023
-0.07000000000000005
0.6760000000000005
0.3000000000000002
-0.25300000000000017
0.25300000000000017
-0.22900000000000018
-0.23600000000000018
-0.007
0.0
0.0
0.0
0.0
0.0
-0.003
0.08500000000000006
-0.09200000000000007
-0.46700000000000036
0.04100000000000003
-0.33700000000000024
-0.12500000000000008
0.36000000000000026
0.06700000000000005
-0.07000000000000005
0.35700000000000026
0.04500000000000003
-0.16800000000000012
0.25600000000000017
0.04300000000000003
-0.1460000000000001
-0.3860000000000003
-0.20600000000000016
-0.17700000000000013
-0.03900000000000003
-0.09700000000000007
-0.2960000000000002
-0.23300000000000018
-0.004
0.0
0.0
0.0
0.0
-0.08500000000000006
-0.09100000000000007
-0.1450000000000001
-0.04300000000000003
-0.18200000000000013
-0.01800000000000001
0.3720000000000003
0.5450000000000004
-0.5470000000000004
-0.027000000000000017
0.1530000000000001
0.08400000000000006
-0.22600000000000017
0.10500000000000008
0.1230000000000001
0.03900000000000003
0.3830000000000003
0.003
0.1570000000000001
-0.5580000000000004
0.3020000000000002
0.16800000000000012
-0.3760000000000003
-0.004
0.0
0.0
0.0
0.0
0.0
-0.08600000000000006
-0.4020000000000003
-0.44800000000000034
0.2930000000000002
0.09400000000000007
-0.05300000000000004
-0.21600000000000016
-0.01900000000000001
-0.1360000000000001
0.33400000000000024
0.18800000000000014
0.35500000000000026
0.18600000000000014
-0.1580000000000001
-0.11700000000000009
0.2810000000000002
-0.12000000000000009
0.8300000000000006
0.05600000000000004
0.49900000000000033
0.23500000000000018
0.02900000000000002
-0.014000000000000005
-0.004
-0.002
-0.002
0.0
0.0
0.0
-0.08600000000000006
-0.19800000000000015
-0.04900000000000004
0.16900000000000012
0.5300000000000004
0.12400000000000008
0.23700000000000018
0.32600000000000023
0.34100000000000025
-0.11500000000000009
-0.1210000000000001
0.2830000000000002
0.010000000000000002
0.3750000000000003
0.45600000000000035
0.02900000000000002
-0.002
0.3870000000000003
-0.2790000000000002
0.44800000000000034
-0.35600000000000026
0.07300000000000005
-0.16000000000000011
-0.1430000000000001
-0.002
-0.002
0.0
0.0
0.0
0.0
0.08600000000000006
0.43300000000000033
0.09000000000000007
0.4260000000000003
0.5840000000000004
0.3110000000000002
-0.16700000000000012
0.1440000000000001
0.33000000000000024
-0.3790000000000003
0.21200000000000016
0.20100000000000015
-0.09900000000000007
0.21000000000000016
0.1590000000000001
0.017000000000000008
0.3010000000000002
0.2810000000000002
0.3990000000000003
0.2640000000000002
-0.10600000000000008
-0.16000000000000011
-0.003
0.0
0.0
0.0
0.0
0.0
0.0
0.23700000000000018
-0.1380000000000001
-0.05000000000000003
-0.34800000000000025
0.20800000000000016
-0.06300000000000004
-0.12300000000000008
0.32100000000000023
-0.1370000000000001
-0.3700000000000003
0.06500000000000004
0.6580000000000005
0.36000000000000026
0.9720000000000008
0.35300000000000026
0.004
-0.014000000000000005
-0.21200000000000016
-0.04000000000000003
0.22600000000000017
0.022000000000000013
-0.04000000000000003
-0.015000000000000006
0.0
0.0
0.0
0.0
0.0
0.0
-0.07700000000000005
0.4960000000000004
-0.2690000000000002
-0.16400000000000012
-0.5000000000000003
-0.35400000000000026
-0.2660000000000002
0.09800000000000007
0.006
0.33400000000000024
0.2460000000000002
0.1210000000000001
0.32500000000000023
0.6260000000000004
0.6610000000000005
-0.04000000000000003
-0.16300000000000012
-0.3010000000000002
-0.03200000000000002
0.3700000000000003
-0.004
-0.2870000000000002
-0.015000000000000006
-0.006
0.0
0.0
0.0
0.0
0.0
-0.03300000000000002
0.5320000000000004
0.08900000000000007
-0.08100000000000006
0.12400000000000008
0.16400000000000012
-0.022000000000000013
0.22400000000000017
0.35400000000000026
-0.35000000000000026
-0.17300000000000013
0.09300000000000007
-0.20700000000000016
0.1520000000000001
-0.4130000000000003
0.08200000000000006
0.23900000000000018
-0.12600000000000008
0.24000000000000019
-0.4830000000000004
-0.44500000000000034
-0.2880000000000002
-0.012000000000000004
-0.006
0.0
0.0
0.0
0.0
0.0
-0.001
0.19500000000000015
0.008
-0.18900000000000014
-0.47100000000000036
-0.20700000000000016
-0.06300000000000004
-0.023000000000000013
0.1330000000000001
-0.32800000000000024
0.017000000000000008
0.1540000000000001
0.20200000000000015
-0.1320000000000001
0.05200000000000004
-0.3080000000000002
0.06600000000000004
0.08200000000000006
0.2990000000000002
-0.21000000000000016
-0.35900000000000026
-0.45100000000000035
-0.001
-0.006
0.0
0.0
0.0
0.0
-0.026000000000000016
-0.002
-0.1340000000000001
0.1380000000000001
-0.05600000000000004
0.12800000000000009
0.34000000000000025
-0.2610000000000002
0.22500000000000017
0.03200000000000002
-0.11700000000000009
0.10400000000000008
0.4300000000000003
0.32300000000000023
0.5150000000000003
0.3830000000000003
0.07700000000000005
0.5470000000000004
0.09500000000000007
-0.3740000000000003
0.2410000000000002
-0.11300000000000009
-0.03800000000000003
-0.001
-0.006
0.0
0.0
0.0
0.0
-0.026000000000000016
-0.002
-0.1330000000000001
-0.03900000000000003
-0.2950000000000002
0.16800000000000012
-0.04000000000000003
-0.5120000000000003
-0.05100000000000004
0.34900000000000025
-0.36200000000000027
0.5450000000000004
-0.18600000000000014
-0.11100000000000008
0.05400000000000004
0.7320000000000005
-0.3720000000000003
0.17500000000000013
-0.1510000000000001
-0.08200000000000006
0.11600000000000009
-0.08600000000000006
-0.10400000000000008
0.0
0.0
0.0
0.0
0.0
0.0
0.0
-0.002
-0.11100000000000008
-0.3170000000000002
-0.1580000000000001
0.014000000000000005
-0.44200000000000034
-0.36700000000000027
-0.1320000000000001
-0.33700000000000024
-0.5040000000000003
-0.11100000000000008
0.08600000000000006
-0.08700000000000006
-0.4190000000000003
-0.08700000000000006
-0.23600000000000018
-0.024000000000000014
-0.02000000000000001
-0.24000000000000019
-0.5380000000000004
-0.12300000000000008
0.3050000000000002
0.0
0.0
0.0
0.0
0.0
0.0
0.0
-0.004
-0.002
-0.23400000000000018
-0.12700000000000009
-0.11600000000000009
0.06300000000000004
-0.32700000000000023
0.06800000000000005
-0.21600000000000016
-0.5390000000000004
-0.007
-0.2940000000000002
-0.05000000000000004
-0.10600000000000008
-0.3020000000000002
-0.09100000000000007
0.03900000000000003
-0.3810000000000003
-0.23900000000000018
0.09600000000000007
0.10800000000000008
0.3050000000000002
0.0
0.0
0.0
0.0
0.0
0.0
0.0
0.0
-0.003
0.017000000000000008
0.2700000000000002
0.2740000000000002
0.028000000000000018
0.05100000000000004
-0.36900000000000027
-0.2910000000000002
-0.18500000000000014
-0.47100000000000036
0.06800000000000005
-0.06800000000000005
-0.5120000000000003
-0.2980000000000002
0.32100000000000023
0.046000000000000034
-0.36200000000000027
0.1300000000000001
0.09600000000000007
0.11000000000000008
0.3070000000000002
0.0
0.0
0.0
0.0
0.0
0.0
0.0
0.0
0.1380000000000001
-0.10500000000000008
-0.2450000000000002
-0.3000000000000002
0.46800000000000036
0.05100000000000004
0.02900000000000002
-0.01900000000000001
0.060000000000000046
-0.06600000000000004
-0.43900000000000033
0.4040000000000003
-0.2670000000000002
0.16500000000000012
0.2890000000000002
-0.1550000000000001
-0.36600000000000027
0.4250000000000003
0.2790000000000002
0.5230000000000004
0.3070000000000002
0.0
0.0
0.0
0.0
0.0
0.0
0.0
-0.03200000000000002
0.1470000000000001
0.08700000000000006
-0.3070000000000002
-0.007
-0.23400000000000018
-0.2660000000000002
0.023000000000000013
-0.22000000000000017
-0.06200000000000004
-0.028000000000000018
-0.43600000000000033
-0.2760000000000002
-0.2440000000000002
0.17000000000000012
0.12500000000000008
0.06700000000000005
0.037000000000000026
0.17700000000000013
0.4900000000000004
0.21800000000000017
0.002
0.0
0.0
0.0
0.0
0.0
0.0
0.0
-0.03200000000000002
-0.10600000000000008
-0.06800000000000005
0.19500000000000015
-0.02100000000000001
0.02100000000000001
0.05200000000000004
0.07700000000000005
0.06500000000000004
-0.03900000000000003
0.1560000000000001
-0.2720000000000002
0.2810000000000002
-0.06300000000000004
0.08500000000000006
0.2880000000000002
0.3180000000000002
0.22700000000000017
0.6440000000000005
0.3970000000000003
0.3880000000000003
0.002
0.0
0.0
0.0
0.0
0.0
0.0
0.0
0.0
0.010000000000000002
0.003
0.19100000000000014
0.3010000000000002
0.011000000000000003
0.1430000000000001
-0.013000000000000005
0.2570000000000002
0.17600000000000013
0.18800000000000014
0.21400000000000016
0.5170000000000003
0.3980000000000003
0.09500000000000007
0.2980000000000002
0.21700000000000016
0.17500000000000013
0.17500000000000013
0.17400000000000013
0.16700000000000012
0.0
0.0
0.0
0.0
0.0
0.0
