-4.791999999999935
0.0
0.0
0.0
0.0
0.0
0.0
0.0
0.0
0.0
0.0
0.0
0.0
0.0
0.0
0.0
0.0
0.0
0.0
0.0
0.0
0.0
0.0
0.0
0.0
0.0
0.0
0.0
0.0
0.0
0.0
0.0
0.0
0.0
0.0
0.0
0.0
0.0
0.0
0.0
-0.001
-0.001
-0.001
0.0
0.0
0.0
0.0
0.0
0.0
0.0
0.0
0.0
0.0
0.0
0.0
0.0
0.0
0.0
0.0
0.0
0.0
0.0
0.0
0.0
0.0
0.0
0.0
0.0
0.0
-0.001
-0.001
-0.001
-0.001
-0.027000000000000017
-0.027000000000000017
-0.02900000000000002
-0.03100000000000002
-0.012000000000000004
-0.009000000000000001
-0.007
0.0
0.0
0.0
0.0
0.0
0.0
0.0
0.0
0.0
0.0
0.0
0.0
0.0
0.0
0.0
0.0
0.0
-0.002
-0.003
-0.015000000000000006
-0.01900000000000001
-0.046000000000000034
-0.04400000000000003
-0.07900000000000006
-0.09500000000000007
-0.07300000000000005
-0.05200000000000004
-0.010000000000000002
-0.001
-0.001
0.0
0.0
0.0
0.0
0.0
0.0
0.0
0.0
0.0
0.0
0.0
0.0
0.0
0.0
0.0
0.0
-0.008
-0.02000000000000001
-0.11100000000000008
0.1220000000000001
0.028000000000000018
0.002
-0.10100000000000008
-0.046000000000000034
-0.055000000000000035
-0.18000000000000013
-0.07900000000000006
-0.060000000000000046
-0.013000000000000005
-0.011000000000000003
-0.010000000000000002
-0.001
0.0
0.0
0.0
0.0
0.0
0.0
0.0
0.0
0.0
0.0
-0.004
-0.007
-0.048000000000000036
-0.07500000000000005
0.04200000000000003
0.21400000000000016
0.09400000000000007
-0.2430000000000002
-0.06300000000000004
-0.1480000000000001
-0.07100000000000005
-0.06400000000000004
0.011000000000000003
-0.06500000000000004
0.05400000000000004
-0.16600000000000012
-0.10600000000000008
-0.04200000000000003
-0.010000000000000002
-0.002
0.0
0.0
0.0
0.0
0.0
0.0
-0.001
-0.003
-0.025000000000000015
-0.08500000000000006
-0.10200000000000008
-0.18300000000000013
0.11100000000000008
0.03900000000000003
0.007
0.07800000000000006
0.19200000000000014
0.05900000000000004
0.19000000000000014
0.02100000000000001
0.16400000000000012
0.1540000000000001
0.07800000000000006
0.024000000000000014
-0.03100000000000002
-0.21600000000000016
-0.1430000000000001
-0.10300000000000008
-0.07400000000000005
0.0
0.0
0.0
0.0
0.0
0.0
-0.03400000000000002
-0.036000000000000025
0.023000000000000013
-0.08500000000000006
-0.1470000000000001
-0.33500000000000024
0.1590000000000001
-0.04000000000000003
-0.022000000000000013
0.003
-0.03400000000000002
0.45700000000000035
0.4090000000000003
0.20000000000000015
-0.1480000000000001
-0.07600000000000005
-0.11900000000000009
-0.08500000000000006
0.19200000000000014
-0.07200000000000005
0.009000000000000001
-0.11400000000000009
-0.09700000000000007
-0.01900000000000001
0.0
0.0
0.0
0.0
0.0
-0.03400000000000002
0.04000000000000003
0.047000000000000035
-0.22000000000000017
0.08400000000000006
-0.09500000000000007
0.06200000000000004
0.046000000000000034
0.11100000000000008
0.047000000000000035
0.059000000000000045
0.36500000000000027
0.20400000000000015
0.06400000000000004
0.3120000000000002
-0.10200000000000008
0.08500000000000006
0.07700000000000005
0.07400000000000005
-0.1420000000000001
0.08500000000000006
-0.1550000000000001
-0.09600000000000007
-0.01900000000000001
0.0
0.0
0.0
0.0
-0.006
-0.002
0.09000000000000007
-0.01800000000000001
-0.03900000000000003
-0.09000000000000007
-0.09600000000000007
0.013000000000000005
-0.012000000000000004
0.16500000000000012
0.1500000000000001
-0.02100000000000001
0.023000000000000013
-0.07600000000000005
-0.010000000000000002
-0.1290000000000001
0.19300000000000014
-0.05600000000000004
-0.04400000000000003
-0.20900000000000016
-0.1500000000000001
0.012000000000000004
-0.1440000000000001
-0.08000000000000006
0.0
0.0
0.0
0.0
0.0
-0.057000000000000044
-0.06400000000000004
-0.08200000000000006
0.036000000000000025
-0.20400000000000015
-0.06300000000000004
0.1350000000000001
0.06200000000000004
-0.058000000000000045
0.1240000000000001
0.05500000000000004
0.06700000000000005
-0.04300000000000003
-0.06600000000000004
-0.003
0.06700000000000005
0.014000000000000005
0.07100000000000005
-0.09100000000000007
-0.10700000000000008
0.03800000000000003
0.026000000000000016
-0.1360000000000001
-0.015000000000000006
0.0
0.0
0.0
0.0
0.0
-0.05200000000000004
-0.06400000000000004
-0.023000000000000013
0.1360000000000001
0.11500000000000009
-0.08300000000000006
0.09800000000000007
-0.07500000000000005
-0.03000000000000002
0.06100000000000004
-0.11300000000000009
0.04900000000000004
0.09500000000000007
0.10200000000000008
0.09800000000000007
0.10300000000000008
-0.003
0.2750000000000002
0.1290000000000001
0.1500000000000001
0.06200000000000005
0.001
0.035000000000000024
0.04100000000000003
0.0
0.0
0.0
0.0
0.0
-0.05100000000000004
0.05000000000000004
-0.08300000000000006
0.20500000000000015
0.08000000000000006
0.1440000000000001
0.04500000000000003
0.12500000000000008
0.2710000000000002
-0.022000000000000013
-0.09500000000000007
0.1210000000000001
0.06200000000000004
0.0
0.09200000000000007
0.07900000000000006
0.1590000000000001
0.1220000000000001
0.1540000000000001
0.19700000000000015
-0.08100000000000006
-0.037000000000000026
-0.03800000000000003
-0.001
0.0
0.0
0.0
0.0
0.0
0.0
0.047000000000000035
0.012000000000000004
0.20800000000000016
0.057000000000000044
0.21400000000000016
-0.11700000000000009
0.05100000000000004
0.028000000000000018
-0.07200000000000005
0.05200000000000004
-0.015000000000000006
0.23100000000000018
0.07700000000000005
0.08900000000000007
-0.07700000000000005
0.10700000000000008
0.1520000000000001
-0.01900000000000001
0.03000000000000002
-0.003
-0.08100000000000006
-0.04500000000000003
0.0
0.0
0.0
0.0
0.0
0.0
0.0
0.09700000000000007
-0.016000000000000007
0.06600000000000004
-0.08700000000000006
0.22100000000000017
-0.05900000000000004
0.24900000000000017
0.02100000000000001
-0.027000000000000017
-0.08100000000000006
0.11700000000000009
0.022000000000000013
0.036000000000000025
0.2640000000000002
0.2730000000000002
0.003
-0.037000000000000026
-0.07900000000000006
-0.04000000000000003
0.1290000000000001
0.06200000000000005
-0.08000000000000006
-0.04100000000000003
0.0
0.0
0.0
0.0
0.0
0.0
0.08800000000000006
0.06500000000000004
0.048000000000000036
0.06400000000000004
-0.1480000000000001
0.10100000000000008
0.01900000000000001
0.1360000000000001
-0.1390000000000001
0.07200000000000005
-0.07200000000000005
-0.03000000000000002
0.2750000000000002
0.4190000000000003
0.1570000000000001
-0.03400000000000002
-0.2660000000000002
-0.035000000000000024
-0.20400000000000015
0.006
-0.03100000000000002
-0.05000000000000004
-0.04100000000000003
0.0
0.0
0.0
0.0
0.0
0.0
0.02900000000000002
0.058000000000000045
0.03000000000000002
-0.005
0.07400000000000005
0.037000000000000026
0.09600000000000007
0.12500000000000008
-0.015000000000000006
-0.08900000000000007
-0.1450000000000001
-0.17500000000000013
0.1450000000000001
0.08100000000000006
-0.2940000000000002
-0.06100000000000004
0.08900000000000007
-0.03000000000000002
0.1360000000000001
-0.05500000000000004
-0.16700000000000012
-0.05000000000000004
0.0
0.0
0.0
0.0
0.0
0.0
0.0
0.05400000000000004
-0.059000000000000045
0.1570000000000001
0.008
-0.09900000000000007
0.07400000000000005
-0.08100000000000006
0.23000000000000018
0.06100000000000005
-0.04200000000000003
0.17300000000000013
-0.01800000000000001
0.11200000000000009
0.04400000000000003
0.012000000000000004
-0.11400000000000009
0.015000000000000006
0.20400000000000015
-0.08000000000000006
-0.08400000000000006
-0.16100000000000012
-0.04300000000000003
-0.005
-0.004
0.0
0.0
0.0
0.0
-0.02900000000000002
-0.015000000000000006
-0.04500000000000003
0.04900000000000004
0.03300000000000002
-0.03100000000000002
0.1510000000000001
-0.04500000000000003
0.05200000000000004
-0.2600000000000002
-0.18300000000000013
0.20200000000000015
0.22100000000000017
-0.011000000000000003
0.1480000000000001
-0.02100000000000001
-0.05200000000000004
0.10000000000000007
-0.12300000000000008
0.04100000000000003
0.1450000000000001
-0.010000000000000002
0.06400000000000004
0.0
-0.004
0.0
0.0
0.0
0.0
-0.02900000000000002
-0.010000000000000002
-0.04400000000000003
0.06500000000000004
-0.1560000000000001
-0.06400000000000004
0.1400000000000001
-0.23600000000000018
0.015000000000000006
0.08500000000000006
-0.25400000000000017
-0.003
-0.024000000000000014
-0.060000000000000046
-0.18800000000000014
0.2960000000000002
-0.11600000000000009
0.06800000000000005
0.06500000000000004
-0.11500000000000009
0.046000000000000034
0.008
0.1330000000000001
0.0
0.0
0.0
0.0
0.0
0.0
0.0
-0.002
-0.047000000000000035
-0.17400000000000013
-0.09400000000000007
-0.25500000000000017
-0.25500000000000017
0.06300000000000004
-0.36900000000000027
0.05600000000000004
-0.2650000000000002
-0.1590000000000001
-0.10000000000000007
-0.2430000000000002
-0.09900000000000007
-0.013000000000000005
-0.08800000000000006
-0.1440000000000001
0.08800000000000006
-0.012000000000000004
-0.07200000000000005
-0.02100000000000001
0.1290000000000001
0.0
0.0
0.0
0.0
0.0
0.0
0.0
-0.002
-0.037000000000000026
-0.060000000000000046
0.03800000000000003
0.10000000000000007
-0.1310000000000001
0.0
0.1510000000000001
-0.11400000000000009
-0.03000000000000002
0.22100000000000017
0.02900000000000002
0.1320000000000001
-0.07500000000000005
-0.1490000000000001
0.1380000000000001
-0.08800000000000006
-0.1320000000000001
-0.03800000000000003
0.0
0.05500000000000004
0.18300000000000013
0.0
0.0
0.0
0.0
0.0
0.0
0.0
-0.001
-0.047000000000000035
0.04300000000000003
0.057000000000000044
0.22300000000000017
0.08300000000000006
0.03900000000000003
0.047000000000000035
0.18500000000000014
0.1370000000000001
0.03400000000000002
-0.1550000000000001
0.09000000000000007
0.04400000000000003
-0.06500000000000004
0.003
-0.06500000000000004
-0.012000000000000004
-0.046000000000000034
-0.058000000000000045
-0.03300000000000002
0.07000000000000005
0.0
0.0
0.0
0.0
0.0
0.0
0.0
-0.006
0.09600000000000007
0.023000000000000013
-0.09800000000000007
-0.17800000000000013
0.08700000000000006
-0.25100000000000017
-0.026000000000000016
-0.2590000000000002
-0.024000000000000014
0.22900000000000018
-0.1230000000000001
0.1360000000000001
-0.017000000000000008
0.007
0.046000000000000034
-0.04500000000000003
0.024000000000000014
0.10600000000000008
0.07200000000000005
0.09700000000000007
0.1380000000000001
0.0
0.0
0.0
0.0
0.0
0.0
0.0
-0.027000000000000017
0.1350000000000001
0.05100000000000004
-0.04100000000000003
0.037000000000000026
-0.07900000000000006
0.08500000000000006
-0.058000000000000045
-0.12800000000000009
-0.3960000000000003
-0.04000000000000003
-0.2640000000000002
0.035000000000000024
-0.05100000000000004
-0.004
-0.07100000000000005
0.04900000000000004
0.07500000000000005
-0.008
0.22200000000000017
0.028000000000000018
0.0
0.0
0.0
0.0
0.0
0.0
0.0
0.0
-0.022000000000000013
-0.022000000000000013
-0.07000000000000005
0.11000000000000008
0.1230000000000001
-0.11300000000000009
0.009000000000000001
0.024000000000000014
0.18400000000000014
0.10600000000000008
0.007
-0.07200000000000005
-0.05300000000000004
0.09800000000000007
-0.1420000000000001
0.18000000000000013
0.09100000000000007
0.1290000000000001
0.18600000000000014
0.11400000000000009
0.09800000000000007
0.007
0.0
0.0
0.0
0.0
0.0
0.0
0.0
0.0
0.001
0.026000000000000016
0.07900000000000006
0.08300000000000006
-0.05000000000000004
-0.04900000000000004
0.06300000000000004
0.07800000000000006
0.11200000000000009
0.028000000000000018
0.08500000000000006
-0.003
0.25400000000000017
0.11100000000000008
0.18200000000000013
-0.001
0.08300000000000006
0.08500000000000006
0.08400000000000006
0.09600000000000007
0.0
0.0
0.0
0.0
0.0
0.0
