-1223.0189999779914
0.0
0.0
0.0
0.0
0.0
0.0
0.0
0.0
0.0
0.0
0.0
0.0
0.0
0.0
0.0
0.0
0.0
0.0
0.0
0.0
0.0
0.0
0.0
0.0
0.0
0.0
0.0
0.0
0.0
0.0
0.0
0.0
0.0
0.0
0.0
0.0
0.0
0.0
0.0
0.0
-0.002
-0.002
-0.002
0.0
0.0
0.0
0.0
0.0
-0.001
-0.001
-0.001
0.0
0.0
0.0
0.0
0.0
0.0
0.0
0.0
0.0
0.0
0.0
0.0
0.0
0.0
0.0
0.0
0.0
-0.002
-0.002
-0.002
-0.003
-0.025000000000000015
-13.102999999998177
-13.102999999998177
-13.109999999998173
-13.084999999998187
-0.008
-0.001
-0.001
0.0
0.0
0.0
0.0
0.0
0.0
0.0
0.0
0.0
0.0
0.0
0.0
0.0
-0.004
-0.001
-0.001
-0.001
-0.001
-0.004
-0.007
-19.93300000000138
-19.94300000000139
-33.024000000013736
-33.03000000001372
-13.13399999999816
-13.106999999998175
-15.447999999996878
-15.437999999996883
-15.434999999996885
0.0
0.0
0.0
0.0
0.0
0.0
0.0
0.0
0.0
0.0
0.0
0.0
-0.004
-0.001
-0.002
-0.002
-0.002
16.98899999999778
28.96100000001241
7.83100000000095
-5.859000000000291
-18.93700000000016
-2.860999999999796
12.17799999999869
-30.576000000014385
-62.9889999999439
-29.37800000001292
-29.356000000012894
-29.348000000012885
0.0
0.0
0.0
0.0
0.0
0.0
0.0
0.0
0.0
0.0
0.0
-0.001
-0.003
-0.005
-0.009000000000000001
-15.032999999997108
-15.032999999997108
-6.121000000000379
14.190999999997574
23.499000000005736
-30.58100000001439
-16.544999999997238
-7.790000000000936
-32.51500000001492
-7.379000000000799
-39.30899999999909
-16.171999999996782
3.0109999999997794
-21.206000000002934
-14.516999999997394
-14.512999999997396
-0.004
-0.001
0.0
0.0
0.0
0.0
0.0
0.0
-0.001
-2.9269999999997887
-0.017000000000000008
4.869999999999961
-15.765999999996701
3.104999999999769
17.530999999998443
24.50800000000697
30.635000000014458
20.22800000000174
54.50699999996367
29.144000000012635
41.77099999999335
20.76200000000239
43.86199999998848
-7.046000000000688
38.757000000000374
-14.1459999999976
5.600000000000205
-50.57599999997283
-26.69200000000964
-19.64800000000103
-21.888000000003768
-0.001
-0.001
0.0
0.0
0.0
0.0
-4.227999999999747
-4.239999999999751
-2.8459999999997976
-13.717999999997836
-16.952999999997736
-33.329000000013025
14.818999999997226
9.2740000000003
-29.70400000001332
8.290000000000845
23.402000000005618
93.91700000008439
62.990999999943895
86.35700000004829
15.322999999996947
-45.024999999985766
-12.729999999998384
9.531000000000157
9.574000000000133
6.007000000000341
21.632000000003455
-8.828000000000547
-21.89800000000378
-2.253999999999863
-0.001
0.0
0.0
0.0
0.0
-4.227999999999747
-8.072000000000966
-10.12099999999983
-39.84299999999784
7.1740000000007305
-23.802000000006107
7.236000000000751
-42.46899999999172
30.30900000001406
37.03300000000439
59.33799999995241
72.76899999998341
22.837000000004927
0.1300000000000001
59.25099999995261
14.43399999999744
5.444000000000153
27.637000000010794
-2.0749999999998825
-32.483000000015
0.6050000000000005
-24.668000000007165
-21.895000000003776
-2.253999999999863
0.0
0.0
0.0
0.0
-3.739999999999699
-0.001
8.540000000000706
-34.05300000001134
-44.699999999986524
4.913999999999976
-26.245000000009092
23.04300000000518
8.78600000000057
19.220000000000507
24.00900000000636
13.00699999999823
20.656000000002262
-15.854999999996652
3.169999999999762
-8.557000000000697
-2.1929999999998695
-22.649000000004698
-8.67600000000063
-19.298000000000602
-17.0039999999978
-10.917999999999388
-24.66300000000716
-21.892000000003772
-2.243999999999864
0.0
0.0
0.0
0.0
-8.566000000000692
-4.829999999999948
-27.172000000010225
-1.6159999999999328
8.65900000000064
22.12000000000405
9.2720000000003
50.689999999972564
-51.868999999969816
33.36400000001294
-0.6460000000000005
13.29599999999807
-2.870999999999795
15.455999999996873
16.779999999997525
3.0079999999997797
-0.9150000000000007
-0.7410000000000007
5.923000000000313
-42.66799999999126
17.023999999997823
0.01799999999999996
-36.05500000000667
-2.243999999999864
0.0
0.0
0.0
0.0
0.0
-4.826999999999947
-35.024000000009075
-27.29100000001037
37.00100000000447
24.905000000007455
-29.50700000001308
-4.494999999999836
0.19700000000000015
-6.45400000000049
15.752999999996709
3.4259999999997337
14.796999999997238
24.21300000000661
0.49100000000000044
18.68199999999985
22.19200000000414
-3.286999999999749
63.69399999994226
-10.185999999999794
41.352999999994324
0.7410000000000007
-9.746000000000038
-2.8719999999997947
5.434000000000149
-0.001
-0.001
0.0
0.0
0.0
-4.826999999999947
-15.023999999997113
-3.1659999999997623
59.63399999995172
14.319999999997503
25.927000000008704
-4.128999999999714
27.296000000010377
50.42199999997319
-22.567000000004597
-15.26399999999698
17.901999999998896
21.191000000002916
6.660000000000559
21.886000000003765
22.109000000004038
-2.4629999999998398
38.070000000001976
0.9290000000000007
32.73400000001441
-41.871999999993115
-4.429999999999814
-22.018000000003926
-10.366999999999694
-0.001
-0.001
0.0
0.0
0.0
0.0
4.975999999999996
20.423000000001977
30.953000000014846
35.693000000007515
62.11499999994594
50.054999999974044
-6.1920000000004025
23.253000000005436
53.68299999996559
-10.87899999999941
-9.66900000000008
23.547000000005795
3.1569999999997633
23.725000000006013
16.648999999997365
3.3099999999997465
43.83599999998854
-11.471999999999081
23.168000000005332
15.692999999996742
-27.91200000001113
-22.018000000003926
-0.003
0.001
0.0
0.0
0.0
0.0
0.0
29.044000000012513
-20.85900000000251
-26.42200000000931
-16.60399999999731
28.4610000000118
-28.970000000012423
-6.7250000000005805
20.45800000000202
12.022999999998776
-49.46399999997542
31.245000000015203
50.25399999997358
28.139000000011407
66.56599999995379
45.29499999998514
1.4709999999999488
7.1950000000007375
3.18699999999976
0.5960000000000004
33.745000000012055
-11.649999999998983
-5.5990000000002045
0.0
0.001
0.0
0.0
0.0
0.0
0.0
7.7670000000009285
34.844000000009494
-21.9960000000039
-21.62100000000344
-23.628000000005894
5.780000000000265
-8.873000000000522
-1.197999999999979
2.7809999999998047
13.788999999997797
23.120000000005273
17.67699999999862
25.578000000008277
64.98599999994624
74.11399999998983
-15.10199999999707
-24.645000000007137
-1.1069999999999889
-39.28599999999914
7.666000000000895
-26.61800000000955
-39.98599999999751
0.001
0.003
0.0
0.0
0.0
0.0
0.0
6.163000000000393
35.89400000000705
-3.0899999999997707
-4.292999999999768
28.36300000001168
24.219000000006616
7.617000000000878
11.51099999999906
13.31399999999806
-33.61300000001236
-19.194000000000475
3.3649999999997404
20.714000000002333
46.985999999981196
-41.52999999999391
17.873999999998862
-5.6320000000002155
-18.153999999999204
-2.198999999999869
-41.828999999993215
-53.332999999966404
-39.98499999999751
-0.010000000000000002
-0.001
0.0
0.0
0.0
0.0
0.0
7.449000000000822
3.850999999999687
21.62000000000344
6.6530000000005565
-28.25700000001155
18.187999999999246
-11.404999999999118
21.868000000003743
20.422000000001976
-25.356000000008006
21.486000000003276
14.297999999997515
8.596000000000675
-9.211000000000334
23.539000000005785
-31.63500000001568
-9.859999999999975
8.1910000000009
28.856000000012283
-34.29200000001078
-51.47999999997072
-28.661000000012045
-0.001
-0.6290000000000004
0.0
0.0
0.0
0.0
-8.834000000000543
-9.881999999999962
-14.874999999997195
21.52300000000332
21.682000000003516
2.523999999999833
23.931000000006264
-16.630999999997343
-3.596999999999715
-34.83200000000952
-24.857000000007396
31.580000000015612
44.136999999987836
5.2860000000001
35.17300000000873
20.96500000000264
-3.4919999999997264
20.781000000002415
7.546000000000855
-0.19800000000000015
2.6089999999998237
-6.6770000000005645
-23.671000000005947
-0.005
-0.6290000000000004
0.0
0.0
0.0
0.0
-8.834000000000543
-6.143000000000386
-14.906999999997177
12.86299999999831
1.922999999999899
15.278999999996971
32.145000000015784
-46.87599999998145
20.706000000002323
26.88200000000987
-41.88699999999308
-0.7530000000000007
-28.743000000012145
-14.112999999997617
-14.425999999997444
18.51899999999965
-41.20999999999466
20.862000000002514
-5.811000000000275
-6.899000000000639
7.527000000000848
-6.649000000000555
-5.401000000000138
-0.004
0.0
0.0
0.0
0.0
0.0
0.0
2.5289999999998325
-11.16699999999925
-40.957999999995245
-1.6849999999999252
-14.12499999999761
-36.79400000000495
-19.587000000000955
-19.24700000000054
-20.04000000000151
-22.697000000004756
-28.048000000011296
22.86400000000496
-16.69399999999742
-30.765000000014616
14.420999999997447
0.8560000000000008
-24.929000000007484
-13.996999999997682
-25.971000000008758
-28.38800000001171
-16.818999999997573
10.57199999999958
-0.001
0.0
0.0
0.0
0.0
0.0
0.0
-0.001
2.4929999999998365
-16.17899999999679
-0.5810000000000004
11.999999999998789
3.106999999999769
-15.187999999997022
-16.573999999997273
-4.479999999999831
-20.274000000001795
-13.228999999998107
-25.242000000007867
26.88200000000987
-12.131999999998715
-40.06399999999733
14.958999999997149
-6.329000000000448
-19.139000000000408
14.501999999997402
-3.1999999999997586
4.910999999999975
12.314999999998614
-0.001
0.0
0.0
0.0
0.0
0.0
0.0
0.0
-0.003
6.412000000000476
1.1469999999999845
2.961999999999785
0.4080000000000003
4.998000000000004
-34.29800000001077
-27.867000000011075
26.22800000000907
-35.13300000000882
-6.7430000000005865
-3.904999999999681
-37.91800000000233
-26.80700000000978
4.678999999999897
13.45899999999798
-3.7899999999996936
5.414000000000143
-17.23399999999808
-9.125000000000382
-7.6830000000009
-0.001
0.0
0.0
0.0
0.0
0.0
0.0
0.0
19.226000000000514
11.12999999999927
-26.076000000008886
-4.665999999999893
22.745000000004815
-11.595999999999012
-23.37900000000559
9.02100000000044
6.841000000000619
-8.637000000000652
1.5339999999999419
31.895000000015997
-0.23500000000000018
-6.732000000000583
34.41600000001049
3.5709999999997177
-21.48100000000327
33.0390000000137
-5.648000000000221
4.443999999999819
20.00100000000146
0.0
0.0
0.0
0.0
0.0
0.0
0.0
0.0
19.233000000000523
19.97400000000143
-12.264999999998642
1.1399999999999852
0.6110000000000005
1.144999999999985
-11.736999999998934
-37.32500000000371
-35.861000000007124
-19.77000000000118
-17.673999999998617
-20.89900000000256
-38.345000000001335
1.9989999999998909
-4.20899999999974
-17.156999999997986
-0.2660000000000002
13.7849999999978
45.89799999998373
16.929999999997708
0.001
0.0
0.0
0.0
0.0
0.0
0.0
0.0
0.0
0.002
-3.3079999999997467
19.957000000001408
12.91899999999828
1.4369999999999525
6.161000000000392
25.051000000007633
11.291999999999181
-6.043000000000353
-9.960999999999919
-25.117000000007714
-4.652999999999889
3.0569999999997743
4.213999999999742
39.29399999999912
26.945000000009948
24.90200000000745
56.74699999995845
26.932000000009932
17.645999999998583
11.824999999998886
0.0
0.0
0.0
0.0
0.0
0.0
0.0
0.003
0.009000000000000001
0.012000000000000004
22.90600000000501
41.485999999994014
19.97400000000143
24.67300000000717
19.49400000000084
34.530000000010226
31.002000000014906
28.83600000001226
32.363000000015276
41.06799999999499
46.020999999983445
12.24899999999865
48.13099999997853
23.037000000005172
14.786999999997244
14.785999999997244
14.785999999997244
11.479999999999077
0.0
0.0
0.0
0.0
0.0
0.0
