-495.43299999519644
0.0
0.0
0.0
0.0
0.0
0.0
0.0
0.0
0.0
0.0
0.0
0.0
0.0
0.0
0.0
0.0
0.0
0.0
0.0
0.0
0.0
0.0
0.0
0.0
0.0
0.0
0.0
0.0
0.0
0.0
0.0
0.0
0.0
0.0
0.0
0.0
0.0
0.0
0.0
0.0
0.0
0.0
0.0
0.0
-0.002
-0.002
-0.001
-0.001
0.0
0.0
0.0
0.0
0.0
0.0
0.0
0.0
0.0
0.0
0.0
0.0
0.0
0.0
0.0
0.0
0.0
0.0
0.0
0.0
0.0
0.0
0.0
0.0
0.0
-4.132999999999715
-4.133999999999715
-4.133999999999715
-4.132999999999715
-0.002
-0.001
-0.001
0.0
0.0
0.0
0.0
0.0
0.0
0.0
0.0
0.0
0.0
0.0
0.0
0.0
0.0
0.0
0.0
0.0
0.0
-0.5910000000000004
-0.5980000000000004
-8.582000000000683
-8.58600000000068
-12.127999999998718
-12.127999999998718
-4.137999999999717
-4.136999999999716
-5.500000000000171
-5.500000000000171
-5.499000000000171
0.0
0.0
0.0
0.0
0.0
0.0
0.0
0.0
0.0
0.0
0.0
0.0
0.0
0.0
0.0
0.0
-0.015000000000000006
9.443000000000206
6.6650000000005605
3.157999999999763
-0.16800000000000012
-4.5149999999998425
-1.2819999999999696
-1.9609999999998948
-14.5059999999974
-28.639000000012018
-11.394999999999124
-11.386999999999128
-11.123999999999274
-0.001
0.0
0.0
0.0
0.0
0.0
0.0
0.0
0.0
0.0
0.0
0.0
0.0
-0.003
-0.006
-6.1920000000004025
-6.1840000000004
0.43200000000000033
3.4019999999997363
12.370999999998583
-8.49800000000073
-12.19599999999868
-5.971000000000329
-8.908000000000502
1.9199999999998993
-23.205000000005377
-5.776000000000264
2.0209999999998884
-9.702000000000062
-4.801999999999938
-4.797999999999937
-0.005
0.0
0.0
0.0
0.0
0.0
0.0
0.0
-0.003
-2.180999999999871
-2.00599999999989
-0.35400000000000026
-6.018000000000344
-3.0549999999997746
13.616999999997892
3.3889999999997378
13.245999999998098
5.870000000000295
15.232999999996997
17.172999999998005
16.44999999999712
14.569999999997364
16.19599999999681
-6.542000000000519
10.523999999999607
-8.528000000000713
3.0449999999997757
-19.19800000000048
-11.245999999999206
-9.208000000000336
-10.015999999999888
-0.001
-0.001
0.0
0.0
0.0
0.0
-1.2279999999999756
-3.2179999999997566
2.1659999999998725
-6.54400000000052
-14.923999999997168
-22.63600000000468
4.126999999999713
8.909000000000502
-16.002999999996575
5.511000000000175
15.96599999999659
28.995000000012453
16.822999999997577
35.18100000000871
12.580999999998467
-16.003999999996577
-8.33600000000082
9.744000000000039
2.9279999999997885
-1.4529999999999508
10.310999999999725
-2.579999999999827
-10.022999999999884
-0.8190000000000006
-0.001
0.0
0.0
0.0
0.0
-1.241999999999974
-6.6920000000005695
-2.9829999999997825
-11.409999999999116
1.958999999999895
-11.227999999999216
2.8219999999998002
-16.63699999999735
9.654000000000089
19.398000000000724
30.575000000014384
25.683000000008406
15.547999999996822
-0.7210000000000005
23.328000000005527
9.648000000000092
4.5089999999998405
13.90899999999773
6.089000000000368
-9.34600000000026
1.1939999999999793
-5.43600000000015
-8.867000000000525
-0.8200000000000006
0.0
0.0
0.0
0.0
0.0
-0.001
0.06100000000000004
-5.761000000000259
-15.632999999996775
1.6629999999999276
-8.412000000000777
12.812999999998338
-5.46600000000016
9.844999999999983
10.621999999999552
11.036999999999322
6.1170000000003775
-14.799999999997237
0.4060000000000003
-0.6190000000000004
-4.094999999999702
-6.806000000000608
-14.03599999999766
-9.206000000000337
-8.402000000000783
-2.5129999999998343
-5.433000000000149
-8.863000000000527
-0.8140000000000006
0.0
0.0
0.0
0.0
-4.578999999999864
-4.581999999999865
-11.100999999999287
1.496999999999946
9.36200000000025
11.501999999999065
5.448000000000154
23.212000000005386
-27.669000000010833
13.915999999997727
-1.9629999999998946
8.192000000000899
0.9680000000000007
1.7159999999999218
15.559999999996815
-2.0219999999998883
-1.3889999999999578
2.222999999999866
1.0040000000000002
-12.415999999998558
7.544000000000854
2.6209999999998224
-13.92799999999772
-0.8130000000000006
0.0
0.0
0.0
0.0
0.0
-4.578999999999864
-7.295000000000771
-9.790000000000013
11.020999999999331
8.026000000000991
-13.951999999997707
8.500000000000728
-7.7850000000009345
4.458999999999824
8.942000000000483
-9.631000000000101
5.893000000000303
7.229000000000749
5.521000000000178
5.0210000000000115
12.386999999998574
-7.6980000000009055
23.367000000005575
-0.3230000000000003
10.594999999999567
-0.11000000000000008
0.47400000000000037
-1.5799999999999368
4.124999999999712
0.0
0.0
0.0
0.0
0.0
-4.578999999999864
-7.2940000000007705
-6.676000000000564
18.709999999999884
1.7039999999999231
8.890000000000512
-3.1299999999997663
3.1269999999997666
24.10800000000648
-8.945000000000482
-1.222999999999976
6.929000000000649
14.591999999997352
1.9799999999998927
13.413999999998005
13.364999999998032
2.567999999999828
15.682999999996747
1.214999999999977
15.706999999996734
-12.35799999999859
-0.35300000000000026
-9.56200000000014
-4.466999999999826
0.0
0.0
0.0
0.0
0.0
0.0
2.704999999999813
7.423000000000814
14.294999999997517
11.155999999999256
17.546999999998462
23.327000000005526
1.8129999999999111
4.491999999999835
18.195999999999255
-6.550000000000522
-4.930999999999981
5.095000000000036
-0.7500000000000006
2.8759999999997943
7.7340000000009175
-1.623999999999932
17.35599999999823
-2.851999999999797
5.140000000000051
8.910000000000501
-10.151999999999813
-9.564000000000139
0.0
0.0
0.0
0.0
0.0
0.0
0.0
7.286000000000768
-7.71100000000091
-5.834000000000283
-0.3960000000000003
9.805000000000005
-12.387999999998573
2.867999999999795
8.47800000000074
2.8179999999998007
-11.786999999998907
15.67899999999675
17.616999999998548
3.2529999999997528
20.97500000000265
20.739000000002363
4.946999999999987
6.530000000000515
-3.9069999999996807
-0.2630000000000002
9.899999999999952
-5.6860000000002335
-0.21300000000000016
-0.8560000000000006
-0.001
0.0
0.0
0.0
0.0
0.0
-2.7129999999998122
8.599000000000673
-1.2079999999999778
-2.7939999999998033
-10.73499999999949
2.4189999999998446
-4.343999999999785
-1.6939999999999242
4.195999999999736
5.0870000000000335
8.959000000000474
11.407999999999117
10.604999999999562
23.162000000005325
34.01900000001142
-0.5890000000000004
-13.69299999999785
4.907999999999974
-22.866000000004963
4.582999999999865
-6.054000000000356
-6.080000000000365
-0.8560000000000006
-0.001
0.0
0.0
0.0
0.0
-0.001
4.426999999999813
8.152000000000921
-0.06800000000000005
-4.221999999999745
14.561999999997369
-0.10900000000000008
9.29000000000029
5.968000000000328
0.7530000000000006
-10.8979999999994
-2.976999999999783
0.6000000000000004
12.53999999999849
8.980000000000462
-12.491999999998516
-0.8220000000000006
-12.490999999998516
-2.4459999999998416
0.07200000000000005
-18.573999999999717
-12.134999999998714
-6.080000000000365
-5.221000000000078
-0.002
0.0
0.0
0.0
0.0
-0.001
4.427999999999813
3.2829999999997495
9.461000000000196
-5.969000000000328
-14.238999999997548
9.288000000000292
-7.77200000000093
9.10900000000039
12.643999999998432
-15.596999999996795
8.693000000000621
7.35200000000079
5.961000000000325
-2.903999999999791
4.649999999999888
-11.72599999999894
2.1839999999998705
3.3529999999997417
4.061999999999691
-19.676000000001064
-21.44900000000323
-6.270000000000429
-0.002
-5.128000000000047
0.0
0.0
0.0
0.0
-0.001
-3.4799999999997278
-5.994000000000336
13.680999999997857
5.6890000000002345
3.82099999999969
14.226999999997554
-2.814999999999801
-2.2549999999998627
-19.8700000000013
-13.309999999998062
12.075999999998746
21.763000000003615
-6.045000000000353
11.434999999999102
11.124999999999273
3.9189999999996794
7.7490000000009225
4.682999999999899
0.9690000000000007
2.91599999999979
3.940999999999677
2.4749999999998384
-0.32900000000000024
-5.128000000000047
0.0
0.0
0.0
0.0
-0.001
-3.4799999999997278
-5.993000000000336
12.689999999998406
7.378000000000799
10.44599999999965
9.39900000000023
-24.749000000007264
8.9120000000005
15.603999999996791
-15.156999999997039
5.37700000000013
-4.930999999999981
-10.352999999999701
-4.0419999999996845
10.757999999999477
-14.39599999999746
0.2630000000000002
2.894999999999792
-3.396999999999737
3.0559999999997745
2.996999999999781
4.5659999999998595
-0.32800000000000024
0.0
0.0
0.0
0.0
0.0
-0.001
0.0
-5.993000000000336
-23.144000000005303
-10.64299999999954
-11.606999999999006
-16.95499999999774
6.836000000000618
0.7320000000000005
-8.897000000000508
-7.2250000000007475
-7.166000000000728
6.7760000000005975
1.0229999999999981
-11.771999999998915
3.7799999999996947
7.927000000000982
-14.353999999997484
1.313999999999966
-11.027999999999327
-12.283999999998631
-1.1349999999999858
2.64399999999982
0.0
0.0
0.0
0.0
0.0
0.0
-0.001
-0.002
-0.003
-3.8349999999996887
-5.5780000000001975
-3.54999999999972
-3.1849999999997602
-10.585999999999572
-11.99799999999879
-4.674999999999896
-10.984999999999351
-7.714000000000911
-14.308999999997509
12.076999999998746
-8.71500000000061
-18.292999999999374
4.814999999999943
-4.183999999999732
-9.329000000000269
-1.3159999999999659
-2.8009999999998025
7.106000000000708
10.883999999999407
0.0
0.0
0.0
0.0
0.0
0.0
0.0
0.0
-0.004
9.158000000000364
6.289000000000435
1.8819999999999035
-2.3489999999998523
2.9559999999997855
-9.11100000000039
-13.816999999997782
7.8060000000009415
-8.85900000000053
3.3179999999997456
0.9710000000000008
-15.271999999996975
-15.096999999997072
9.588000000000125
-0.2850000000000002
0.9950000000000008
-9.528000000000159
-11.138999999999266
-1.2309999999999752
0.8990000000000007
0.0
0.0
0.0
0.0
0.0
0.0
0.0
-0.001
9.969999999999914
7.967000000000995
0.2800000000000002
-5.546000000000187
4.064999999999692
-11.091999999999292
-3.9349999999996776
0.7430000000000005
4.914999999999976
-2.2729999999998607
-3.4929999999997263
18.161999999999214
-4.998000000000004
2.18799999999987
14.165999999997588
1.8489999999999072
-6.860000000000626
7.271000000000763
-4.863999999999959
5.70500000000024
9.999999999999897
0.0
0.0
0.0
0.0
0.0
0.0
0.0
-0.003
9.969999999999914
9.765000000000027
-6.582000000000533
5.7190000000002446
-4.0329999999996815
1.4479999999999513
-3.4379999999997324
-11.624999999998996
-23.195000000005365
-7.435000000000818
-10.883999999999407
-1.1209999999999873
-19.520000000000874
7.339000000000786
-0.2720000000000002
-2.0589999999998843
-3.3349999999997437
6.409000000000475
16.752999999997492
8.271000000000855
0.0
0.0
0.0
0.0
0.0
0.0
0.0
0.0
-0.002
-0.005
-0.9680000000000007
5.507000000000174
2.4019999999998465
-1.4299999999999533
0.5730000000000004
7.431000000000816
1.976999999999893
0.6670000000000005
-5.7130000000002426
-11.270999999999193
3.3709999999997398
-0.3130000000000002
-2.878999999999794
24.118000000006493
12.112999999998726
9.441000000000207
26.2510000000091
13.287999999998075
9.415000000000221
0.0
0.0
0.0
0.0
0.0
0.0
0.0
0.0
0.001
0.024000000000000014
-1.9439999999998967
13.069999999998196
20.151000000001645
9.801000000000007
13.087999999998186
7.655000000000891
13.666999999997865
8.195000000000897
10.423999999999662
9.0910000000004
15.309999999996954
15.383999999996913
2.6659999999998174
20.675000000002285
7.013000000000677
8.483000000000738
8.48000000000074
8.47800000000074
6.258000000000425
0.0
0.0
0.0
0.0
0.0
0.0
