-287.5670000001118
0.0
0.0
0.0
0.0
0.0
0.0
0.0
0.0
0.0
0.0
0.0
0.0
0.0
0.0
0.0
0.0
0.0
0.0
0.0
0.0
0.0
0.0
0.0
0.0
0.0
0.0
0.0
0.0
0.0
0.0
0.0
0.0
0.0
0.0
0.0
0.0
0.0
0.0
0.0
0.0
0.0
0.0
0.0
0.0
0.0
0.0
0.0
0.0
0.0
0.0
0.0
0.0
0.0
0.0
0.0
0.0
0.0
0.0
0.0
0.0
0.0
0.0
0.0
0.0
0.0
0.0
0.0
0.0
0.0
0.0
0.0
-0.002
-0.002
-1.7559999999999174
-2.625999999999822
-2.7649999999998065
-1.2949999999999682
-0.1450000000000001
-0.1400000000000001
0.0
0.0
0.0
0.0
0.0
0.0
0.0
0.0
0.0
0.0
0.0
0.0
0.0
0.0
0.0
0.0
0.0
-0.001
-0.001
-1.586999999999936
-1.5889999999999358
-1.5919999999999355
-3.0659999999997734
-3.7289999999997003
-5.952000000000322
-4.995000000000003
-3.523999999999723
-1.7699999999999159
-0.9000000000000007
-0.7550000000000006
0.0
0.0
0.0
0.0
0.0
0.0
0.0
0.0
0.0
0.0
0.0
-0.001
-0.001
0.0
0.0
-0.001
-0.002
-0.003
-2.451999999999841
2.6269999999998217
1.5299999999999423
-0.18400000000000014
0.09600000000000007
2.994999999999781
-0.6020000000000004
-8.903000000000505
-5.524000000000179
-5.37600000000013
-4.80599999999994
-0.001
-0.001
-0.001
-0.001
0.0
0.0
0.0
0.0
0.0
0.0
0.0
-0.001
-0.003
-0.006
-0.004
-3.042999999999776
-11.668999999998972
-8.870000000000523
7.946000000000988
4.525999999999846
-12.138999999998711
-5.570000000000195
6.936000000000651
-6.989000000000669
-6.053000000000356
-1.477999999999948
-10.974999999999357
-9.770000000000024
-9.640000000000096
-0.008
-0.007
-0.004
-0.001
0.0
0.0
0.0
0.0
0.0
-0.001
-0.001
-2.1469999999998746
-0.006
-2.9199999999997894
-3.9799999999996727
-0.9070000000000007
3.3459999999997425
9.606000000000115
9.79500000000001
-8.761000000000584
17.449999999998344
16.11299999999671
11.927999999998828
3.5369999999997215
4.878999999999964
-2.631999999999821
6.60500000000054
-0.24200000000000016
0.9180000000000007
-10.901999999999397
-5.381000000000132
-7.015000000000677
-6.918000000000645
-0.001
0.0
0.0
0.0
0.0
0.0
-0.006
-0.008
-3.203999999999758
-6.24400000000042
-3.6809999999997056
-11.770999999998915
-3.2279999999997555
1.1089999999999887
-4.072999999999695
12.004999999998786
6.528000000000515
21.255000000002994
14.795999999997239
15.505999999996845
8.555000000000698
-7.666000000000895
-7.185000000000734
7.055000000000691
1.3179999999999656
-0.16600000000000012
-2.968999999999784
-8.157000000000918
-6.919000000000645
-0.25300000000000017
0.0
0.0
0.0
0.0
0.0
-0.2590000000000002
2.7849999999998043
-1.4029999999999563
-15.475999999996862
1.894999999999902
-1.0899999999999908
10.158999999999809
-8.545000000000703
-3.4359999999997326
7.02300000000068
8.539000000000707
8.941000000000484
3.859999999999686
1.5579999999999392
26.27700000000913
-1.0439999999999958
4.283999999999765
4.731999999999915
-0.08600000000000006
-9.12800000000038
-2.6269999999998217
-7.224000000000747
-5.236000000000083
-0.25300000000000017
0.0
0.0
0.0
0.0
-0.001
-0.004
4.53699999999985
-10.297999999999732
-10.997999999999344
-7.075000000000697
-7.032000000000683
3.232999999999755
-2.2199999999998665
10.142999999999818
10.764999999999473
0.5730000000000004
11.531999999999048
-7.811000000000943
-1.5649999999999384
-5.879000000000298
-7.129000000000715
-1.786999999999914
-16.908999999997683
0.45300000000000035
-9.224000000000327
-5.028000000000014
-7.224000000000747
-5.235000000000083
-0.25200000000000017
0.0
0.0
0.0
-0.001
-1.286999999999969
-1.2899999999999687
-7.1800000000007325
-5.5750000000001965
-8.776000000000575
-0.6630000000000005
16.436999999997106
15.693999999996741
-12.353999999998592
1.0319999999999971
8.322000000000827
0.6000000000000004
-1.296999999999968
-3.8249999999996898
4.730999999999915
-0.33700000000000024
1.223999999999976
12.585999999998464
2.0369999999998867
-8.466000000000747
0.027000000000000017
0.8730000000000007
-8.210000000000889
-0.25200000000000017
0.0
0.0
0.0
0.0
-0.001
-1.2889999999999688
-11.186999999999239
-9.710000000000058
14.330999999997497
17.0859999999979
-14.026999999997665
0.47600000000000037
-4.803999999999939
-3.8369999999996884
8.044000000000981
-5.408000000000141
4.673999999999896
4.752999999999922
4.289999999999767
5.401000000000138
9.430000000000213
-9.118000000000386
9.97799999999991
2.4739999999998386
12.44699999999854
3.032999999999777
5.888000000000301
-0.2600000000000002
-0.006
-0.006
-0.006
0.0
0.0
-0.001
-1.2889999999999688
-3.3999999999997366
4.010999999999674
19.57300000000094
0.49800000000000033
14.068999999997642
2.467999999999839
6.973000000000663
21.878000000003755
-9.603000000000117
0.12300000000000008
-5.372000000000129
14.509999999997397
6.172000000000396
4.310999999999774
7.335000000000784
-0.4290000000000003
9.655000000000088
4.641999999999885
9.468000000000192
-13.051999999998205
1.6269999999999316
-2.0909999999998807
-0.005
-0.006
-0.006
0.0
0.0
-0.001
-0.003
-3.3939999999997372
9.43600000000021
6.36500000000046
3.693999999999704
12.438999999998545
6.122000000000379
-5.164000000000059
2.8829999999997935
10.756999999999477
3.0189999999997785
-1.3159999999999659
-5.128000000000047
-2.9549999999997856
-0.3070000000000002
1.8919999999999024
1.0759999999999923
14.185999999997577
-3.4659999999997293
4.17899999999973
0.43200000000000033
-5.865000000000293
-2.09599999999988
-0.006
0.001
0.0
0.0
0.0
0.0
0.0
3.624999999999712
0.45800000000000035
-1.377999999999959
7.214000000000744
6.1320000000003825
-5.055000000000023
3.468999999999729
16.127999999996728
-3.5529999999997197
-9.873999999999967
13.003999999998232
10.675999999999522
-0.4910000000000003
12.416999999998557
5.773000000000263
-4.723999999999912
-4.240999999999751
0.9340000000000007
-1.0139999999999991
10.767999999999471
0.7950000000000006
-2.0949999999998803
0.0
0.001
0.0
0.0
0.0
0.0
0.0
2.3209999999998554
4.988
-1.8709999999999047
3.0439999999997758
-16.50599999999719
5.969000000000328
-2.8189999999998006
-0.6090000000000004
4.0149999999996755
3.315999999999746
8.291000000000844
7.259000000000759
10.032999999999879
21.543000000003346
12.247999999998651
0.9530000000000007
-8.194000000000898
-7.349000000000789
-8.005000000001003
1.8389999999999083
-2.7819999999998046
-8.549000000000701
0.001
-0.001
0.0
0.0
0.0
0.0
0.0
0.17400000000000013
8.02800000000099
1.423999999999954
-2.1479999999998745
7.1710000000007295
2.9559999999997855
1.4679999999999491
3.630999999999711
1.7039999999999231
-7.972000000000997
-0.8560000000000006
-5.762000000000259
10.889999999999404
6.440000000000485
-3.9819999999996725
0.7010000000000005
2.206999999999868
-3.4569999999997303
-1.9479999999998963
-6.879000000000632
-7.025000000000681
-8.5500000000007
-0.01900000000000001
0.0
0.0
0.0
0.0
0.0
0.0
1.4819999999999476
3.3209999999997453
3.0379999999997764
-0.8840000000000007
-5.630000000000215
3.475999999999728
-5.912000000000309
10.028999999999881
1.540999999999941
-3.6199999999997123
6.439000000000485
4.44799999999982
-6.51400000000051
-2.3649999999998506
1.9469999999998964
-6.113000000000376
-4.422999999999812
8.286000000000847
2.5089999999998347
-0.6070000000000004
-4.648999999999887
-6.63400000000055
-0.001
-0.001
0.0
0.0
0.0
0.0
0.0
-0.002
-0.6190000000000004
3.6089999999997135
9.269000000000302
0.08500000000000006
1.3859999999999582
-8.250000000000867
-2.73399999999981
-12.596999999998458
-5.170000000000061
5.0360000000000165
11.117999999999277
0.8430000000000006
8.199000000000895
3.258999999999752
-3.5389999999997213
8.27900000000085
-0.30300000000000027
-4.125999999999713
4.317999999999777
-6.113000000000376
-1.077999999999992
-0.001
-0.001
0.0
0.0
0.0
0.0
0.0
-0.002
-2.7649999999998065
3.869999999999685
1.0759999999999923
-0.22300000000000017
9.767000000000026
-9.12700000000038
15.133999999997052
6.69300000000057
-8.943000000000483
-3.0449999999997757
-5.559000000000191
-3.540999999999721
-8.15400000000092
13.810999999997785
-10.330999999999714
3.811999999999691
-6.936000000000651
-5.642000000000219
0.33300000000000024
-3.9629999999996746
-1.1369999999999856
0.0
0.0
0.0
0.0
0.0
0.0
0.0
-0.002
-2.150999999999874
-7.938000000000986
1.8639999999999055
-6.911000000000643
-6.326000000000447
1.1849999999999803
-13.520999999997946
-1.9899999999998916
-9.05600000000042
0.2990000000000002
3.6619999999997077
-8.157000000000918
-9.512000000000167
-3.1269999999997666
1.7989999999999127
-6.053000000000356
-2.7909999999998036
-7.765000000000928
-9.373000000000244
-2.1359999999998758
5.469000000000161
0.0
0.0
0.0
0.0
0.0
0.0
0.0
-0.001
-2.1489999999998743
-6.567000000000528
7.259000000000759
-0.6370000000000005
-1.2309999999999752
7.05200000000069
-3.8979999999996817
0.6920000000000005
-8.000000000001005
2.9299999999997883
-2.068999999999883
12.149999999998705
-4.270999999999761
-14.604999999997345
5.201000000000072
4.984999999999999
-8.846000000000537
-2.685999999999815
-4.294999999999769
2.570999999999828
5.531000000000182
0.0
0.0
0.0
0.0
0.0
0.0
0.0
0.0
0.0
-2.833999999999799
-1.2259999999999758
7.037000000000685
1.7709999999999158
-4.037999999999683
-3.9199999999996793
-10.169999999999803
6.924000000000647
-5.963000000000326
3.27899999999975
-2.6129999999998232
-7.7730000000009305
-6.7670000000005945
-3.950999999999676
3.5179999999997236
-4.693999999999902
0.02100000000000001
-0.8310000000000006
4.964999999999993
5.532000000000182
0.0
0.0
0.0
0.0
0.0
0.0
0.0
0.0
-0.003
-1.496999999999946
-4.190999999999734
-3.8619999999996857
3.623999999999712
1.3109999999999664
-0.7940000000000006
-0.009000000000000008
-1.4489999999999512
-0.3780000000000003
-6.733000000000583
14.00099999999768
4.462999999999825
4.744999999999919
1.9079999999999007
-0.34300000000000025
-4.50699999999984
8.849000000000535
4.539999999999851
8.061000000000972
8.567000000000691
0.0
0.0
0.0
0.0
0.0
0.0
0.0
-0.003
-0.004
2.052999999999885
-11.935999999998824
1.8209999999999102
-3.558999999999719
5.907000000000307
1.64099999999993
-4.834999999999949
-10.937999999999377
-4.427999999999813
-0.47500000000000037
-6.486000000000501
-1.8799999999999037
-1.903999999999901
0.6040000000000004
-1.8669999999999052
5.843000000000286
-0.8910000000000007
13.767999999997809
2.531999999999832
0.001
0.0
0.0
0.0
0.0
0.0
0.0
0.0
-0.003
-1.814999999999911
-1.9019999999999013
8.909000000000502
4.65699999999989
0.7760000000000006
-1.6729999999999265
4.197999999999737
4.23899999999975
0.8230000000000006
1.0189999999999986
-5.70500000000024
1.0899999999999908
4.62699999999988
3.686999999999705
16.953999999997738
5.841000000000285
7.905000000000975
14.345999999997488
6.966000000000661
4.007999999999673
1.82299999999991
0.0
0.0
0.0
0.0
0.0
0.0
0.0
0.001
0.001
-0.003
8.246000000000869
10.57099999999958
3.8199999999996903
5.478000000000164
5.822000000000279
2.724999999999811
2.5759999999998273
9.192000000000345
9.86899999999997
11.735999999998935
4.0599999999996905
-1.3559999999999615
12.079999999998744
9.937999999999931
4.503999999999839
4.431999999999815
4.429999999999814
3.869999999999685
0.0
0.0
0.0
0.0
0.0
0.0
