-429.4519999967567
0.0
0.0
0.0
0.0
0.0
0.0
0.0
0.0
0.0
0.0
0.0
0.0
0.0
0.0
0.0
0.0
0.0
0.0
0.0
0.0
0.0
0.0
0.0
0.0
0.0
0.0
0.0
0.0
0.0
0.0
0.0
0.0
0.0
0.0
0.0
0.0
0.0
0.0
0.0
0.0
-0.2470000000000002
-0.2470000000000002
-0.2470000000000002
0.0
0.0
0.0
0.0
0.0
0.0
0.0
0.0
0.0
0.0
0.0
0.0
0.0
0.0
0.0
0.0
0.0
0.0
0.0
0.0
0.0
0.0
0.0
0.0
0.0
-0.2480000000000002
-0.2480000000000002
-0.2470000000000002
-0.2470000000000002
-0.001
-5.329000000000114
-5.330000000000115
-5.330000000000115
-5.328000000000114
-0.001
0.0
0.0
0.0
0.0
0.0
0.0
0.0
0.0
0.0
0.0
0.0
0.0
0.0
0.0
0.0
-0.005
0.0
0.0
-0.001
-0.017000000000000008
-0.2650000000000002
-0.7650000000000006
-8.447000000000758
-8.187000000000902
-13.510999999997951
-13.51199999999795
-5.336000000000117
-5.335000000000116
-5.10600000000004
-5.100000000000038
-5.100000000000038
0.0
0.0
0.0
0.0
0.0
0.0
0.0
0.0
0.0
0.0
0.0
0.0
-0.005
-0.002
-0.002
-0.003
-1.1099999999999886
8.465000000000748
2.7099999999998126
-3.432999999999733
-3.91199999999968
-9.240000000000318
-2.3129999999998563
-5.628000000000214
-13.073999999998193
-22.754000000004826
-6.464000000000493
-6.024000000000346
-5.1020000000000385
-0.01900000000000001
-0.001
0.0
0.0
0.0
0.0
0.0
0.0
0.0
0.0
0.0
0.0
-0.001
-0.017000000000000008
-0.01900000000000001
-3.5799999999997167
4.939999999999984
1.3809999999999587
8.308000000000835
10.243999999999762
-8.741000000000595
-9.262000000000306
-6.868000000000628
-6.786000000000601
3.404999999999736
-14.965999999997145
-3.049999999999775
5.22700000000008
-8.020000000000994
-4.497999999999837
-4.4789999999998305
-0.005
-0.001
0.0
0.0
0.0
0.0
0.0
0.0
-0.001
-0.03000000000000002
-0.9760000000000008
3.341999999999743
-1.2589999999999721
-3.476999999999728
14.61399999999734
9.143000000000372
10.254999999999756
5.038000000000017
22.41500000000441
3.9019999999996813
15.836999999996662
13.47699999999797
12.152999999998704
0.5900000000000004
11.820999999998888
-2.922999999999789
1.8649999999999054
-16.19599999999681
-10.735999999999489
-7.577000000000865
-7.816000000000945
0.0
0.0
0.0
0.0
0.0
0.0
-3.4719999999997286
-3.4999999999997256
-0.6330000000000005
-12.976999999998247
-7.912000000000977
-11.623999999998997
6.6860000000005675
1.9399999999998971
-11.052999999999313
11.174999999999246
11.994999999998791
28.61500000001199
21.732000000003577
27.02100000001004
-0.45600000000000035
-18.60099999999975
-5.100000000000038
3.6919999999997044
1.8089999999999116
0.024000000000000007
5.142000000000052
-6.0930000000003695
-7.8240000000009475
-0.25100000000000017
0.0
0.0
0.0
0.0
0.0
-3.4729999999997285
-2.4109999999998455
-1.1759999999999813
-11.674999999998969
4.321999999999778
-2.1009999999998796
-0.6100000000000004
-15.808999999996677
6.564000000000527
8.490000000000734
19.63200000000101
23.948000000006285
7.899000000000973
1.3309999999999642
22.664000000004716
-4.772999999999929
7.320000000000779
16.98199999999777
1.2469999999999735
-11.730999999998938
-4.534999999999849
-9.738000000000042
-7.8240000000009475
-0.25100000000000017
0.0
0.0
0.0
0.0
-1.3039999999999672
0.0
6.7310000000005825
-4.436999999999816
-20.601000000002195
-1.8549999999999065
-11.035999999999323
4.941999999999985
8.82300000000055
2.0929999999998805
2.480999999999838
3.9819999999996725
8.888000000000513
-7.985000000001001
1.2029999999999783
-3.999999999999671
0.6160000000000004
-9.982999999999906
-4.869999999999961
-13.048999999998207
-2.3769999999998492
2.531999999999832
-9.738000000000042
-7.826000000000948
-0.2470000000000002
0.0
0.0
0.0
-0.001
-1.432999999999953
-0.1290000000000001
-11.133999999999268
2.105999999999879
-1.7339999999999198
6.284000000000433
8.410000000000778
16.60399999999731
-14.939999999997159
11.189999999999237
-0.7180000000000005
9.134000000000377
-6.586000000000534
4.382999999999798
8.613000000000666
1.041999999999996
-2.595999999999825
-3.3439999999997427
-0.8660000000000007
-20.086000000001565
4.689999999999901
-2.476999999999838
-10.783999999999462
-0.25100000000000017
0.0
0.0
0.0
0.0
-0.001
-0.1290000000000001
-13.183999999998132
-8.631000000000656
7.7490000000009225
8.782000000000572
-14.787999999997243
-0.16200000000000012
1.7529999999999177
1.904999999999901
5.961000000000325
0.04100000000000003
2.8909999999997926
7.980000000001
0.8210000000000006
1.1669999999999823
10.738999999999487
-0.8760000000000007
26.188000000009023
0.49600000000000033
14.317999999997504
-4.359999999999791
-0.7740000000000006
-2.2559999999998626
-0.12000000000000009
0.0
0.0
0.0
0.0
-0.001
-0.1290000000000001
-4.391999999999801
0.002
20.723000000002344
10.13999999999982
7.185000000000734
-2.46099999999984
9.447000000000203
19.19800000000048
-8.830000000000545
-5.510000000000175
6.098000000000371
11.517999999999056
0.8720000000000007
14.152999999997595
5.411000000000142
4.0179999999996765
14.95799999999715
3.9109999999996803
9.300000000000285
-19.23900000000053
-7.360000000000793
-3.7629999999996966
-1.8809999999999036
0.0
0.0
0.0
0.0
-0.001
-0.001
5.609000000000208
7.446000000000821
6.973000000000663
11.516999999999056
19.80300000000122
16.126999999996727
-1.1309999999999862
3.1099999999997685
19.638000000001018
-4.079999999999697
-1.8969999999999019
10.201999999999785
-7.287000000000768
20.585000000002175
4.585999999999866
0.36100000000000027
11.319999999999165
-4.132999999999715
12.012999999998781
3.378999999999739
-12.716999999998391
-3.7639999999996965
-0.001
0.0
0.0
0.0
0.0
0.0
0.0
13.841999999997768
-7.3240000000007806
-7.774000000000931
-4.600999999999871
9.355000000000254
-2.9939999999997813
2.4649999999998395
7.397000000000805
4.915999999999976
-11.212999999999225
5.1620000000000585
19.34500000000066
3.9089999999996805
8.989000000000457
16.345999999996994
6.328000000000448
6.927000000000648
1.2099999999999775
2.5299999999998324
5.363000000000126
-15.519999999996838
-0.003
-0.001
0.0
0.0
0.0
0.0
0.0
0.0
3.6989999999997036
7.567000000000862
-0.9640000000000007
0.20100000000000015
-9.942999999999929
-1.2899999999999687
-5.330000000000115
2.750999999999808
-3.956999999999675
6.287000000000434
11.785999999998907
0.5380000000000004
23.91800000000625
25.378000000008033
32.99300000001381
-2.4719999999998388
-4.349999999999787
8.251000000000866
-16.574999999997274
0.9540000000000007
-23.530000000005774
-13.030999999998217
0.0
0.001
0.0
0.0
0.0
0.0
0.0
5.5900000000002015
7.678000000000899
-6.920000000000646
-1.6759999999999262
7.819000000000946
9.478000000000186
2.2949999999998583
3.793999999999693
-2.2759999999998604
-9.154000000000366
-3.140999999999765
-6.403000000000473
11.754999999998924
17.28199999999814
-17.014999999997812
5.5750000000001965
-12.244999999998653
-10.217999999999776
0.5670000000000004
-11.722999999998942
-20.95800000000263
-13.032999999998216
-0.003
0.0
0.0
0.0
0.0
0.0
0.0
6.285000000000434
-1.886999999999903
3.857999999999686
7.366000000000795
-12.335999999998602
7.813000000000944
-3.177999999999761
11.811999999998893
8.006000000001002
-13.44099999999799
11.701999999998954
5.929000000000315
5.020000000000011
-13.235999999998104
1.4759999999999482
-11.14799999999926
-3.2369999999997545
7.062000000000693
4.156999999999723
-10.779999999999465
-21.31700000000307
-7.11300000000071
0.0
-3.2809999999997497
0.0
0.0
0.0
0.0
-1.558999999999939
-1.7379999999999194
-1.7489999999999182
6.864000000000627
0.8040000000000006
-1.3349999999999638
8.022000000000993
-5.757000000000257
-2.080999999999882
-14.084999999997633
-19.047000000000295
17.915999999998913
14.65099999999732
5.667000000000227
5.570000000000195
1.142999999999985
1.3109999999999664
7.281000000000766
6.684000000000567
5.295000000000103
2.9629999999997847
-4.952999999999989
-10.67999999999952
0.0
-3.2809999999997497
0.0
0.0
0.0
0.0
-1.558999999999939
-0.43400000000000033
-1.9659999999998943
2.2459999999998637
2.196999999999869
4.111999999999708
15.431999999996886
-23.31500000000551
11.195999999999234
13.576999999997915
-16.158999999996766
-0.22400000000000017
-4.066999999999693
-5.282000000000099
-1.7159999999999218
10.68099999999952
-17.441999999998334
11.83599999999888
-1.114999999999988
-0.6010000000000004
1.7879999999999139
-4.729999999999914
-4.285999999999766
0.0
0.0
0.0
0.0
0.0
0.0
0.0
2.387999999999848
-1.595999999999935
-13.80199999999779
-1.3489999999999622
-7.543000000000854
-14.573999999997362
-4.573999999999862
-2.8219999999998002
-4.360999999999791
-12.840999999998322
-10.014999999999889
9.805000000000005
-8.635000000000653
-7.349000000000789
15.411999999996898
-4.411999999999808
-6.136000000000384
-6.580000000000532
-3.384999999999738
-7.590000000000869
-6.75300000000059
-2.00699999999989
0.0
0.0
0.0
0.0
0.0
0.0
0.0
-0.9330000000000007
1.2309999999999752
-6.772000000000596
-5.1620000000000585
12.889999999998295
2.9749999999997834
-5.6800000000002315
-0.7600000000000006
-4.0239999999996785
-9.420000000000218
-7.992000000001004
-4.71699999999991
4.188999999999734
3.2619999999997518
-21.935000000003825
0.7110000000000005
-6.269000000000428
-9.00200000000045
6.223000000000413
3.0169999999997787
0.2630000000000002
1.6009999999999345
0.0
0.0
0.0
0.0
0.0
0.0
0.0
-0.9330000000000007
-3.54899999999972
2.0009999999998906
1.4039999999999562
-3.7369999999996995
-5.494000000000169
4.997000000000003
-7.518000000000845
-10.068999999999859
14.64899999999732
-12.277999999998634
1.6009999999999345
5.720000000000245
-18.777999999999967
-3.7569999999996972
1.2319999999999751
4.5509999999998545
-3.9529999999996757
-3.112999999999768
-3.179999999999761
-5.949000000000321
-8.399000000000784
0.0
0.0
0.0
0.0
0.0
0.0
0.0
-0.9330000000000007
6.428000000000481
5.461000000000158
-2.1819999999998707
1.2439999999999738
6.923000000000647
-8.002000000001004
-8.743000000000594
-3.468999999999729
0.3930000000000003
-6.906000000000641
3.349999999999742
10.628999999999548
3.869999999999685
4.661999999999892
9.680000000000074
0.1500000000000001
-9.623000000000106
9.960999999999919
4.5959999999998695
-3.7079999999997026
0.0
0.0
0.0
0.0
0.0
0.0
0.0
0.0
-0.003
6.428000000000481
6.815000000000611
-7.946000000000988
9.43600000000021
-3.142999999999765
0.3960000000000003
-0.5130000000000003
-10.314999999999722
-14.299999999997514
-11.21999999999922
-4.987
-8.584000000000682
-14.008999999997675
5.998000000000338
-0.8130000000000006
-7.398000000000805
-2.924999999999789
1.3129999999999662
16.728999999997463
4.691999999999902
0.0
0.0
0.0
0.0
0.0
0.0
0.0
0.0
-0.003
-0.002
-2.233999999999865
1.124999999999987
0.9510000000000007
5.091000000000035
-4.400999999999804
7.041000000000686
9.494000000000177
-0.43900000000000033
-7.865000000000961
-11.031999999999325
3.3729999999997395
2.7809999999998047
9.56000000000014
17.417999999998305
7.889000000000969
3.969999999999674
14.754999999997262
11.417999999999111
7.361000000000793
2.6729999999998166
0.0
0.0
0.0
0.0
0.0
0.0
0.0
0.002
0.003
0.002
7.768000000000929
16.94099999999772
10.261999999999752
11.136999999999267
5.798000000000271
12.851999999998316
12.44899999999854
10.703999999999507
14.066999999997643
18.11099999999915
8.82100000000055
-5.861000000000292
7.395000000000804
0.6340000000000005
8.123000000000937
8.111000000000944
6.7250000000005805
6.462000000000493
0.0
0.0
0.0
0.0
0.0
0.0
