-304.9319999997012
0.0
0.0
0.0
0.0
-0.002
-0.006
-0.004
0.0
-5.4259999999996245
-8.287999999999437
0.0
0.0
0.0
0.0
0.0
0.0
0.0
-0.001
-0.001
-2.358999999999851
-1.848000000000322
4.9300000000008435
-11.615000000000796
-3.476000000000655
-7.750000000000081
2.1749999999998173
-10.18400000000007
-0.004
7.635999999999381
0.0
0.0
0.0
-0.32300000000000023
-3.5739999999998306
1.4149999999998861
-9.486000000003338
18.89599999999607
0.8060000000000006
5.360999999998634
3.3519999999974615
-1.5770000000000828
4.500999999999779
-2.666999999999752
2.851999999999729
0.0
0.0
11.975000000000698
-8.589000000001676
10.657999999999864
-2.2730000000008346
-2.0280000000005356
0.6719999999999998
5.720999999994199
-0.8480000000000006
1.674999999996774
-3.34799999999865
-2.4040000000006767
4.073999999998826
-9.025000000000407
0.0
0.0
7.242999999998445
1.9219999999998951
-8.93099999999489
7.32200000000029
3.082000000000386
-1.513000000000267
1.909999999997594
-1.2510000000015051
17.415000000006238
4.847000000006958
7.270999999994514
-5.830000000001051
-2.0499999999998852
0.0
0.0
-10.684999999999906
9.560999999999504
-7.395999999995915
-11.039999999997583
-5.198000000000151
-0.1270000000000003
-2.340000000001837
1.2679999999992697
-6.790999999983336
3.297999999999662
-6.767000000001458
-0.1460000000000005
24.364000000006932
9.20000000000034
-2.9809999999997827
-1.9280000000005348
11.253999999996008
-31.85600000001011
-19.107999999999404
-11.152999999996148
-12.550999999993078
-9.603999999989917
1.7689999999978552
-7.08699999999495
9.374999999997778
-4.230999999999317
5.848999999998781
14.459000000000081
3.8199999999996903
-2.9809999999997827
1.0509999999999646
11.393000000002752
-5.871000000002206
14.953999999978844
1.7870000000008137
6.409000000000412
17.92899999999722
-1.0079999999999563
-7.780999999998713
0.46099999999999813
9.085999999999546
-3.312000000001265
4.083000000000487
15.925999999996613
0.0
1.9109999999997498
8.146000000006067
-4.915999999999053
-4.553999999998061
5.730999999997982
12.446000000017216
11.89000000000646
8.737000000002162
7.208999999991398
0.9220000000000006
-0.13200000000000245
17.434999999997913
8.50900000000184
5.953000000000323
0.0
-8.96500000000047
-0.24600000000000122
7.656000000005963
9.034000000005387
-7.812999999987883
9.39100000001728
10.556000000009158
0.03199999999999782
-3.6239999999991532
-7.078999999999242
5.437999999997577
4.244000000000378
9.971999999999912
0.03800000000000003
0.0
-5.586000000000244
4.768000000001357
-15.935000000007784
6.788000000002973
0.12599999999999967
7.787000000003633
-0.9369999999999999
0.020999999999997816
6.596000000002339
11.582000000013673
2.5889999999986526
-1.1490000000002172
-1.4489999999999514
0.0
0.0
-0.18800000000000017
-4.590999999999053
1.3259999999986032
2.6650000000005787
-5.645999999998281
-2.7849999999999513
-5.397999999996821
-1.2890000000002673
4.836999999995621
-1.2680000000003602
11.740999999999657
1.6079999999999788
-0.007
0.0
0.0
-1.6549999999999285
-0.001
-13.45999999999964
-26.87500000000262
-15.455000000001835
-4.5919999999998256
-6.185999999999541
-7.124999999999815
17.42600000000166
19.9949999999998
-0.010000000000000002
-0.014
0.0
0.0
0.0
