-0.44300000000000034
0.0
0.0
0.0
0.0
0.0
0.0
0.0
0.0
0.0
0.0
0.0
0.0
0.0
0.0
0.0
0.0
0.0
0.0
0.001
0.002
0.006
-0.011
0.009000000000000001
-0.056000000000000064
-0.042000000000000016
-0.033000000000000015
-0.001
0.0
-0.002
0.0
0.0
0.0
0.006
0.02500000000000001
0.06100000000000001
-0.034000000000000016
0.03599999999999996
0.03700000000000002
-0.022000000000000006
0.02700000000000001
-0.026999999999999955
-0.018999999999999993
0.026000000000000002
-0.002
0.0
0.0
0.0
-0.012000000000000007
-0.06400000000000002
0.034000000000000016
-0.011000000000000006
0.04300000000000001
0.012000000000000014
-0.044
0.04199999999999997
-0.009999999999999974
-0.033
-0.014999999999999965
-0.019000000000000003
0.0
0.0
-0.020000000000000004
-0.05000000000000002
0.019000000000000003
-0.006
0.03899999999999999
-0.017000000000000015
0.01599999999999998
-0.02200000000000008
-0.003999999999999983
-0.02600000000000001
0.03299999999999999
-0.034999999999999976
0.011000000000000001
0.0
0.0
-0.020000000000000004
-0.003
-0.07800000000000004
-0.0019999999999999905
-0.004999999999999987
-0.010000000000000014
-0.004999999999999997
0.07800000000000006
-0.008000000000000021
0.007999999999999969
0.03899999999999999
-0.04400000000000001
0.032000000000000015
0.0
0.0
0.0
-0.001999999999999993
-0.059000000000000025
-0.09600000000000006
-0.08100000000000004
-0.049000000000000016
-0.08000000000000006
-0.08900000000000005
-0.028999999999999974
0.03999999999999995
-0.02999999999999999
-0.01599999999999997
0.002
0.0
0.0
0.0
0.004
-0.044
0.05800000000000004
0.0010000000000000035
-0.005000000000000014
0.08600000000000006
-0.02000000000000002
-0.005999999999999997
-0.034000000000000016
0.047000000000000014
-0.05700000000000001
-0.008
-0.001
0.0
-0.002
0.009999999999999967
0.006000000000000001
-0.058000000000000024
-0.016999999999999998
0.06200000000000003
0.01600000000000002
-0.012000000000000007
0.045000000000000026
-0.02500000000000002
0.03700000000000003
0.05400000000000002
0.06100000000000005
0.0
0.0
-0.001
0.06300000000000001
0.03699999999999999
0.05400000000000002
0.010999999999999985
0.001
0.07100000000000004
-0.006999999999999999
0.03899999999999999
-0.07000000000000002
-0.038999999999999965
0.051000000000000045
0.03800000000000003
0.0
0.0
0.001
-0.006999999999999997
-0.03600000000000003
0.01900000000000003
0.008
-0.020000000000000028
0.03599999999999999
-0.006000000000000011
-0.035999999999999976
0.07000000000000005
0.006000000000000016
0.06600000000000003
0.004
0.0
0.0
0.0
-0.029
-0.031
-9.99999999999993E-4
0.022000000000000013
-0.029000000000000033
-0.07800000000000006
-0.018000000000000044
0.07900000000000004
0.016999999999999956
0.04800000000000004
-0.006
0.0
0.0
0.0
0.0
0.0
-0.005
-0.038000000000000006
-0.033000000000000015
-0.006
-0.002
-0.04400000000000001
0.03400000000000002
0.07500000000000005
-0.02
0.0
0.0
0.0
0.0
