-0.3780000000000003
0.0
0.0
0.0
0.0
-0.014
-0.014
0.0
0.0
0.008
-0.030000000000000013
0.0
0.0
0.0
0.0
0.0
0.0
0.0
0.0
-0.007
0.003
0.016
0.030000000000000013
-0.013999999999999993
-0.032
-0.029000000000000012
-0.013000000000000005
0.004
-0.002
0.017
0.0
0.0
0.0
0.007
0.020000000000000014
0.03499999999999999
0.03399999999999999
-0.023000000000000007
0.04400000000000001
0.04099999999999997
-0.04300000000000001
-0.013999999999999985
0.001
-0.001
0.005
0.0
0.0
-0.011000000000000003
-0.025
0.0010000000000000044
-0.012000000000000002
0.025
-0.0010000000000000044
-0.05
0.026000000000000037
0.018000000000000016
-0.025000000000000074
0.034000000000000044
-0.01
-0.011000000000000001
0.0
0.0
-0.003
-0.02199999999999999
-0.045
-0.021000000000000015
0.04799999999999999
0.03300000000000007
-0.00999999999999999
-0.011999999999999997
-0.02100000000000001
0.06500000000000004
0.028
0.02000000000000001
0.03600000000000002
0.0
0.0
0.0
-0.02000000000000001
-0.10700000000000007
-0.1340000000000001
-0.04100000000000001
-0.06500000000000003
-0.04000000000000005
-0.03700000000000002
-0.03900000000000002
-0.01500000000000001
-0.06900000000000003
0.06000000000000001
0.03500000000000002
0.0
0.0
0.0
-0.030000000000000006
-0.09600000000000004
-0.07600000000000004
-0.09600000000000006
-0.032
-0.03700000000000002
0.026999999999999993
-0.024000000000000014
-0.047000000000000014
0.026999999999999993
3.469446951953614E-18
-0.017000000000000008
0.0
0.0
0.0
-0.016
0.027000000000000017
0.005
-0.046999999999999986
0.026999999999999993
0.05000000000000002
-0.06500000000000002
0.019
0.016999999999999994
-0.008000000000000005
-0.07600000000000001
-0.016000000000000004
0.004
0.0
0.0
-0.004
0.05600000000000001
-0.019999999999999983
0.015
0.059000000000000025
0.021000000000000033
0.026
0.032
-0.004999999999999993
0.03500000000000003
0.08100000000000003
0.020000000000000014
0.003
0.0
-0.025000000000000015
-0.04099999999999998
0.006999999999999989
0.012000000000000044
0.030999999999999986
0.047000000000000014
0.014999999999999996
1.3010426069826053E-17
0.031000000000000024
-0.025999999999999995
0.05600000000000001
0.04600000000000001
0.04100000000000002
0.003
0.0
-0.031000000000000014
-0.04900000000000001
0.04900000000000003
0.018000000000000016
-0.02600000000000002
-0.006999999999999978
-0.0020000000000000104
-0.045
-0.0019999999999999966
0.02600000000000001
0.05800000000000001
0.018999999999999982
0.001
0.0
0.0
-0.005
-0.031999999999999994
0.016
0.010999999999999987
-0.04600000000000001
-0.026999999999999958
-0.06800000000000005
-0.01699999999999997
0.06800000000000003
0.02199999999999999
0.07300000000000004
0.02500000000000002
-0.001
0.0
0.0
-0.010000000000000002
0.0
0.0
-0.01
-0.02700000000000001
-0.034000000000000016
-0.019000000000000003
-0.02800000000000001
-0.043000000000000024
-0.04100000000000002
-0.006
-0.002
0.0
0.0
0.0
