-89.79000000006468
0.0
0.0
0.0
0.0
0.0
0.0
0.0
0.0
-3.065999999999884
-0.030000000000000013
0.0
0.0
0.0
0.0
0.0
0.0
0.0
0.0
-0.1310000000000001
-0.06600000000000004
1.0679999999999932
4.946999999999668
2.464000000000077
-3.0650000000002615
1.3249999999999413
-1.6469999999999518
-1.6760000000001212
-0.010000000000000002
-0.001
0.0
0.0
-0.46800000000000036
-1.839
4.506999999999635
1.0670000000000135
-0.4520000000000001
1.910999999999352
0.837000000000001
-0.4800000000000001
2.196000000000002
-0.9150000000000003
2.9989999999998562
-5.137000000000107
-2.8079999999998018
0.0
0.0
-0.47000000000000036
-5.905000000000124
1.7909999999996964
2.347999999999405
-1.1050000000000988
-0.06899999999999916
0.5050000000000004
0.4630000000000006
1.3479999999999313
-1.6520000000004553
-1.5839999999999923
-1.0019999999999962
-3.354999999999799
-0.005
0.0
-0.003
-4.270999999999992
1.2700000000001408
-1.6620000000004305
3.2869999999993227
0.6900000000000006
0.6459999999999999
-1.8070000000010078
1.6079999999995165
4.741000000000126
0.4600000000000006
1.6709999999999532
-0.7660000000000007
-0.005
0.0
-0.001
5.1249999999995755
-6.6850000000006204
0.026999999999999177
-5.6270000000006695
-2.344000000000196
-1.8430000000006486
0.7160000000000006
-1.013000000000031
-2.330000000000321
-1.20899999999977
-2.9520000000000466
6.92399999999972
0.0
0.0
-0.001
0.48200000000000054
-13.300999999994406
-5.97499999999852
0.6380000000000007
-2.950999999999155
-1.4550000000003427
-0.2580000000000002
-4.241999999998944
2.1789999999999434
-4.454000000001476
-2.504999999999634
2.5399999999998313
0.0
0.0
-0.007
-0.23899999999999982
8.561999999998847
-2.199999999999857
2.7869999999990496
-1.4350000000000955
3.846999999998764
-2.5990000000007596
0.6130000000000008
-0.013000000000001219
2.5389999999994903
-0.4130000000000003
6.529999999999091
3.5269999999997226
0.0
1.1819999999999806
0.7760000000000006
2.112000000000345
0.11400000000000217
1.3920000000005839
0.9919999999999999
5.680000000000046
2.7759999999995273
1.9090000000009901
-2.7449999999997523
0.10800000000000005
2.1540000000000923
7.0690000000009094
3.7830000000000323
0.0
-2.4749999999998384
1.2289999999999803
1.7339999999996982
3.1819999999991504
-0.39799999999999935
5.454999999998159
4.882999999999181
0.3879999999999992
0.36000000000000054
-1.1540000000000332
0.8440000000000006
0.9990000000000009
2.729999999999555
0.001
0.0
-1.5329999999999422
-1.9949999999996744
4.644999999998741
-1.670000000000433
-0.3140000000000023
0.2810000000000002
3.507000000000255
-1.4160000000000657
4.3729999999991005
0.8950000000000008
2.6250000000002514
-0.6490000000000002
3.334000000000015
0.0
0.0
-0.004
-4.864999999999483
-3.7649999999996866
4.7169999999999135
0.06999999999999607
-0.9430000000000007
-1.4999999999996638
-0.7600000000000006
5.780999999997958
-0.4070000000000005
4.865000000000291
5.2860000000001
0.0
0.0
0.0
0.0
0.0
-0.03500000000000002
-6.902999999999462
-8.60699999999967
-1.5449999999999557
-0.05000000000000003
-1.6929999999999243
2.194000000000029
4.270999999999752
-0.01900000000000001
0.0
0.0
0.0
0.0
