-1798.4549999643841
0.0
0.0
0.0
0.0
-0.005
-0.009000000000000001
-0.001
0.0
25.153999999996937
-4.900999999997948
-0.002
-0.001
0.0
0.0
0.0
0.0
0.0
0.0
-0.012000000000000004
3.7159999999932487
-0.3830000000000003
32.70999999994677
-2.1560000000032877
-12.583999999980033
-41.65700000000009
38.80400000000438
6.537000000002493
-0.02500000000000001
28.91999999999485
0.0
0.0
0.0
-34.878000000000206
-26.52100000004347
47.25800000001787
-35.67799999998079
35.22899999999952
28.013999999970164
14.37400000011001
4.492000000015036
-40.7790000000376
40.51200000000224
-55.03299999998634
-0.48600000000000043
0.0
0.0
55.68100000002717
-37.87300000000645
3.220999999997616
39.244000000011596
-11.50199999992448
-4.974000000010667
-20.87400000002956
1.850999999989655
-7.920999999894357
-12.047999999958527
6.017000000012179
-31.93600000004594
-47.203000000001644
0.0
0.0
25.63999999998072
-1.4079999999987185
-12.83600000002244
12.411000000007395
1.1659999999999824
32.86099999984716
9.521000000035334
-31.416999999969256
70.69399999994911
-1.205000000005043
55.811999999968954
-1.8099999999943694
-15.32500000000601
0.0
-0.04900000000000004
-36.595000000004184
66.5759999999794
-66.89200000004513
-47.25399999990912
-65.63399999978955
-16.981999999996873
-35.950000000023714
31.827999999930054
2.6279999999776273
-29.50500000004922
-27.171000000046455
-7.416000000004984
59.92899999995515
30.00000000001368
-3.3009999999997475
-3.4440000000006914
-75.85600000000463
-93.96200000006294
-73.8239999999867
-27.244000000047244
-65.51099999971198
-28.3460000001516
-6.602999999984911
-25.67100000005653
31.521999999992737
-18.010000000000293
-8.361000000024141
8.122000000003743
30.00000000001368
-3.3009999999997475
-0.14299999999999902
92.4289999999761
47.01400000000935
11.693999999929064
34.05799999986545
18.702000000008756
113.92099999979936
-8.215999999994155
2.2949999999938746
-18.781000000020605
21.33399999999873
-22.681000000022898
31.7499999999724
59.999999999950866
0.0
-5.6230000000002125
42.087000000019614
-5.953999999997756
-24.505999999995165
28.02999999999512
48.75100000030978
76.83400000000252
43.80900000000974
19.286999999995533
32.38499999982933
-0.4850000000000051
78.48200000000698
101.40499999999798
30.001000000013683
0.0
-80.74300000002148
-45.411999999943404
88.80399999988252
23.477999999962567
-2.452000000012157
77.74099999998211
67.40000000006074
-4.263999999999126
23.27499999998601
-45.41899999992238
16.475000000082755
15.026000000041206
35.94800000000912
3.4639999999997295
0.0
-4.657999999997562
27.492000000014087
-24.312999999984292
28.337000000109352
6.571000000013289
43.55099999999943
34.74000000003824
-39.58299999999393
42.391999999974644
88.1189999998136
8.56000000000748
27.214000000030193
25.749999999997634
13.2409999999981
0.0
7.918000000000979
-20.364999999984253
1.1939999999972222
24.158999999996635
-33.36099999993724
-10.61100000002465
-19.331000000005467
11.117999999980107
21.72899999998091
0.5309999999999997
68.41800000000393
59.367999999919434
26.473999999996206
0.0
0.0
0.002
0.0
-44.14700000000329
-69.56799999998235
-91.99099999996702
-46.24299999998947
-39.80899999999925
-63.14300000003121
28.388999999976726
52.0890000000177
-7.837999999999359
-0.016
0.0
0.0
0.0
