-355.2009999985125
0.0
0.0
0.0
0.0
-0.013000000000000005
-0.02600000000000001
-0.1550000000000001
-0.3120000000000002
6.243999999999534
3.1289999999997664
-0.001
0.0
0.0
0.0
0.0
0.0
0.0
0.0
0.04000000000000003
0.12500000000000008
-0.09800000000000007
3.964999999999752
3.745000000000499
-9.294000000000564
-7.684999999995531
-4.94300000000128
6.67000000000197
-0.022000000000000006
0.09600000000000007
0.0
0.0
0.0
1.414999999999955
0.6779999999999999
-3.5190000000002786
-5.983999999997048
15.219999999985696
3.570999999997224
2.2109999999980032
8.490000000004352
-9.456999999997056
-1.8409999999992854
-2.98900000000056
-6.6730000000005525
0.0
0.0
10.45000000000016
-0.6960000000000004
-4.791000000001304
1.5569999999990412
-8.132999999992384
6.559000000000033
-4.13500000000922
3.371999999992072
-2.0190000000049055
-8.2109999999906
12.683000000007302
-1.5559999999988996
-15.39799999999881
0.0
0.0
7.364999999998861
2.252000000000401
-1.5200000000012204
12.35100000000404
4.652000000000933
-4.568000000003606
8.567999999999657
-4.234000000000645
18.631000000004505
-0.012000000000008237
2.889999999999997
2.1360000000011605
-6.51400000000051
0.0
0.0
-6.853999999999971
18.239000000001006
-13.062000000011949
-21.08900000000681
-6.377999999998751
-4.221999999994265
-5.3950000000028115
1.6789999999977643
-4.701999999992162
-3.4739999999952675
-1.6750000000001533
-20.046000000000426
31.03500000000133
9.999999999999897
-1.8839999999999033
0.3740000000000004
0.5610000000000004
-26.37400000000384
-12.49299999999646
-12.659999999996872
-14.73999999998027
-3.084000000002497
-1.7830000000004467
-2.793999999998849
6.322000000000877
-9.045000000003958
13.346999999995116
12.093000000000652
8.198000000000896
-1.8839999999999033
2.2579999999995306
18.320000000000988
2.577999999999496
14.723999999970857
7.701999999991675
1.3190000000003625
22.520999999993393
-9.491000000000257
-2.5800000000003958
-2.0289999999968957
1.225000000000665
-19.607999999999816
14.111999999993843
18.196999999999257
0.0
-1.1039999999999892
-2.316999999998919
0.21899999999999992
-4.862999999997112
3.5700000000016936
14.42300000001432
9.067000000003034
10.306000000008783
11.369999999996603
-2.65099999999743
6.836999999993357
20.13399999999971
22.84599999999993
8.192000000000899
0.0
-18.315999999999402
-4.8599999999965915
13.996000000018181
17.132000000004172
-4.210000000005623
18.9270000000058
18.276000000003677
-9.677999999998782
11.67600000000934
-18.44899999999873
3.536999999994272
-6.879999999999403
9.534000000000313
-0.004
0.0
-5.730000000000412
19.646999999999693
-16.502000000012387
9.103000000006658
4.109000000005901
-1.4160000000018373
10.158999999999507
-13.64399999998845
15.700000000003325
12.149000000023195
8.54399999999392
23.2630000000054
0.8600000000000007
0.0
0.0
-0.002
-4.340999999997443
1.5089999999993182
5.955999999997924
-5.6949999999949314
-0.6780000000000004
0.5020000000000029
-5.065999999999309
7.462999999995187
-2.57599999999854
-7.604000000000154
1.395999999999957
-0.003
0.0
0.0
-3.0999999999997696
-0.003
-7.238000000000659
-24.946000000001668
-12.626000000000886
-0.10700000000000008
-1.331999999999964
-9.049000000000222
-2.4519999999999014
11.68000000000057
-0.004
-0.006
0.0
0.0
0.0
