-485.52799999543066
0.0
0.0
0.0
0.0
-0.033000000000000015
-0.05000000000000003
0.0
-0.001
14.427000000001488
7.200000000000739
-0.002
-0.004
0.0
0.0
0.0
0.0
0.0
0.0
-0.02900000000000002
12.571000000000867
10.821999999999997
2.93700000000004
-0.3950000000000002
-8.159999999999645
-6.446000000000381
9.340000000001146
1.527999999999798
-0.002
15.23100000000176
0.0
0.0
-0.003
-4.913999999999976
-5.97300000000171
6.187999999998522
-5.111000000002098
12.74900000000135
6.891999999993613
3.381999999996744
8.691000000012187
-12.235000000011391
6.418999999999016
-13.373000000004376
10.391000000000387
0.0
0.0
14.985000000003179
-10.884999999996191
8.224000000002947
5.283999999994276
1.3849999999992983
2.9769999999925294
-6.533000000004442
9.949000000020812
-13.17599999996509
-5.670999999997734
8.339999999997255
-14.607999999991765
-15.722999999996727
-0.001
0.0
14.986000000003179
-13.56700000000418
-6.194999999996474
8.685000000000208
-1.8179999999998246
6.2809999999979125
-2.7380000000006945
0.046000000000004995
21.563000000016643
-0.24100000000000033
11.04800000000198
8.835999999996941
-8.572000000000688
-0.003
0.0
-4.1359999999997665
23.62000000000363
-10.180000000002362
-17.45099999999884
-13.354999999984699
0.8800000000000002
-14.268999999973879
5.470000000003664
-1.7280000000072706
-1.9419999999997064
-6.218000000001031
2.7440000000002764
16.7460000000048
9.999999999999897
-2.0669999999998834
-2.2420000000003855
-13.364000000002978
-30.248000000008695
-19.341000000002577
-11.712999999998772
-16.578999999988735
-7.714999999999137
-4.176000000006795
-0.8630000000000027
0.29799999999999893
-9.636000000004351
-14.749000000002793
11.56500000000137
9.9929999999999
-2.0669999999998834
-0.17500000000000004
18.33200000000341
11.49199999999725
11.118999999974612
11.128000000012337
6.61599999999682
25.89999999998167
0.46900000000000097
-10.44999999999823
0.400999999999999
5.474999999999395
-7.197000000002807
22.902999999998304
19.99300000000145
0.0
-1.5899999999999357
21.064000000001016
1.5260000000005238
-7.385000000003921
11.848999999990879
18.61500000001262
8.942000000002938
13.797000000007952
7.47199999999322
7.086999999978549
0.7420000000000008
17.339999999995463
24.088999999998503
14.915999999998306
0.0
-6.445000000000487
-10.568999999994617
12.75400000003358
7.346000000013402
-6.247999999997103
27.323999999946484
19.8810000000027
0.9650000000000006
-0.2550000000000022
-9.727999999988581
4.986999999994026
5.326999999994595
14.00999999999297
0.08200000000000006
0.0
4.868000000000203
18.73400000000185
-6.7440000000020035
10.015000000002281
6.894000000007077
2.157999999997439
14.396999999993755
-11.426999999994091
11.626000000006771
18.036000000012823
-6.007999999997404
-0.2239999999999991
10.945000000000302
1.9669999999998942
0.0
-5.025000000000013
-8.516999999995837
6.88900000000811
5.499999999998343
-12.8359999999966
1.3039999999998686
-8.694999999999128
6.584000000002818
-5.061000000004211
6.482000000001618
24.10800000000551
8.879000000000518
3.9339999999997883
0.0
0.0
-3.5209999999997232
-0.006
-18.62000000000048
-13.896999999998386
-17.931000000000928
-11.218999999999658
-10.5389999999998
-16.051000000001984
10.262000000000329
15.90200000000198
-2.3819999999999593
0.0
0.0
0.0
0.0
