-380.27599999791954
0.0
0.0
0.0
0.0
-2.3819999999998487
-4.757999999999698
-0.004
0.0
6.063999999999554
3.033999999999777
0.0
0.0
0.0
0.0
0.0
0.0
0.0
0.0
-2.3769999999998492
9.572000000000392
1.7590000000001025
4.995999999999154
7.309999999999452
-8.899999999997565
-18.91500000000046
14.76900000000411
0.7070000000000006
-0.9860000000000008
16.025000000002
0.0
0.0
0.0
1.315999999999966
4.29699999999903
4.367999999999258
-0.8180000000000006
2.6979999999999196
1.9160000000015744
9.911000000012749
-4.734999999997065
-2.2240000000012308
7.365000000004454
-10.379000000002746
6.099999999998162
0.0
0.0
16.539000000001714
-15.015999999997753
0.4380000000000008
7.796999999995216
2.3279999999979752
-4.398000000002188
-2.5450000000057784
-3.1980000000073416
1.803999999989531
-4.2899999999998535
1.3679999999997146
-21.09100000000212
-7.405999999999764
0.0
0.0
6.553999999997928
10.34099999999709
1.2669999999997146
-2.6810000000019283
7.627999999986665
9.730000000006601
-3.711000000002371
-4.661000000000022
10.811000000016492
0.5010000000000006
14.893999999994636
-5.251000000002484
-2.7210000000000463
0.0
-0.015000000000000006
-15.400999999998607
21.29500000000004
-27.35699999999546
-2.547999999998166
-20.10100000000143
0.4720000000000002
-3.994000000005563
2.3309999999986166
-1.3550000000032967
-5.448999999993143
-9.68299999999946
0.09899999999999973
19.57600000000081
0.0
-2.714999999999812
-0.8620000000000007
-0.06799999999999892
-19.401999999999337
-28.75100000000148
-1.2339999999993374
-22.352000000001407
-6.8809999999965035
-5.702000000000315
-7.552000000004951
6.6320000000005574
-8.697999999999825
-7.539000000003573
4.857999999997934
9.999999999999897
-2.714999999999812
1.8519999999996595
14.47800000000276
15.266999999996825
6.988999999998322
10.530000000008364
8.110000000004506
19.948000000002136
1.4790000000002734
2.491999999998244
-8.236000000013197
1.100000000000213
3.4950000000001564
4.075000000002157
19.998000000001458
0.0
-11.38499999999913
9.715000000007032
2.053000000000881
-4.353999999997963
2.9220000000029014
15.07900000001564
15.7460000000232
7.452999999996693
2.4869999999985146
2.0950000000036835
0.7790000000000004
19.70700000000163
11.832999999997645
9.996999999999899
0.0
-19.609000000000982
7.077999999996932
13.952000000019911
9.999000000012812
-0.6860000000000005
18.242000000019445
20.210000000001024
-4.357000000001947
3.037999999995163
-9.310999999994651
10.184000000007135
-2.880000000000315
0.24500000000000022
-0.001
0.0
-6.012000000000342
-3.0559999999959406
-4.586000000002668
12.512999999993667
1.7850000000007817
9.970000000008389
12.76599999998846
-6.631999999997708
4.814999999995415
15.34400000003083
0.30100000000000204
7.492000000008446
0.8290000000000006
1.440999999999952
0.0
-5.065000000000026
-9.264999999998388
8.108000000008385
-3.462999999999289
-11.915999999998709
0.6370000000000025
-8.445999999999373
3.2500000000006954
7.183999999994204
2.9610000000004213
25.588000000004662
13.091999999997604
2.873999999999905
0.0
0.0
-0.003
0.0
-3.7469999999996983
-14.955999999998797
-15.045000000001695
-6.45400000000011
-2.7059999999999236
-6.490999999999508
14.192000000002912
13.339000000001244
-1.7999999999999714
0.0
0.0
0.0
0.0
