-523.5529999945315
0.0
0.0
0.0
0.0
-0.02100000000000001
-0.04200000000000002
-0.005
-0.01
18.428000000000665
7.510000000000843
-0.002
0.0
0.0
0.0
0.0
0.0
0.0
0.0
-0.028000000000000018
10.578000000000108
5.2549999999990575
17.604000000002994
-5.171000000001898
-8.394999999997603
-10.032999999999827
10.577000000004535
6.563000000001732
-0.001
-0.001
0.0
0.0
-0.002
-3.4620000000006614
-8.740000000000444
10.112999999996747
-8.101999999993016
12.651000000002718
10.041000000001773
6.750000000002671
-0.7150000000000015
-11.544000000012105
14.710000000002129
-22.463000000002644
-10.006999999999893
0.0
0.0
19.982999999999805
-6.89200000000521
6.074000000002278
9.972000000000833
-3.636000000004952
3.2699999999946505
-7.232999999997901
6.280000000007981
0.2680000000000017
-5.539999999997285
9.163999999999652
-12.88599999999315
-15.271999999998942
-0.002
0.0
9.981000000000094
-11.27900000000408
-0.4510000000000002
-3.2870000000024193
7.129999999991924
9.00400000000931
1.6709999999976286
-14.221999999976603
19.964000000014142
-1.0530000000005144
22.737999999990883
-1.0389999999998822
-2.5779999999999306
0.0
-0.015000000000000006
-13.335999999998814
26.811000000006516
-16.711000000004812
-5.590000000006986
-17.772999999994294
1.0190000000000539
-9.211999999978753
14.405000000005293
-3.8569999999988616
-4.670999999992416
-7.7180000000033315
-14.950999999991518
10.218000000000732
9.999999999999897
-1.676999999999926
2.0139999999994633
-22.482000000001744
-20.01800000000271
-28.48700000000143
-10.88300000000152
-19.818000000002883
-8.661999999992979
-3.6460000000088804
-8.152999999991012
9.689999999999904
-9.506000000004407
5.559999999994278
17.361999999998883
9.972999999999912
-1.676999999999926
3.690999999999231
27.732999999998587
9.828999999990316
4.377000000000493
9.102999999999415
10.251999999994757
28.79600000000017
2.510999999995257
-2.5800000000009047
-0.3030000000000003
-0.23799999999999782
-6.91700000000381
3.1750000000005523
19.978000000001433
0.0
3.0629999999997737
14.480000000002184
-2.22399999999872
-6.981999999992965
5.219000000004105
13.795000000041863
22.871999999997097
9.625000000002947
13.505999999989902
5.26699999999135
6.050999999994481
22.970000000005413
33.48000000000619
9.980999999999908
0.0
-24.651000000007144
-10.89899999999599
13.917000000024046
8.265000000012376
-3.054000000002707
17.46300000003653
21.095000000000663
-4.630000000000346
2.633999999995245
-15.473999999976984
7.766000000005506
-3.0170000000043995
13.780999999998803
3.1849999999997602
0.0
-15.738999999996716
2.4860000000016402
-2.0379999999956966
5.516000000005273
7.0820000000021075
14.421000000003522
10.694999999988672
-15.798999999984117
16.40899999999526
22.69299999999046
2.3769999999974116
13.184000000003719
3.9520000000000435
2.6179999999998227
0.0
1.559999999999939
-8.22599999999377
-11.61400000000805
2.4160000000021435
-13.715999999997344
-6.866999999990608
-12.769999999999195
6.314999999999182
-3.8209999999974804
-6.201999999994301
19.67700000000204
10.830999999998209
5.218999999999648
0.0
0.0
-0.07400000000000005
0.0
-7.857999999999559
-14.477999999997822
-28.931999999994844
-13.62199999999789
-7.358000000000792
-14.34500000000146
12.816000000002346
19.729999999999944
-0.1570000000000001
-0.034000000000000016
0.0
0.0
0.0
