-5.213000000000076
0.0
0.0
0.0
0.0
0.0
-0.013000000000000005
-0.02600000000000001
0.0
0.22600000000000017
-0.04000000000000002
0.0
0.0
0.0
0.0
0.0
0.0
0.0
0.0
-0.03500000000000002
0.10500000000000008
0.03100000000000002
0.024999999999999932
-0.11300000000000013
-0.024000000000000035
-0.02699999999999985
-0.12000000000000008
0.09400000000000011
0.003
-0.001
0.0
0.0
-0.003
-0.07700000000000005
0.2810000000000002
0.04899999999999996
0.16500000000000015
0.07099999999999995
0.2810000000000002
0.06499999999999993
-0.14500000000000013
0.08300000000000024
0.06899999999999996
-0.09200000000000007
-0.010000000000000002
0.0
0.0
-0.003
-0.17400000000000013
-0.06700000000000003
-0.32800000000000024
0.11400000000000007
0.12300000000000011
-0.13500000000000006
0.006999999999999841
0.20100000000000012
-0.2680000000000002
0.046000000000000374
-0.22500000000000017
-0.20600000000000016
-0.001
0.0
0.0
0.06100000000000005
-0.08900000000000001
0.29900000000000015
0.07299999999999997
-0.026999999999999892
0.11599999999999988
-0.03099999999999964
0.33500000000000035
-0.03599999999999985
0.026000000000000113
-0.009000000000000025
-0.06600000000000004
0.0
0.0
0.0
0.1360000000000001
-0.5400000000000004
-0.031999999999999904
-0.2720000000000002
0.13100000000000006
0.060000000000000164
0.07500000000000016
-0.2330000000000003
0.1530000000000001
-0.25600000000000017
0.014999999999999878
0.8300000000000006
0.0
0.0
-0.009000000000000001
-0.3710000000000003
-0.33700000000000024
-0.1840000000000001
-0.10100000000000006
-0.3830000000000003
-0.16700000000000012
0.12599999999999995
-0.0029999999999998925
0.12400000000000008
-0.22600000000000015
-0.1780000000000001
-0.01699999999999987
0.0
0.0
-0.025000000000000015
0.3780000000000003
0.21700000000000014
0.05199999999999998
0.06799999999999999
0.06700000000000002
0.3140000000000002
-0.3700000000000003
-0.12300000000000008
0.02500000000000001
0.004000000000000151
-0.0049999999999997885
-0.04299999999999987
0.0
0.0
0.05600000000000004
0.43800000000000033
0.13500000000000004
0.04800000000000004
0.07699999999999993
0.049000000000000044
0.21300000000000016
0.33500000000000024
-0.01200000000000001
0.12000000000000008
-0.13799999999999993
0.2750000000000002
0.22800000000000017
0.10200000000000005
0.0
-0.07000000000000005
0.07199999999999988
0.027000000000000017
0.17300000000000004
0.07400000000000004
0.14500000000000013
0.17600000000000013
-0.17800000000000016
0.1980000000000001
-0.45500000000000035
0.21500000000000033
0.031000000000000198
-0.06000000000000004
-0.003
0.0
-0.05800000000000004
-0.06300000000000006
0.0029999999999998092
0.06800000000000003
0.11399999999999985
-0.029999999999999975
0.36000000000000026
-0.25300000000000017
0.07800000000000001
0.2570000000000002
0.029999999999999957
0.3150000000000002
-0.1560000000000001
0.0
0.0
0.08400000000000006
-0.08900000000000013
-0.042999999999999886
0.5200000000000004
-0.24500000000000022
-0.17900000000000033
-0.13600000000000012
-0.08399999999999991
0.049999999999999975
0.22500000000000014
0.17200000000000013
0.07900000000000004
0.0
0.0
0.0
0.0
0.0
-0.12000000000000009
-0.45800000000000035
-0.4100000000000003
-0.008
-0.018000000000000002
-0.06100000000000004
0.2880000000000002
0.24700000000000016
-0.11000000000000006
0.0
0.0
0.0
0.0
