-5.0270000000000135
0.0
0.0
0.007
0.14300000000000007
0.016000000000000694
-0.47500000000000037
-0.015000000000000006
-0.1710000000000001
0.0
-0.22700000000000017
-0.143000000000002
0.1290000000000017
-0.21200000000000213
0.09300000000000222
-0.39099999999999996
-0.6940000000000005
-0.002
-0.25500000000000034
-0.45000000000000007
0.005999999999998819
-0.2090000000000009
0.20900000000000063
-0.1490000000000029
-0.4110000000000003
0.3140000000000002
-0.44900000000000034
-0.40400000000000025
-0.24399999999999927
0.3419999999999998
0.008000000000000318
-0.04299999999999986
0.9580000000000007
0.3140000000000002
0.4530000000000002
0.40599999999999997
0.2289999999999992
0.1629999999999982
-0.19799999999999895
0.5030000000000003
0.2610000000000002
-0.2730000000000002
0.2379999999999997
0.001000000000000282
-0.8160000000000006
0.205
0.45300000000000035
0.2960000000000002
-0.001
-0.001
