-461.19099999600616
0.0
-0.015000000000000006
9.64099999999995
7.590999999998056
-4.457999999996847
-14.623999999998327
-6.0879999999995515
-19.6020000000006
0.0
17.737000000004876
-5.828999999990246
6.335000000013671
5.0940000000007615
-2.186000000001276
2.46999999999526
-0.6259999999999992
0.6060000000000004
2.2099999999979003
-6.543999999991277
-5.9149999999893135
2.497999999991374
-5.604000000008309
0.3339999999999396
1.572000000001575
13.984999999997688
-10.979000000002907
-8.779000000017744
-1.623999999997286
15.898999999952416
5.52300000000564
0.8529999999999953
15.22099999999257
36.812000000003444
8.495999999996249
7.4179999999956445
8.11900000000439
6.433000000004829
-1.1179999999997956
9.802999999997368
0.504999999999999
-10.182999999999796
-2.7039999999979596
6.231000000004873
-8.655999999999747
3.2420000000037312
7.190999999997003
1.7729999999994779
0.0
0.0
