-284.80500000017713
0.0
0.0
-1.5119999999999443
-7.183999999996168
1.3260000000003869
-16.620999999994094
3.9729999999995433
-3.0429999999997723
-2.9179999999999002
-10.305999999999745
1.710999999998757
1.9329999999998906
-1.4980000000028506
-0.6409999999999344
1.1259999999997083
-2.611000000000311
-10.364999999999695
3.8229999999997437
-4.098999999998686
-1.8509999999996025
2.8359999999972567
-2.013000000001738
1.0720000000002647
9.203999999997146
-1.5939999999999352
-10.970999999997865
-8.665999999998522
-2.2770000000015957
13.883999999973687
1.7129999999983039
0.45099999999999685
6.44800000000213
-4.56799999999986
8.827999999996313
1.121999999999454
3.47199999999799
7.555000000007713
-1.7740000000008336
8.999000000002486
-1.193999999999944
-1.320999999999989
5.312999999998949
0.6389999999999998
-14.053999999985626
-4.7899999999993925
11.33300000001141
0.05300000000002333
0.0
0.0
