-576.986999993268
0.0
0.0
-13.437000000002085
7.7829999999981325
-9.184000000003907
-12.526000000007949
7.362999999999917
-4.390999999998197
-1.1439999999999848
0.551
1.4689999999984995
5.114999999992201
-0.5319999999999864
-1.5480000000002052
6.311999999994905
-17.18199999999247
9.747999999999811
5.954999999998442
-7.347999999992441
-4.2539999999997455
3.8419999999930137
-3.9860000000049944
0.3709999999999726
7.502999999996815
0.07000000000000005
-14.559999999996466
-12.21199999999744
-0.15299999999985833
22.559000000116537
7.019000000003796
2.367000000000952
14.187000000001188
29.88400000000102
15.04999999999606
4.092999999997869
6.411999999990024
9.423999999991599
0.6670000000001115
10.828999999987632
2.3919999999998187
-13.53699999999787
-1.053999999999352
-0.3129999999999575
-6.550999999991734
-8.077999999998454
12.74700000001888
8.518000000003937
11.086000000000391
0.0
