-188.1020000005341
0.0
0.0
1.2430000000000019
2.999000000002285
8.522999999996971
-6.787999999997788
-3.5090000000000217
-4.165999999998414
0.0
5.635000000000357
1.6390000000000688
1.4899999999984577
2.237999999999014
0.9679999999997844
2.659999999998832
2.6480000000002413
-3.7369999999996995
-1.4559999999999715
-1.7390000000006447
-2.3339999999988392
-0.08099999999963103
-1.2600000000011111
-1.7939999999984537
3.18300000000025
0.0
-8.246000000002523
-3.459999999997981
-0.9479999999999932
6.060999999993408
2.6640000000047186
-2.0609999999966764
5.856999999995428
-11.315999999999168
2.315999999999318
3.2329999999946137
3.329999999998492
2.1620000000004094
-0.05899999999998859
3.5589999999948896
5.668000000000413
-2.1569999999998735
-1.346999999998558
-1.538999999999918
-0.3130000000000002
-5.164999999999159
9.192000000000542
-1.6820000000003898
0.0
0.0
