-600.1429999927204
0.0
0.0
15.818000000001947
1.8189999999992705
-3.2549999999983514
-18.75700000000169
7.219000000003499
-21.355999999998964
-0.011000000000000003
-1.0369999999999915
-2.2680000000024143
5.071999999994923
1.991999999988982
-0.9219999999999897
5.843000000001236
-6.563000000003387
9.976000000000088
9.614000000006413
-7.2209999999939445
-6.983999999998722
4.142999999986857
-5.7980000000156515
-3.2160000000019755
4.426999999999601
-3.494999999999726
-13.91599999999963
-11.411000000016758
-2.5849999999939595
24.688000000111156
6.868000000022727
4.083999999992981
11.595999999986836
10.041999999999872
8.921000000000005
5.474999999998581
9.656999999989322
8.615000000018695
1.7919999999971175
11.397999999993267
2.858000000000626
1.5659999999999386
-0.04300000000000807
0.5709999999999972
-11.255999999983452
-1.9809999999952197
4.312999999999958
9.562000000002561
9.746999999999572
0.0
