-781.2099999884388
0.0
0.0
2.4389999999996257
19.48999999999821
-1.647999999997545
-21.793000000001204
6.9820000000006255
-9.849000000001617
-2.2289999999999766
1.7810000000010717
-4.40199999999858
7.503999999996533
3.6929999999962866
-6.258000000004239
7.616000000004774
-16.566999999989168
-0.07400000000000005
8.279000000001735
-10.964999999988247
-8.18100000001353
7.534999999986099
-3.8970000000042337
-1.0119999999997662
0.6219999999999967
0.11300000000000009
-21.772000000020018
-11.593000000008432
-3.8379999999914562
29.570000000239876
9.683999999986282
-2.57999999999751
19.077999999994475
0.2340000000000002
13.57300000001077
7.3719999999973576
10.836000000004312
11.25599999996847
1.6979999999977824
16.706999999987758
3.160000000001076
-20.090000000001552
2.2810000000026194
2.939000000005926
-12.153999999968581
-10.909000000006706
17.527000000010204
16.16200000000518
12.575000000001923
-0.002
