-324.3799999992413
0.0
0.0
-9.121000000000109
-4.03699999999983
0.30700000000000044
-15.639000000012087
-3.8819999999996835
-27.612000000002784
0.0
12.783999999999015
-2.279000000002163
2.532999999996475
-0.4359999999998284
-0.6109999999999264
3.496999999999608
-5.200000000003514
-0.022000000000000006
0.857
-2.8670000000014175
-6.503000000003828
3.3399999999933443
-3.0280000000010516
0.013000000000064942
2.011000000001263
9.049000000000424
-7.93300000000898
-5.998000000003297
-0.6060000000000177
11.876999999971467
4.8070000000055195
-1.2379999999990838
16.765000000000505
28.283000000011583
12.489999999997462
3.4259999999957196
4.852999999994835
7.636000000004523
1.2569999999994925
5.690999999991113
-2.6280000000001573
-12.580999999998467
-1.96599999999926
0.8620000000000018
-7.899999999992653
-4.663999999994375
8.96900000000069
3.3489999999997107
0.2780000000000002
-0.001
