-849.2939999868288
0.0
0.0
4.714999999998373
5.278000000002224
-3.1259999999984522
-25.209000000017927
9.834999999999763
-17.051000000000606
-7.1139999999994386
-5.248000000002494
-0.8689999999999342
4.386999999989884
2.061999999987571
-5.539000000009816
8.07400000001791
-13.153999999996394
1.6610000000005984
7.741000000000636
-10.845000000004141
-10.879000000054209
5.200999999983284
-4.774000000008631
-3.9420000000056388
1.605000000001014
1.3339999999999639
-16.586999999997744
-15.375999999980216
-3.3789999999989844
34.786000000270754
9.89599999998669
0.7219999999999149
23.96999999999866
11.829000000000336
14.638999999996395
10.276999999978933
11.169999999987136
13.679999999927956
3.4909999999940684
18.245999999995657
3.066999999998203
-14.602999999997346
1.3080000000014014
4.698000000009477
-10.320999999971344
-7.229999999990682
13.90200000002163
18.06900000000396
7.169999999997845
0.001
