-2734.548000098351
0.0
0.0
5.7249999999920576
18.625000000004302
-8.638000000016843
-77.47400000001528
15.98199999998615
-51.75199999992869
-12.57600000000087
-17.4539999999758
6.275999999999483
14.472999999953705
5.18300000000439
-10.581999999972862
23.49099999994269
-38.5580000000076
10.062000000001914
7.309999999987528
-27.94600000016958
-27.579999999957483
18.358000000114195
-13.693000000019522
-12.267000000007801
6.716999999981309
23.546000000005794
-67.5819999998479
-45.652000000081344
-10.838000000128435
111.03699999989847
33.657999999803074
0.9590000000148281
73.43399999995663
29.896000000013547
53.185999999972545
27.610000000207904
33.863000000170985
41.578000000369265
5.480000000001735
56.49800000008313
14.93599999999494
-28.63200000001201
5.1809999999799174
15.165000000052007
-36.54200000001719
-29.434000000025332
44.90700000012383
50.456999999997734
26.09199999998585
0.002
