-350.55999999862223
0.0
0.0
0.0
0.0
0.0
0.0
0.0
0.0
0.0
0.0
0.0
0.0
0.0
0.0
0.0
0.0
0.0
0.0
0.0
0.0
0.0
0.0
0.0
0.0
0.0
0.0
0.0
0.0
0.0
0.0
0.0
0.0
0.0
0.0
0.0
0.0
-1.1839999999999804
-1.1839999999999804
-1.1839999999999804
-1.1839999999999804
-0.001
-0.004
-0.004
-0.003
4.889999999999968
4.889999999999968
4.892999999999969
0.0
0.0
0.0
0.0
0.0
0.0
0.0
0.0
0.0
0.0
0.0
0.0
0.0
0.0
0.0
-0.002
0.0
0.0
-1.1839999999999804
-2.4399999999998423
-2.044999999999886
-2.050999999999885
-7.757000000000925
3.4369999999997325
1.3379999999999634
-1.5609999999999389
3.6209999999997122
-2.7379999999998095
-2.7359999999998097
0.2820000000000002
-0.004
-0.004
-0.001
-0.001
0.0
0.0
0.0
0.0
0.0
0.0
0.0
0.0
0.0
0.0
0.0
-0.002
-0.001
2.8289999999997995
1.8899999999999026
3.4919999999997264
2.0189999999998887
10.177999999999798
5.212000000000075
14.025999999997666
-12.761999999998366
-7.11200000000071
-2.432999999999843
0.4100000000000003
-14.074999999997639
1.3859999999999582
5.691000000000235
-0.4290000000000003
-2.0759999999998824
-0.001
0.0
0.0
0.0
0.0
0.0
0.0
0.0
0.0
0.0
-3.1999999999997586
-3.1939999999997593
0.25300000000000017
2.3459999999998526
3.0999999999997696
-0.17800000000000013
4.228999999999747
4.02899999999968
10.850999999999425
3.7309999999997
4.825999999999946
9.188000000000347
3.357999999999741
-0.21800000000000017
0.8580000000000007
-8.547000000000702
1.886999999999903
-0.7550000000000006
3.91299999999968
-2.078999999999882
3.5839999999997163
3.584999999999716
0.0
0.0
0.0
0.0
0.0
-0.003
-0.003
-0.8390000000000006
-3.1649999999997624
-4.378999999999797
9.079000000000407
7.476000000000831
-0.6670000000000005
4.733999999999916
15.970999999996588
-13.690999999997851
8.10100000000095
3.4459999999997315
2.1569999999998735
4.112999999999708
12.780999999998356
-2.933999999999788
5.109000000000041
-6.90300000000064
1.8619999999999057
-2.433999999999843
-3.4359999999997326
3.5749999999997173
3.5829999999997164
-0.001
0.0
0.0
0.0
0.0
0.0
6.33400000000045
-3.4349999999997327
-11.67299999999897
-0.34300000000000025
-1.604999999999934
-4.92699999999998
-1.0020000000000004
-1.7249999999999208
8.115000000000942
0.6480000000000005
-12.979999999998245
13.050999999998206
-2.0549999999998847
3.986999999999672
11.899999999998844
-6.81200000000061
4.192999999999735
2.3649999999998506
8.194000000000898
-2.586999999999826
-8.200000000000895
-5.176000000000063
-0.007
-0.001
-0.001
0.0
0.0
0.0
6.338000000000451
4.190999999999734
-2.9549999999997856
-0.03800000000000003
2.205999999999868
12.388999999998573
-0.6240000000000004
-2.3769999999998492
-10.142999999999818
15.649999999996766
6.717000000000578
-3.3569999999997413
-12.841999999998322
2.5039999999998352
-12.492999999998515
1.6399999999999302
-4.103999999999705
-14.507999999997399
-6.176000000000397
-6.452000000000489
2.250999999999863
-2.470999999999839
-7.44200000000082
-2.2639999999998617
-0.001
-0.001
0.0
0.0
0.0
6.338000000000451
4.189999999999734
-2.7269999999998107
-2.634999999999821
-3.7459999999996985
5.642000000000219
7.205000000000741
5.840000000000285
1.1289999999999865
-2.6839999999998154
-0.33800000000000024
7.3150000000007775
8.627000000000658
-12.438999999998545
8.067000000000968
9.68800000000007
4.427999999999813
1.8729999999999045
3.803999999999692
6.206000000000407
4.883999999999966
-3.0649999999997735
-6.103000000000373
-4.861999999999958
-0.001
0.0
0.0
0.0
0.0
-7.671000000000896
6.205000000000407
-1.2579999999999723
-0.7290000000000005
5.215000000000076
11.019999999999332
-17.50299999999841
3.2209999999997563
1.696999999999924
-0.8820000000000007
-6.322000000000446
8.700000000000617
2.7359999999998097
-3.866999999999685
-4.608999999999874
23.00400000000513
4.516999999999843
23.138000000005295
-2.5299999999998324
4.623999999999879
6.479000000000498
4.318999999999777
7.314000000000777
-2.624999999999822
0.0
0.0
0.0
0.0
0.0
-7.671000000000896
-0.1290000000000001
3.793999999999693
-6.57300000000053
-1.5729999999999376
0.8610000000000007
-6.038000000000351
-4.103999999999705
0.22400000000000017
19.193000000000474
4.122999999999712
-10.942999999999374
-7.671000000000896
17.67699999999862
2.9389999999997873
-4.558999999999857
-3.8369999999996884
0.23900000000000018
8.3710000000008
1.8919999999999024
-9.20000000000034
-7.763000000000927
4.0719999999996945
-2.198999999999869
0.0
0.0
0.0
0.0
0.0
-0.12800000000000009
-0.1300000000000001
5.254000000000089
0.09400000000000007
-14.944999999997156
-13.616999999997892
-14.889999999997187
-13.695999999997849
-7.421000000000813
-12.831999999998327
-6.264000000000427
-14.742999999997268
-0.18500000000000014
-8.132000000000932
-0.8910000000000007
7.931000000000983
-8.009000000001
0.9620000000000007
-3.6649999999997074
4.734999999999916
-6.053000000000356
3.4839999999997273
3.55199999999972
10.045999999999871
0.0
0.0
0.0
0.0
-0.12800000000000009
-0.12800000000000009
4.061999999999691
-3.7889999999996937
-8.627000000000658
-16.352999999997003
-18.276999999999354
-22.195000000004143
-3.713999999999702
-13.143999999998154
-19.16400000000044
-13.731999999997829
-6.119000000000378
-0.2730000000000002
-3.722999999999701
0.43300000000000033
-8.092000000000954
-2.8939999999997923
13.701999999997845
-13.305999999998065
6.028000000000348
-15.224999999997001
-2.0029999999998904
2.6089999999998237
7.86100000000096
0.0
0.0
0.0
0.0
-0.12800000000000009
-0.12800000000000009
0.6980000000000005
-8.332000000000821
1.6919999999999245
-2.250999999999863
-17.382999999998262
-2.450999999999841
-4.0329999999996815
-6.7520000000005895
-2.2029999999998684
-9.16400000000036
-19.195000000000476
1.1819999999999806
3.8929999999996823
-14.46799999999742
-0.44400000000000034
-19.528000000000883
6.464000000000493
2.042999999999886
1.478999999999948
7.332000000000783
-3.2469999999997534
-2.013999999999889
-4.204999999999739
0.0
0.0
0.0
0.0
-0.12800000000000009
-0.12800000000000009
4.0629999999996915
9.066000000000415
-0.9690000000000007
-10.363999999999695
8.110000000000944
10.472999999999635
11.272999999999191
-9.817999999999998
7.480000000000833
6.525000000000514
-5.5630000000001925
3.6529999999997087
3.6569999999997083
3.64199999999971
1.268999999999971
-0.5280000000000004
8.991000000000456
-11.51099999999906
-5.979000000000331
0.5920000000000005
0.8620000000000007
14.400999999997458
3.013999999999779
9.971999999999912
0.0
0.0
0.0
0.0
-0.12800000000000009
4.0629999999996915
13.252999999998094
15.520999999996837
5.480000000000165
-4.606999999999873
1.8539999999999066
2.8659999999997954
13.461999999997978
11.207999999999227
11.47299999999908
4.931999999999982
25.455000000008127
1.531999999999942
6.940000000000652
5.0750000000000295
6.7670000000005945
-8.057000000000974
7.666000000000895
-0.7940000000000006
3.1469999999997644
0.8040000000000006
-10.257999999999754
4.164999999999726
11.786999999998907
0.0
0.0
0.0
0.0
0.0
4.470999999999828
2.779999999999805
11.467999999999083
-3.052999999999775
-0.4190000000000003
9.099000000000396
-1.740999999999919
-6.7460000000005875
5.004000000000006
18.60999999999976
8.091000000000955
14.634999999997328
-0.01800000000000001
-0.32000000000000023
-7.068000000000695
-16.289999999996926
-6.479000000000498
6.383000000000466
3.4289999999997334
-13.149999999998151
-4.937999999999984
-6.923000000000647
4.0539999999996885
11.786999999998907
0.0
0.0
0.0
0.0
0.0
-2.6039999999998242
-1.6659999999999273
6.067000000000361
13.878999999997747
-0.49900000000000033
-14.013999999997672
2.09599999999988
9.9949999999999
20.94000000000261
18.188999999999247
16.051999999996635
1.2449999999999737
7.342000000000787
7.417000000000812
4.696999999999903
1.5439999999999408
7.280000000000766
7.8450000000009545
11.929999999998827
-2.5289999999998325
3.650999999999709
23.40300000000562
10.795999999999456
9.971999999999912
0.0
0.0
0.0
0.0
0.0
-6.100000000000372
-11.122999999999275
0.9580000000000007
13.92799999999772
3.215999999999757
1.7069999999999228
3.013999999999779
9.347000000000259
-0.3000000000000002
13.991999999997685
7.932000000000984
7.3060000000007745
6.473000000000496
12.382999999998576
8.866000000000525
-7.17200000000073
12.639999999998434
-9.9939999999999
-1.2379999999999745
6.625000000000547
10.323999999999717
23.914000000006244
4.734999999999916
9.971999999999912
0.0
0.0
0.0
0.0
0.33500000000000024
1.9189999999998995
3.8629999999996856
-1.1029999999999893
34.40300000001052
4.56699999999986
8.954000000000477
5.250000000000088
-5.0480000000000205
11.193999999999235
19.838000000001262
12.659999999998423
21.12100000000283
5.302000000000105
-3.5179999999997236
16.7589999999975
-13.091999999998183
-6.312000000000443
-0.6700000000000005
10.129999999999825
-1.3739999999999595
2.768999999999806
9.230000000000324
9.719000000000053
3.469999999999729
0.0
0.0
0.0
0.0
0.33500000000000024
-5.211000000000075
5.55500000000019
-6.6260000000005475
-2.225999999999866
-9.773000000000023
13.255999999998092
-5.471000000000162
3.448999999999731
11.000999999999342
11.567999999999028
6.532000000000516
-2.243999999999864
-2.5209999999998334
2.0189999999998887
-4.771999999999928
-7.7550000000009245
11.54699999999904
5.870000000000295
-0.02900000000000002
-1.9389999999998973
11.407999999999117
1.2839999999999694
0.6950000000000005
3.469999999999729
0.0
0.0
0.0
0.0
0.33500000000000024
2.398999999999847
0.09200000000000007
-3.1669999999997622
-7.260000000000759
-16.184999999996798
-0.2740000000000002
2.852999999999797
5.208000000000074
13.184999999998132
-3.740999999999699
4.533999999999849
2.7539999999998077
-14.187999999997576
-6.517000000000511
2.64199999999982
9.051000000000423
6.506000000000507
3.3929999999997373
13.437999999997992
6.1920000000004025
3.5909999999997155
1.9359999999998976
6.630000000000549
3.469999999999729
0.0
0.0
0.0
0.0
0.0
0.3080000000000002
-3.179999999999761
-1.7919999999999134
3.423999999999734
4.890999999999968
-6.87300000000063
6.938000000000652
1.7269999999999206
8.836000000000542
22.466000000004474
-1.6709999999999268
-0.7220000000000005
4.432999999999815
4.880999999999965
5.696000000000237
23.291000000005482
11.303999999999174
-3.4359999999997326
-12.48599999999852
-4.271999999999761
1.6579999999999282
-0.16500000000000012
3.159999999999763
2.91399999999979
0.0
0.0
0.0
0.0
0.0
-2.659999999999818
1.8789999999999039
-15.828999999996666
11.244999999999207
14.301999999997513
-1.0439999999999958
-3.141999999999765
0.9980000000000007
-3.4389999999997323
-14.489999999997409
-4.736999999999917
-10.42699999999966
-3.306999999999747
3.1459999999997645
-5.19700000000007
11.36599999999914
6.811000000000609
0.6980000000000005
9.844999999999983
6.739000000000585
4.220999999999744
-3.8249999999996898
2.91399999999979
2.91399999999979
0.0
0.0
0.0
0.0
0.0
-2.6549999999998186
-1.0929999999999904
-1.0989999999999898
-2.7029999999998133
6.759000000000592
-11.340999999999154
-3.686999999999705
1.1889999999999799
-3.903999999999681
2.024999999999888
-2.6559999999998185
0.7420000000000005
0.5600000000000004
5.553000000000189
-5.627000000000214
3.669999999999707
17.687999999998635
12.979999999998245
7.549000000000856
2.586999999999826
-0.45000000000000034
0.0
0.0
0.0
0.0
0.0
0.0
0.0
0.0
0.0
0.0
-4.103999999999705
-7.631000000000883
-3.5379999999997214
-8.11700000000094
-9.52700000000016
-8.014000000000998
-8.015000000000997
-2.959999999999785
-0.010000000000000002
-0.7300000000000005
-2.8649999999997955
-3.468999999999729
6.2100000000004085
9.070000000000412
9.21900000000033
9.21900000000033
-0.45800000000000035
-0.45800000000000035
0.0
0.0
0.0
0.0
0.0
0.0
0.0
0.0
0.0
0.0
0.0
0.0
-3.5269999999997226
-3.5269999999997226
-3.5269999999997226
-0.47900000000000037
-0.47900000000000037
0.0
-0.001
-0.001
-0.001
-0.001
-0.001
0.0
0.0
0.0
0.0
0.0
0.0
0.0
0.0
0.0
0.0
0.0
0.0
0.0
