-1505.2899999713165
0.0
0.0
0.0
0.0
0.0
0.0
0.0
0.0
0.0
0.0
0.0
0.0
0.0
0.0
0.0
0.0
0.0
0.0
0.0
0.0
0.0
0.0
0.0
0.0
0.0
0.0
0.0
0.0
0.0
0.0
0.0
0.0
0.0
0.0
0.0
0.0
0.0
0.0
0.0
-0.001
-0.001
0.0
0.0
0.0
19.42800000000076
19.42800000000076
19.423000000000755
-0.003
-0.003
-0.001
-0.001
0.0
0.0
0.0
0.0
0.0
0.0
0.0
0.0
0.0
0.0
0.0
-0.001
0.0
0.0
0.0
-5.690000000000235
-2.5549999999998296
-2.5559999999998295
-29.543000000013123
37.12000000000419
25.955000000008738
-2.7309999999998102
0.8380000000000007
-6.368000000000461
-4.679999999999898
-1.5939999999999352
-7.535000000000851
-6.742000000000586
-6.741000000000586
0.0
0.0
0.0
0.0
0.0
0.0
0.0
0.0
0.0
0.0
0.0
0.0
0.0
0.0
7.938000000000986
-6.344000000000453
-0.4420000000000004
11.705999999998951
26.70100000000965
47.99799999997884
47.76599999997938
-37.337000000003684
-15.64099999999677
-6.990000000000669
-9.97599999999991
-44.20699999998767
-2.6449999999998197
22.354000000004337
9.156000000000365
-5.062000000000025
-0.001
-0.015000000000000006
0.0
0.0
0.0
0.0
0.0
0.0
0.0
-0.001
-12.564999999998475
-12.562999999998476
-0.4000000000000003
17.174999999998008
4.858999999999957
17.310999999998174
8.273000000000854
-12.265999999998641
37.70400000000283
41.50199999999398
44.656999999986624
36.569000000005474
1.8199999999999104
-14.35999999999748
-6.519000000000512
-17.4969999999984
1.3629999999999607
-1.7269999999999206
25.479000000008156
-2.0579999999998844
15.649999999996766
15.664999999996757
0.0
0.0
0.0
0.0
0.0
0.0
-0.001
-5.5750000000001965
-14.03599999999766
-11.810999999998893
54.33499999996407
33.762000000012016
-10.26599999999975
14.312999999997507
75.8469999999981
-54.370999999963985
5.534000000000183
28.45300000001179
-2.46199999999984
23.057000000005196
63.804999999942
-27.171000000010224
17.76499999999873
-24.425000000006868
14.57899999999736
-11.78099999999891
2.223999999999866
15.340999999996937
15.343999999996935
-0.32100000000000023
0.0
0.0
0.0
0.0
0.0
22.94500000000506
-21.631000000003453
-44.922999999986004
4.699999999999904
-12.892999999998294
-18.439999999999554
0.6540000000000005
-2.7999999999998026
60.33799999995008
1.0409999999999962
-46.5969999999821
58.64699999995402
-9.77700000000002
7.429000000000816
38.898000000000046
-10.87999999999941
12.202999999998676
-1.6399999999999302
10.451999999999646
-5.859000000000291
-25.026000000007603
-14.889999999997187
-0.5530000000000004
-0.32100000000000023
-0.32100000000000023
0.0
0.0
0.0
22.95300000000507
21.290000000003037
-19.726000000001125
13.193999999998127
6.742000000000586
56.794999999958335
-1.4009999999999565
-14.195999999997571
-33.8560000000118
41.62399999999369
18.114999999999156
-23.19000000000536
-35.91100000000701
16.736999999997472
-28.7050000000121
12.071999999998749
-6.181000000000399
-59.201999999952726
-6.63300000000055
-12.28699999999863
18.752999999999936
-8.609000000000668
-26.577000000009498
-12.238999999998656
-0.32100000000000023
-0.32100000000000023
0.0
0.0
0.0
22.95300000000507
21.289000000003035
-10.798999999999454
0.8270000000000006
-17.435999999998327
3.150999999999764
41.047999999995035
25.99900000000879
-4.645999999999886
12.908999999998285
-13.633999999997883
20.977000000002654
19.515000000000867
-47.9709999999789
9.191000000000345
29.002000000012462
34.998000000009135
22.52800000000455
13.120999999998167
20.321000000001852
21.109000000002816
-16.246999999996873
-30.348000000014107
-23.508000000005747
-0.32100000000000023
0.0
0.0
0.0
-0.008
-29.984000000013662
22.93600000000505
-7.239000000000752
0.6350000000000005
18.891000000000105
30.190000000013914
-44.55999999998685
8.761000000000584
14.784999999997245
0.9700000000000008
-43.55999999998918
30.840000000014708
20.995000000002676
-7.377000000000798
-34.307000000010746
100.42500000011546
13.486999999997964
73.74499999998807
-12.444999999998542
17.812999999998787
27.575000000010718
-0.6560000000000005
30.303000000014052
-11.590999999999015
0.0
0.0
0.0
0.0
-0.007
-29.984000000013662
-0.011000000000000003
23.64000000000591
-18.766999999999953
-13.02499999999822
3.0079999999997797
-23.409000000005626
-20.98200000000266
9.169000000000358
33.41300000001283
23.42900000000565
-3.6989999999997036
-29.750000000013376
63.22599999994335
3.0989999999997697
-14.695999999997294
5.0420000000000185
-6.399000000000472
37.43600000000345
7.3820000000008
-22.763000000004837
-22.694000000004753
4.264999999999759
-16.446999999997118
0.0
0.0
0.0
0.0
0.0
-0.009000000000000001
-0.012000000000000004
33.668000000012235
13.498999999997958
-69.30499999996687
-63.78799999994204
-55.36799999996166
-44.1509999999878
-65.88899999995056
-42.948999999990605
-6.063000000000359
-70.8209999999741
-21.696000000003533
2.5089999999998347
24.339000000006763
28.161000000011434
-41.262999999994534
15.253999999996985
-18.58499999999973
11.679999999998966
-24.332000000006754
1.9619999999998947
10.742999999999485
41.82399999999323
0.0
0.0
0.0
0.0
-0.009000000000000001
-0.009000000000000001
18.29099999999937
0.1570000000000001
-20.816000000002457
-73.0819999999849
-102.18000000012384
-74.59399999999212
-27.65000000001081
-12.720999999998389
-61.80999999994665
-69.54799999996803
-34.27500000001082
7.551000000000856
-30.53200000001433
-8.415000000000775
-2.9939999999997813
-36.31200000000607
35.045000000009026
-54.74099999996312
21.083000000002784
-70.55599999997284
-9.30900000000028
4.150999999999721
54.975999999962575
30.00000000001368
0.0
0.0
0.0
-0.009000000000000001
-0.009000000000000001
10.559999999999587
-33.61100000001237
-0.8900000000000007
-7.169000000000729
-52.84899999996753
5.394000000000136
-37.800000000002605
-7.11200000000071
-16.09599999999669
-30.49700000001429
-70.19499999997112
3.7169999999997017
14.355999999997483
-67.87399999996003
23.6320000000059
-60.029999999950796
35.15900000000876
3.6749999999997063
-8.576000000000686
14.562999999997368
9.969999999999914
17.286999999998145
13.398999999998013
30.00000000001368
0.0
0.0
0.0
-0.009000000000000001
-0.009000000000000001
18.28999999999937
36.71200000000514
18.808000000000003
-25.518000000008204
17.665999999998608
19.407000000000735
42.776999999991006
-20.13000000000162
24.846000000007383
25.625000000008335
-22.129000000004062
-0.22000000000000017
21.590000000003403
-20.071000000001547
1.051999999999995
-1.1749999999999814
28.8710000000123
-51.67299999997027
-35.11700000000886
-13.319999999998057
-12.79199999999835
36.79000000000496
19.848000000001274
30.00000000001368
0.0
0.0
0.0
0.0
-0.009000000000000001
18.29099999999937
46.462999999982415
74.98299999999398
12.892999999998294
13.121999999998167
22.064000000003983
18.180999999999237
33.79300000001194
43.26399999998987
47.33099999998039
56.20599999995971
96.89800000009862
-11.062999999999308
1.9429999999998968
13.582999999997911
7.208000000000742
-31.1600000000151
45.92999999998366
18.120999999999164
23.572000000005826
3.433999999999733
-34.54500000001019
12.30299999999862
60.00199999995086
0.0
0.0
0.0
0.0
-0.007
8.938000000000486
9.199000000000341
37.56600000000315
-15.975999999996585
5.979000000000331
38.44100000000111
-9.835999999999988
-14.430999999997441
27.063000000010092
85.21300000004283
34.9710000000092
52.79499999996766
40.34599999999667
-10.59099999999957
-33.381000000012904
-66.43499999995316
-6.317000000000444
21.297000000003045
-7.14400000000072
-40.391999999996564
-24.805000000007333
-25.8410000000086
34.85000000000948
60.00199999995086
0.0
0.0
0.0
0.0
-0.008
-11.957999999998812
8.449000000000757
10.618999999999554
33.299000000013095
-26.08000000000889
-33.10900000001354
5.97500000000033
26.198000000009035
71.82899999997892
81.15500000002345
55.241999999961955
20.643000000002246
19.26200000000056
34.36500000001061
1.3289999999999644
37.25700000000387
54.117999999964574
31.4070000000154
50.59999999997277
-7.588000000000869
27.164000000010216
107.240000000148
31.835000000015924
30.001000000013683
0.0
0.0
0.0
0.0
-0.001
-36.890000000004726
-22.379000000004368
0.09800000000000007
51.43499999997083
10.132999999999823
38.379000000001255
11.123999999999274
35.993000000006816
-16.191999999996806
79.91100000001751
45.11399999998556
7.190000000000736
29.47600000001304
46.39599999998257
42.26899999999219
-17.941999999998945
27.845000000011048
-50.332999999973396
-18.685999999999854
35.30400000000842
28.176000000011452
82.97900000003216
21.9970000000039
30.001000000013683
0.0
0.0
0.0
0.0
9.480000000000185
2.5729999999998276
29.618000000013215
-12.541999999998488
118.3610000002011
21.068000000002765
40.459999999996406
-3.5479999999997203
14.221999999997557
58.41099999995457
72.20399999998071
53.375999999966304
67.22899999995695
30.224000000013955
-19.073000000000327
52.207999999969026
-49.35999999997566
-21.36600000000313
-15.756999999996706
36.10800000000655
-2.4369999999998426
23.843000000006157
59.1269999999529
39.96999999999755
15.01199999999712
0.0
0.0
0.0
0.0
9.481000000000185
-16.5969999999973
10.746999999999483
-28.480000000011824
17.44699999999834
-45.0109999999858
66.07299999995143
-35.916000000006996
-12.377999999998579
49.12499999997621
53.79299999996533
38.77200000000034
9.693000000000067
-12.984999999998243
11.56299999999903
-17.837999999998818
-44.72799999998646
51.662999999970296
24.814000000007344
0.05300000000000003
-3.0819999999997716
31.353000000015335
6.7130000000005765
9.523000000000161
15.01099999999712
0.0
0.0
0.0
0.0
9.481000000000185
14.206999999997565
-4.888999999999967
9.97499999999991
-14.809999999997231
-56.022999999960135
3.850999999999687
43.65599999998896
16.303999999996943
61.064999999948384
-10.253999999999756
39.16699999999942
20.174000000001673
-64.55199999994417
-26.690000000009636
25.856000000008617
18.66599999999983
11.99599999999879
18.205999999999268
54.97399999996258
14.837999999997216
3.920999999999679
7.498000000000839
25.100000000007693
15.01199999999712
0.0
0.0
0.0
0.0
0.0
3.2379999999997544
-15.987999999996578
-15.49899999999685
22.359000000004343
36.73800000000508
-33.56000000001249
22.29100000000426
-7.2640000000007605
31.410000000015405
68.25599999996186
1.595999999999935
-2.858999999999796
31.18600000001513
15.995999999996576
22.362000000004347
106.51900000014456
55.83499999996057
-23.500000000005738
-43.5519999999892
6.613000000000543
8.800000000000562
5.750000000000255
10.087999999999848
14.117999999997615
0.0
0.0
0.0
0.0
0.0
-1.7099999999999225
10.266999999999749
-44.09699999998793
39.92599999999765
50.84099999997221
-5.446000000000153
-7.7220000000009135
-0.33800000000000024
4.659999999999891
-48.805999999976954
-38.37700000000126
-34.603000000010056
1.9899999999998916
9.736000000000043
-24.91000000000746
47.99799999997884
-1.6189999999999325
2.933999999999788
42.9949999999905
32.6090000000147
31.188000000015133
-12.996999999998236
14.116999999997615
14.116999999997615
0.0
0.0
0.0
0.0
0.0
-1.6929999999999243
2.8119999999998013
-5.773000000000263
0.45500000000000035
43.8949999999884
-57.498999999956695
-16.74199999999748
-1.4939999999999463
-18.320999999999408
12.241999999998654
-7.56300000000086
5.533000000000182
10.956999999999367
23.114000000005266
-6.247000000000421
13.092999999998183
65.10599999994682
38.804000000000265
25.48300000000816
18.400999999999506
1.4169999999999547
-0.001
0.0
0.0
0.0
0.0
0.0
0.0
0.0
0.0
0.0
-20.39400000000194
-35.97400000000686
-20.94800000000262
-41.96699999999289
-41.965999999992896
-29.659000000013265
-29.65400000001326
-10.476999999999633
-1.8479999999999073
-10.892999999999402
-10.719999999999498
-16.511999999997197
13.488999999997963
24.19800000000659
29.986000000013664
29.989000000013668
-0.005
-0.002
-0.001
-0.001
0.0
0.0
0.0
0.0
0.0
0.0
0.0
0.0
0.0
0.0
-15.577999999996806
-15.577999999996806
-15.577999999996806
-0.001
-0.001
0.0
-0.001
-0.001
-0.001
-0.002
-0.002
0.0
0.0
0.0
0.0
0.0
0.0
0.0
0.0
0.0
0.0
0.0
0.0
0.0
