-252.66300000084237
0.0
0.0
0.0
0.0
0.0
0.0
0.0
0.0
0.0
0.0
0.0
0.0
0.0
0.0
0.0
0.0
0.0
0.0
0.0
0.0
0.0
0.0
0.0
0.0
0.0
0.0
0.0
0.0
0.0
0.0
0.0
0.0
0.0
0.0
0.0
0.0
-0.004
-0.004
-0.004
-0.006
-0.002
-0.002
0.0
-0.001
3.321999999999745
3.322999999999745
2.4359999999998427
-1.1179999999999877
0.0
0.0
0.0
0.0
0.0
0.0
0.0
0.0
0.0
0.0
0.0
0.0
0.0
0.0
0.0
0.0
0.0
-0.004
-2.6579999999998183
-2.658999999999818
-2.661999999999818
-6.959000000000659
3.8729999999996845
2.314999999999856
-1.9739999999998934
-8.486000000000736
-2.115999999999878
-1.450999999999951
2.1739999999998716
0.01800000000000001
-0.7690000000000006
-0.7680000000000006
0.0
0.027000000000000017
0.027000000000000017
0.0
0.0
0.0
0.0
0.0
0.0
0.0
0.0
0.0
-0.002
-0.002
3.0389999999997763
2.1129999999998783
3.5269999999997226
-0.4280000000000003
5.34600000000012
4.174999999999729
7.346000000000788
-2.586999999999826
-4.680999999999898
-4.77599999999993
-3.840999999999688
-8.239000000000873
5.524000000000179
8.675000000000631
1.5169999999999437
-1.1109999999999884
0.026000000000000016
0.027000000000000017
0.0
0.0
0.0
0.0
0.0
0.0
0.0
0.0
-1.958999999999895
-1.950999999999896
2.5019999999998355
3.8809999999996836
6.587000000000534
0.9680000000000007
1.8699999999999048
-1.3669999999999602
5.699000000000238
5.269000000000094
5.359000000000124
7.130000000000716
7.700000000000906
-1.0409999999999962
2.3209999999998554
-8.052000000000977
-1.5279999999999425
0.17300000000000013
4.125999999999713
-0.32200000000000023
2.4039999999998463
2.4039999999998463
0.0
0.0
0.0
0.0
0.0
0.0
0.0
-1.958999999999895
-3.3629999999997406
-4.205999999999739
4.112999999999708
8.518000000000718
-4.17699999999973
7.647000000000888
11.378999999999133
-8.286000000000847
2.6089999999998237
12.330999999998605
-1.2449999999999737
3.848999999999687
7.245000000000754
-9.510000000000169
4.680999999999898
5.19700000000007
-5.04600000000002
-6.107000000000374
-0.11600000000000009
2.2759999999998604
2.379999999999849
-0.024000000000000014
0.0
0.0
0.0
0.0
0.0
-0.001
-4.0689999999996935
-9.026000000000437
4.723999999999912
-6.058000000000358
-8.491000000000733
-5.883000000000299
1.5429999999999409
6.293000000000436
-4.575999999999863
-7.208000000000742
7.844000000000954
4.680999999999898
3.9249999999996787
4.92699999999998
-4.516999999999843
2.716999999999812
-2.178999999999871
6.381000000000466
-8.555000000000698
-5.152000000000055
-3.624999999999712
-1.3719999999999597
-0.023000000000000013
-0.023000000000000013
0.0
0.0
0.0
0.0
-0.001
-7.025000000000681
4.5839999999998655
4.4909999999998345
6.060000000000358
-13.346999999998042
-1.9889999999998917
-3.00499999999978
13.65699999999787
1.704999999999923
-4.295999999999769
-9.39800000000023
-1.2179999999999767
-10.891999999999403
9.924999999999939
-3.5549999999997195
-9.450000000000202
1.4489999999999512
-0.7880000000000006
-1.1799999999999808
-5.524000000000179
-4.710999999999908
-2.442999999999842
-0.025000000000000015
-0.023000000000000013
0.0
0.0
0.0
0.0
-0.001
-6.6890000000005685
2.988999999999782
-2.1929999999998695
8.228000000000879
9.766000000000027
2.2669999999998613
-5.6830000000002325
2.4569999999998404
1.2489999999999732
-2.322999999999855
-3.1449999999997647
-6.200000000000405
-2.3269999999998547
-0.4220000000000003
9.370000000000246
3.904999999999681
-5.790000000000268
1.4859999999999471
4.210999999999741
-7.2160000000007445
-6.389000000000468
-5.941000000000319
-0.025000000000000015
0.0
0.0
0.0
-0.001
-4.512999999999842
0.0
-5.1170000000000435
6.69400000000057
3.1759999999997612
1.9749999999998933
2.18699999999987
-0.3120000000000002
3.5089999999997246
-3.168999999999762
-5.904000000000306
5.0960000000000365
13.289999999998074
0.23100000000000018
-8.306000000000836
13.681999999997856
6.03600000000035
13.365999999998031
-1.1709999999999818
7.040000000000686
5.176000000000063
-1.6579999999999282
4.5869999999998665
-3.938999999999677
-0.002
0.0
0.0
0.0
-0.001
-4.512999999999842
0.0
-0.3720000000000003
-0.5110000000000003
-7.2190000000007455
-4.992000000000002
-1.0819999999999916
-6.463000000000493
4.830999999999948
7.944000000000988
2.2949999999998583
5.313000000000109
-3.6349999999997107
4.5089999999998405
2.479999999999838
5.828000000000281
2.18999999999987
-7.649000000000889
2.7739999999998055
-0.47800000000000037
2.105999999999879
-2.5379999999998315
-0.8720000000000007
-6.839000000000619
-0.007
0.0
0.0
0.0
0.0
0.0
-0.001
1.331999999999964
-0.2570000000000002
-13.452999999997983
-5.458000000000157
-8.40600000000078
-8.736000000000598
-11.931999999998826
-7.010000000000676
-6.046000000000354
-11.77999999999891
1.9549999999998955
2.9469999999997865
4.783999999999932
5.1020000000000385
-8.188000000000901
6.277000000000431
-6.297000000000438
2.921999999999789
-0.8330000000000006
0.6120000000000004
5.279000000000098
9.359000000000252
-0.007
0.0
0.0
0.0
0.0
0.0
-0.001
-0.8010000000000006
-4.878999999999964
-14.05299999999765
-14.363999999997478
-4.818999999999944
-6.6710000000005625
2.298999999999858
-9.745000000000038
-3.4549999999997305
-9.789000000000014
5.860000000000292
-4.471999999999828
-4.602999999999872
-4.530999999999848
-4.281999999999765
4.0449999999996855
-9.828999999999992
4.288999999999767
-9.064000000000416
-4.085999999999699
0.6180000000000004
13.744999999997821
9.480000000000185
0.0
0.0
0.0
0.0
0.0
-0.007
-6.371000000000462
-4.0809999999996975
0.9550000000000007
-7.3240000000007806
-2.024999999999888
-2.7649999999998065
-10.020999999999885
-4.378999999999797
2.8169999999998008
-13.227999999998108
-0.03900000000000002
3.9729999999996735
-13.532999999997939
-0.6270000000000004
-9.360000000000252
10.919999999999387
6.2250000000004135
-7.068000000000695
5.791000000000269
4.945999999999986
4.661999999999892
2.525999999999833
9.480000000000185
0.0
0.0
0.0
0.0
0.0
-0.001
1.850999999999907
0.46300000000000036
-1.0459999999999956
-5.181000000000065
4.972999999999995
3.6469999999997094
-6.151000000000389
3.7019999999997033
8.02700000000099
-6.325000000000447
-0.33700000000000024
6.673000000000563
-0.5870000000000004
-6.325000000000447
1.2499999999999731
10.597999999999566
-5.911000000000309
-16.379999999997036
-3.8109999999996913
-2.242999999999864
5.31700000000011
6.1170000000003775
3.840999999999688
0.0
0.0
0.0
0.0
0.0
-0.001
5.0810000000000315
10.796999999999455
-3.1479999999997643
-3.36999999999974
6.403000000000473
1.9149999999999
12.600999999998455
2.0199999999998886
5.712000000000242
3.013999999999779
13.858999999997758
-1.3289999999999644
0.1540000000000001
6.99200000000067
-3.414999999999735
-1.5889999999999358
9.870999999999968
5.008000000000007
6.636000000000551
6.431000000000482
-6.562000000000526
8.791000000000567
13.0609999999982
0.0
0.0
0.0
0.0
-0.002
-5.0630000000000255
-1.7889999999999138
14.409999999997453
-2.795999999999803
9.36200000000025
9.518000000000164
0.1500000000000001
0.18700000000000014
7.6820000000009
7.8630000000009606
8.896000000000509
17.52099999999843
6.988000000000668
2.9489999999997862
-7.585000000000868
-5.777000000000264
-5.904000000000306
3.850999999999687
0.02700000000000001
-5.0420000000000185
-0.9280000000000007
-5.0510000000000215
12.288999999998628
13.0609999999982
0.0
0.0
0.0
0.0
-0.002
-5.080000000000031
3.414999999999735
3.969999999999674
7.190000000000736
-7.401000000000806
-1.3569999999999613
-0.4040000000000003
7.510000000000843
12.287999999998629
12.77299999999836
9.646000000000093
7.138000000000718
-2.1019999999998795
4.468999999999827
-1.341999999999963
0.07500000000000005
14.164999999997589
2.91299999999979
3.2209999999997563
-1.8449999999999076
2.5839999999998264
18.46099999999958
3.2099999999997575
3.840999999999688
0.0
0.0
0.0
0.0
0.0
-8.346000000000814
-6.579000000000532
-1.885999999999903
5.468000000000161
-8.762000000000583
5.338000000000117
-0.09800000000000007
1.2089999999999776
-3.7729999999996955
14.893999999997185
6.566000000000527
-10.616999999999555
15.167999999997033
3.3299999999997443
1.5829999999999365
-0.9240000000000007
1.5259999999999427
-7.14400000000072
1.7009999999999235
7.83200000000095
5.233000000000082
12.369999999998583
3.2709999999997508
3.840999999999688
-0.006
0.0
0.0
0.0
0.006
-3.848999999999687
5.312000000000109
1.7369999999999195
19.90100000000134
7.062000000000693
11.433999999999102
0.7880000000000006
2.177999999999871
9.791000000000013
8.62200000000066
12.831999999998327
11.822999999998887
4.647999999999887
-1.3029999999999673
9.312000000000278
-7.666000000000895
-8.847000000000536
-0.1480000000000001
6.320000000000445
2.9089999999997906
2.177999999999871
14.389999999997464
6.092000000000369
3.6159999999997128
-0.006
0.0
0.0
0.0
0.006
-0.4880000000000004
1.2529999999999728
-3.0079999999997797
1.3189999999999655
-9.030000000000435
17.32399999999819
-3.948999999999676
-3.2119999999997573
9.16300000000036
18.071999999999104
0.9950000000000007
-2.2089999999998677
-5.679000000000231
3.077999999999772
2.0199999999998886
-13.622999999997889
10.75099999999948
6.631000000000549
-2.6109999999998235
-1.6369999999999305
3.5389999999997213
5.553000000000189
2.968999999999784
3.6159999999997128
0.0
0.0
0.0
0.0
0.006
3.0089999999997796
1.1069999999999889
-0.8430000000000006
-0.05000000000000004
-10.08399999999985
-1.2719999999999707
3.4189999999997345
7.7280000000009155
-0.19800000000000015
-1.6169999999999327
6.053000000000356
6.666000000000561
-7.145000000000721
-4.218999999999744
6.145000000000387
0.2940000000000002
-2.1469999999998746
8.989000000000457
1.568999999999938
1.4159999999999549
-0.8530000000000006
8.819000000000552
3.977999999999673
3.6159999999997128
0.0
0.0
0.0
0.0
0.0
-0.026000000000000016
-7.11300000000071
-4.65799999999989
9.755000000000033
9.332000000000267
-4.987
1.5099999999999445
5.781000000000265
5.1740000000000625
5.140000000000051
3.658999999999708
-5.624000000000213
3.1929999999997594
5.358000000000124
10.735999999999489
12.289999999998628
12.269999999998639
-2.18699999999987
-7.375000000000798
0.35800000000000026
1.9169999999998997
2.0949999999998803
0.36200000000000027
1.7899999999999137
0.0
0.0
0.0
0.0
0.0
0.0
0.44200000000000034
-12.271999999998638
9.396000000000232
10.551999999999591
-0.5380000000000004
0.1340000000000001
-3.1169999999997677
-1.1729999999999816
-5.965000000000327
-7.8480000000009555
-5.359000000000124
1.1469999999999845
-2.4109999999998455
-5.319000000000111
9.462000000000195
2.504999999999835
-2.1769999999998713
3.357999999999741
6.148000000000388
3.5459999999997205
-0.006
1.7899999999999137
1.7899999999999137
0.0
0.0
0.0
0.0
0.0
0.0
-2.1499999999998742
-5.214000000000076
-4.718999999999911
2.0109999999998895
-2.5389999999998314
-2.595999999999825
4.424999999999812
-1.0859999999999912
0.2660000000000002
-3.3079999999997467
1.2439999999999738
2.0739999999998826
8.467000000000747
4.067999999999693
9.584000000000128
15.973999999996586
13.269999999998085
6.927000000000648
3.633999999999711
0.007
-0.007
0.0
0.0
0.0
0.0
0.0
0.0
0.0
0.0
0.0
-5.219000000000078
-7.217000000000745
-5.0720000000000285
-6.997000000000671
-8.30000000000084
-3.2349999999997547
-4.0329999999996815
-0.8110000000000006
-0.8060000000000006
-0.8090000000000006
-0.8070000000000006
-1.9639999999998945
6.798000000000605
6.802000000000606
7.350000000000789
7.356000000000791
-0.6030000000000004
-0.6100000000000004
-0.007
-0.007
0.0
0.0
0.0
0.0
0.0
0.0
0.0
0.0
0.0
0.0
-1.994999999999891
-1.994999999999891
-1.995999999999891
-1.295999999999968
-2.09899999999988
-0.8040000000000006
-0.8040000000000006
-0.8030000000000006
-0.8030000000000006
-0.8030000000000006
0.0
-0.006
-0.006
-0.6030000000000004
-0.6030000000000004
-0.6030000000000004
-0.6030000000000004
0.0
0.0
0.0
0.0
0.0
0.0
0.0
