-243.72900000079972
0.0
0.0
0.0
0.0
0.0
0.0
0.0
0.0
0.0
0.0
0.0
0.0
0.0
0.0
0.0
0.0
0.0
0.0
0.0
0.0
0.0
0.0
0.0
0.0
0.0
0.0
0.0
0.0
0.0
0.0
0.0
0.0
0.0
0.0
0.0
0.0
-0.002
-0.005
-0.005
-0.005
0.0
-0.11000000000000008
-0.11000000000000008
-0.11000000000000008
3.775999999999695
3.775999999999695
3.64299999999971
0.0
0.0
0.0
0.0
0.0
0.0
0.0
0.0
0.0
0.0
0.0
0.0
0.0
0.0
0.0
0.0
0.0
0.0
-0.005
-2.6469999999998195
-2.6469999999998195
-2.6479999999998194
-2.64399999999982
4.209999999999741
1.7979999999999128
-0.6950000000000005
4.048999999999687
-0.22800000000000017
0.7270000000000005
-4.921999999999978
-4.413999999999809
-2.8749999999997944
-2.8749999999997944
-2.870999999999795
0.001
0.001
0.0
0.0
0.0
0.0
0.0
0.0
0.0
0.0
0.0
0.0
-0.001
2.7369999999998096
-1.0899999999999908
-1.0919999999999905
4.407999999999807
13.500999999997957
2.488999999999837
6.170000000000395
-4.277999999999763
-2.9009999999997915
-4.879999999999964
-1.3539999999999617
-7.208000000000742
-1.3889999999999578
3.5629999999997186
5.01700000000001
-2.797999999999803
0.001
0.001
0.0
0.0
0.0
0.0
0.0
0.0
0.0
-0.001
-0.21800000000000017
2.5129999999998343
1.4089999999999556
2.531999999999832
0.9850000000000008
1.3579999999999612
-4.245999999999753
1.150999999999984
-0.3770000000000003
4.885999999999966
11.341999999999153
3.7449999999996986
-1.7789999999999149
-7.8360000000009515
3.54999999999972
-9.92199999999994
-2.152999999999874
1.2639999999999716
9.384000000000238
-0.004
-0.001
0.0
0.0
0.0
0.0
0.0
0.0
0.0
-0.001
-0.22000000000000017
-0.007
-2.4549999999998406
-1.27799999999997
2.1639999999998727
10.417999999999665
-2.8479999999997974
12.569999999998473
-5.6710000000002285
6.09500000000037
-0.44300000000000034
2.168999999999872
5.381000000000132
9.460000000000196
0.023000000000000007
7.066000000000694
-2.9369999999997876
-2.7109999999998124
2.4009999999998466
0.07600000000000005
-1.160999999999983
0.0
0.0
0.0
0.0
0.0
0.0
0.0
-0.004
-4.611999999999875
-8.342000000000816
2.253999999999863
-3.0749999999997724
-6.494000000000503
-4.099999999999704
2.7379999999998095
9.278000000000297
-0.11000000000000008
-7.365000000000794
5.322000000000112
-0.16600000000000012
6.928000000000648
9.971999999999912
-1.8069999999999118
-1.178999999999981
-5.0900000000000345
-1.09699999999999
-0.45600000000000035
-5.972000000000329
-2.4649999999998395
-0.007
0.0
0.0
0.0
0.0
0.0
0.0
-0.5010000000000003
-6.452000000000489
4.214999999999742
4.853999999999956
9.444000000000205
-2.507999999999835
-3.2939999999997482
-7.1770000000007315
5.356000000000123
5.745000000000253
1.2279999999999756
-4.492999999999835
2.4729999999998387
-9.135000000000376
2.4949999999998362
-10.430999999999658
-12.981999999998244
0.9780000000000008
-1.5109999999999444
0.22600000000000017
-1.5359999999999416
-3.421999999999734
-0.9600000000000007
0.0
0.0
0.0
0.0
0.0
0.0
-0.5010000000000003
-2.9369999999997876
2.0479999999998855
-5.293000000000102
4.906999999999973
15.666999999996756
3.612999999999713
2.8259999999998
-1.3579999999999612
-8.166000000000913
-1.3249999999999649
0.06700000000000005
-9.00300000000045
0.49600000000000044
-0.4250000000000004
12.093999999998736
4.997000000000003
-1.5939999999999352
5.145000000000053
2.18799999999987
-5.859000000000291
-3.421999999999734
-2.777999999999805
0.0
0.0
0.0
0.0
-0.006
-4.632999999999882
-0.005
-3.3529999999997417
4.368999999999794
5.142000000000052
2.023999999999888
-7.062000000000693
2.903999999999791
-2.677999999999816
0.46000000000000035
-6.63400000000055
2.034999999999887
10.035999999999877
2.9269999999997887
-6.451000000000489
18.24199999999931
5.621000000000212
14.317999999997504
-1.2769999999999702
5.192000000000069
1.6699999999999269
-1.8649999999999054
4.919999999999978
-1.8219999999999101
0.0
0.0
0.0
0.0
-0.006
-4.632999999999882
-0.001
3.6079999999997137
-3.9259999999996786
-6.699000000000572
-1.7579999999999172
-6.613000000000543
-7.475000000000831
1.132999999999986
13.100999999998178
8.863000000000527
-0.7170000000000005
-7.251000000000756
8.092000000000954
3.078999999999772
-3.431999999999733
3.159999999999763
-3.249999999999753
11.392999999999125
-4.003999999999672
-1.704999999999923
-9.315000000000277
1.7069999999999228
-2.6359999999998207
0.0
0.0
0.0
0.0
0.0
0.0
-0.012000000000000004
8.944000000000482
-0.6570000000000005
-14.194999999997572
-8.440000000000762
-5.275000000000096
-6.430000000000482
-7.559000000000859
-3.1639999999997626
-2.0639999999998837
-17.084999999997898
3.9829999999996724
-1.0749999999999924
8.982000000000461
-3.4929999999997263
-14.281999999997524
1.7939999999999132
2.169999999999872
-3.357999999999741
1.1309999999999862
1.0889999999999909
2.4579999999998403
10.002999999999895
0.0
0.0
0.0
0.0
0.0
0.0
3.5739999999997174
3.2739999999997504
-0.45100000000000035
-11.731999999998937
-16.663999999997383
-11.00399999999934
-6.332000000000449
-1.659999999999928
-12.152999999998704
-4.86699999999996
-10.852999999999424
7.956000000000992
-1.8849999999999032
-8.466000000000747
-1.2099999999999775
-4.073999999999695
7.000000000000672
-6.387000000000468
3.621999999999712
-7.74200000000092
-4.731999999999915
3.3989999999997367
11.498999999999066
7.098000000000705
0.0
0.0
0.0
0.0
0.0
2.5469999999998305
-1.9889999999998917
1.9279999999998985
-1.7009999999999235
-18.594999999999743
8.061000000000972
-7.1980000000007385
-3.8919999999996824
-5.5990000000002045
3.014999999999779
-8.448000000000757
-4.210999999999741
7.582000000000867
-7.2250000000007475
9.403000000000228
-11.22199999999922
6.254000000000423
-0.08900000000000007
5.639000000000218
7.627000000000882
4.644999999999886
0.33000000000000024
1.1389999999999854
7.098000000000705
0.0
0.0
0.0
0.0
0.0
3.5739999999997174
0.4220000000000003
-0.5830000000000004
-8.630000000000656
2.595999999999825
5.5930000000002025
4.492999999999835
-4.863999999999959
0.7190000000000005
2.407999999999846
-5.396000000000137
0.04400000000000003
0.5880000000000004
5.043000000000019
-3.82299999999969
-3.805999999999692
2.46199999999984
-7.235000000000751
-11.7989999999989
-4.243999999999752
1.160999999999983
3.466999999999729
4.313999999999775
2.8169999999998008
0.0
0.0
0.0
0.0
0.0
3.5749999999997173
4.972999999999995
9.090000000000401
-1.9119999999999002
3.350999999999742
0.7470000000000006
2.6999999999998137
8.613000000000666
6.99400000000067
8.739000000000596
5.94500000000032
11.377999999999133
-3.6729999999997065
2.487999999999837
7.015000000000677
1.7389999999999193
-0.06000000000000004
11.666999999998973
6.929000000000649
11.919999999998833
-0.8970000000000007
-4.501999999999838
4.878999999999964
13.815999999997782
0.0
0.0
0.0
0.0
-0.02100000000000001
-1.0469999999999955
-2.4849999999998373
7.445000000000821
-4.630999999999881
6.953000000000657
6.799000000000605
-4.876999999999963
1.3469999999999624
10.144999999999817
6.923000000000647
7.988000000001002
8.187000000000902
4.220999999999744
0.08300000000000006
-2.270999999999861
-11.814999999998891
-3.5979999999997148
6.648000000000555
-4.158999999999724
-9.872999999999967
-3.6019999999997143
-7.50200000000084
1.894999999999902
13.817999999997781
0.0
0.0
0.0
0.0
-0.02100000000000001
-4.633999999999882
1.1319999999999861
10.771999999999469
12.180999999998688
-1.7359999999999196
-9.312000000000278
1.4279999999999535
0.5000000000000003
14.473999999997417
9.97499999999991
11.847999999998873
3.260999999999752
1.9399999999998971
5.295000000000103
2.716999999999812
-0.4260000000000003
5.655000000000223
1.6269999999999316
4.35799999999979
5.844000000000286
3.024999999999778
17.986999999999
3.141999999999765
2.8199999999998004
0.0
0.0
0.0
0.0
0.0
-5.433000000000149
-1.8279999999999095
2.087999999999881
5.214000000000076
-1.1739999999999815
10.26499999999975
-0.36600000000000027
4.20799999999974
-3.7249999999997008
9.07400000000041
13.952999999997706
4.658999999999891
4.650999999999888
4.744999999999919
2.976999999999783
0.1340000000000001
6.870000000000629
-2.5549999999998296
4.53699999999985
1.2659999999999714
2.677999999999816
12.906999999998286
5.438000000000151
2.8169999999998008
0.0
0.0
0.0
0.0
0.11100000000000008
-0.5970000000000004
5.480000000000165
-4.6879999999999
16.48899999999717
8.176000000000908
4.978999999999997
2.4489999999998413
-3.923999999999679
6.624000000000547
7.334000000000784
13.33399999999805
9.228000000000325
3.9519999999996758
-4.758999999999924
8.755000000000587
-7.087000000000701
-4.588999999999867
-4.6869999999999
4.435999999999816
3.4209999999997343
10.666999999999527
5.452000000000155
5.669000000000228
0.23400000000000018
0.0
0.0
0.0
0.0
0.11100000000000008
-1.758999999999917
-4.172999999999728
-7.062000000000693
0.1370000000000001
-11.771999999998915
10.382999999999685
-1.8089999999999116
-1.6489999999999292
4.47799999999983
4.037999999999683
10.095999999999844
-3.648999999999709
2.658999999999818
0.8700000000000007
4.609999999999874
-11.259999999999199
1.2279999999999756
5.6020000000002055
-3.7169999999997017
8.069000000000967
4.485999999999833
-1.8819999999999035
0.23500000000000018
0.23400000000000018
0.0
0.0
0.0
0.0
0.11100000000000008
-0.9640000000000007
4.000999999999671
-3.938999999999677
1.758999999999917
-10.189999999999792
3.1829999999997605
3.324999999999745
5.384000000000133
10.467999999999638
1.18699999999998
6.496000000000504
3.584999999999716
-12.653999999998426
-4.870999999999961
8.33600000000082
8.33300000000082
0.35400000000000026
7.986000000001002
6.660000000000559
4.998000000000004
-0.2610000000000002
3.0989999999997697
1.7749999999999153
0.23400000000000018
0.0
0.0
0.0
0.0
0.0
-0.7330000000000005
-0.8370000000000006
-0.8730000000000007
9.21800000000033
6.294000000000437
-2.9839999999997824
2.5729999999998276
-2.0099999999998897
6.607000000000541
8.98400000000046
3.9809999999996726
-0.1580000000000001
7.211000000000743
-0.09100000000000007
0.36100000000000027
12.588999999998462
7.386000000000801
-1.5269999999999426
-6.765000000000594
-4.740999999999918
1.9199999999998993
1.2029999999999783
1.540999999999941
2.242999999999864
0.0
0.0
0.0
0.0
0.0
-0.013000000000000005
5.822000000000279
-6.400000000000472
9.469000000000191
5.752000000000256
-2.921999999999789
7.74200000000092
-3.7329999999997
-0.4840000000000004
-11.289999999999182
-6.552000000000523
-8.829000000000546
4.869999999999961
7.624000000000881
-2.450999999999841
7.095000000000704
-1.007
-1.5069999999999448
8.542000000000705
3.451999999999731
1.006
-0.8770000000000007
2.242999999999864
2.242999999999864
0.0
0.0
0.0
0.0
0.0
-0.003
1.4589999999999501
0.5140000000000003
-1.2169999999999768
1.2309999999999752
-10.738999999999487
2.4109999999998455
1.5159999999999438
-10.961999999999364
-0.11600000000000008
1.5609999999999389
-2.513999999999834
-2.307999999999857
4.081999999999698
3.0649999999997735
5.020000000000011
14.277999999997526
11.284999999999185
7.128000000000715
4.112999999999708
-0.7550000000000006
-0.7590000000000006
0.0
0.0
0.0
0.0
0.0
0.0
0.0
0.0
0.0
-0.9400000000000007
-3.895999999999682
-3.9009999999996814
-7.325000000000781
-7.41300000000081
-3.9469999999996763
-3.9439999999996767
-0.6410000000000005
-1.0949999999999902
-1.0949999999999902
-1.5989999999999347
-3.9369999999996774
4.900999999999971
3.493999999999726
5.746000000000254
5.76600000000026
-0.2780000000000002
-1.033999999999997
-0.7590000000000006
-0.7590000000000006
0.0
0.0
0.0
0.0
0.0
0.0
0.0
0.0
0.0
0.0
-2.9549999999997856
-2.9549999999997856
-2.9549999999997856
-0.08300000000000006
-0.08400000000000006
-0.001
-0.21100000000000016
-0.21100000000000016
-0.21100000000000016
-0.001
-0.001
-0.02100000000000001
-0.02000000000000001
-0.2750000000000002
-0.2760000000000002
-0.2760000000000002
-0.2750000000000002
0.0
0.0
0.0
0.0
0.0
0.0
0.0
