-0.10600000000000008
0.0
0.0
0.0
0.0
0.0
0.0
0.0
0.0
0.0
0.0
0.0
0.0
0.0
0.0
0.0
0.0
0.0
0.0
0.0
0.004
0.008
-0.020000000000000004
-0.019000000000000003
-0.011
0.023000000000000013
0.03600000000000002
0.012
0.006
-0.005
0.0
0.0
0.0
0.0
-0.004
-0.020999999999999998
-0.04300000000000001
-0.021999999999999992
0.018000000000000002
0.0010000000000000035
0.029000000000000005
0.018000000000000002
0.020999999999999987
-0.014000000000000012
-0.013000000000000001
0.0
0.0
0.0
0.0
-0.016
-0.028
0.021999999999999995
-3.469446951953614E-18
-0.01100000000000001
-0.011000000000000003
-0.037000000000000005
-0.02000000000000001
-0.019999999999999993
-0.022000000000000016
-0.029999999999999995
0.0
0.0
0.0
-0.009000000000000001
-0.027000000000000007
0.009000000000000001
-0.005
-0.019
-0.005000000000000004
-0.026000000000000002
-0.049
-0.030000000000000023
-0.053000000000000005
-0.009
-0.004
0.0
0.0
0.0
-0.008
0.032
-0.001
-0.004
0.018999999999999986
-0.024
-0.06500000000000003
-0.011000000000000003
-0.006999999999999999
-0.024
-0.015000000000000003
0.001
0.0
0.0
0.0
0.02600000000000001
0.011
-0.018000000000000002
0.027999999999999994
-0.013999999999999999
-0.006000000000000001
0.030000000000000002
0.005000000000000004
1.734723475976807E-18
0.027999999999999976
0.017
0.003
0.0
0.0
0.0
0.033999999999999996
-0.027000000000000007
0.014000000000000005
-0.011000000000000005
-0.006000000000000001
0.005999999999999997
0.012000000000000004
0.002000000000000001
-0.008999999999999998
0.017999999999999988
0.016
0.0
0.0
0.0
0.0
-0.002000000000000001
-0.026000000000000006
0.030999999999999986
0.015000000000000001
0.008000000000000002
0.012000000000000007
-0.022999999999999993
-0.002
-0.008
-0.004
-0.004
-0.034
-0.01
0.0
-0.001
0.019999999999999993
-0.038000000000000006
0.003999999999999997
0.027000000000000007
0.039999999999999994
0.004000000000000002
0.024000000000000018
0.001
0.007999999999999998
0.025
0.008
-0.005
0.0
0.0
-0.002
0.0
-0.009000000000000001
0.006
3.469446951953614E-18
0.003000000000000001
-0.001
9.999999999999992E-4
-0.003000000000000002
0.010999999999999996
-0.021
-0.006
0.0
0.0
0.0
0.0
-0.006
-0.006
-0.012
-0.021000000000000005
-0.04100000000000002
-0.018999999999999996
-0.040000000000000015
-0.016
-0.005
-0.005
-0.002
0.0
0.0
0.0
0.0
0.0
0.0
0.0
0.0
0.0
-0.005
-0.006
-0.009000000000000001
-0.002
0.0
0.0
0.0
0.0
0.0
