-148.86700000034676
0.0
0.0
0.0
0.0
0.017000000000000008
0.034000000000000016
0.05600000000000004
0.11200000000000009
-5.6339999999996015
1.2369999999999746
0.0
0.0
0.0
0.0
0.0
0.0
0.0
0.0
-1.777999999999915
0.5120000000000003
7.626000000000245
0.542000000000001
5.639000000000047
4.2650000000018276
0.4969999999999999
5.401999999999592
-11.58900000000021
-7.581999999998108
-8.65800000000039
0.0
0.0
0.0
-0.012000000000000004
2.8580000000000405
2.0509999999995547
-5.429000000000828
-3.090000000003845
-6.129000000000144
-0.5610000000000005
-3.354999999999072
6.137999999998572
1.1909999999999377
1.7749999999997403
9.299999999998601
10.124000000000052
0.0
0.0
-4.113999999999746
-0.10900000000000007
-7.346999999999143
-0.6980000000000005
-2.694000000000701
-0.1620000000000027
-2.9899999999990263
0.7230000000000003
-5.956999999998043
-8.228000000002126
-5.428000000001263
-9.121000000000018
4.1639999999997634
0.0
-0.024000000000000014
-2.1140000000000314
-5.348999999998673
5.722000000002296
-4.318000000000373
0.9120000000000016
0.9320000000000007
-4.762000000000734
-4.332000000001716
-3.253000000000012
0.43500000000000033
-2.0440000000003637
-4.588999999999484
0.0
0.0
-0.006
-6.00200000000008
11.212000000001522
-4.200999999999643
5.798999999999185
-4.979999999999549
2.7460000000008367
-7.204000000000935
1.605999999999854
-4.5640000000002265
0.3470000000000002
0.5640000000000005
7.990000000000216
-0.005
0.0
-0.005
3.1639999999993442
4.315000000000781
-2.1590000000001655
1.4629999999983372
7.351000000009368
-0.4370000000000002
3.539999999997649
2.883999999997433
-1.560000000001724
1.4149999999997254
6.128999999999383
-6.218999999999639
0.0
0.0
0.0
2.507000000000024
3.5839999999983756
2.5669999999997293
-0.017999999999996946
-3.609999999996131
5.0179999999986
2.317999999996609
2.0349999999996538
-2.9560000000021764
2.696999999999225
0.7940000000000004
5.497999999999294
-0.017000000000000008
0.0
-1.4929999999999464
-10.933000000000296
0.3650000000000005
1.1399999999995496
9.123000000011855
3.603000000000039
2.34099999999865
2.6809999999980176
0.02200000000001041
6.751000000006585
-5.081000000000362
-5.773999999998518
0.05899999999999994
0.0
0.0
-0.001
-5.885000000000612
-2.144999999999184
0.33200000000000024
1.948999999998535
7.043000000009297
5.928000000000153
4.948999999997123
1.2349999999995467
-1.7469999999994992
2.6369999999998996
1.5159999999999902
-6.789000000000264
0.0
0.0
-0.001
-0.4200000000000003
-3.987999999997455
-0.7790000000000017
3.759000000003125
-0.31499999999999817
6.609999999999276
0.11999999999999914
8.35800000000294
1.7509999999992785
-4.856999999999448
-6.251000000000284
-0.001
0.0
0.0
0.0
-0.009000000000000001
-0.006
-0.9880000000000008
-0.9800000000000008
-2.0690000000000657
-10.292999999997946
-2.168000000000334
-4.43400000000019
2.2959999999994185
-2.90099999999985
-0.005
0.0
0.0
0.0
0.0
0.0
0.0
0.0
0.0
0.0
-0.031000000000000014
-0.027
-0.01900000000000001
-2.300999999999976
-1.5110000000000012
-0.001
0.0
0.0
0.0
