-0.10500000000000008
0.0
0.0
0.0
0.0
0.008
0.010000000000000002
0.002
0.006
0.003
0.0
0.0
0.0
0.0
0.0
0.0
0.0
0.0
0.0
0.004
0.018
0.028
0.019000000000000003
0.012
-0.024000000000000004
0.0070000000000000045
0.04600000000000003
-0.006
-0.01
-0.005
0.0
0.0
0.0
0.0
-0.009000000000000001
-0.006999999999999999
0.007
-0.017000000000000008
-0.0020000000000000018
0.016000000000000004
0.017000000000000022
0.024999999999999994
-0.032
-0.021000000000000005
-0.003
0.0
0.0
-0.002
-0.008
-0.032
-0.03900000000000001
-0.018000000000000002
-0.032
-0.026000000000000016
-0.030000000000000013
-0.010000000000000002
-0.011999999999999995
-0.034
-0.016
-0.007
-0.001
0.0
-0.004
-0.009000000000000001
-0.024000000000000004
-0.002
-0.010000000000000009
-0.023999999999999994
0.008000000000000004
-0.028000000000000008
-0.07000000000000003
-0.06400000000000002
-0.06500000000000003
-0.040000000000000015
-0.005
0.0
0.0
-0.001
-0.008
-0.006
-0.008000000000000002
-0.016000000000000004
0.015999999999999993
0.0010000000000000009
-0.04500000000000001
-0.016000000000000007
0.012
-0.003999999999999997
-0.012000000000000004
0.004
0.0
0.0
0.0
-0.008
0.020999999999999994
0.009000000000000001
0.02
0.02799999999999998
-0.02099999999999999
0.014000000000000002
0.027999999999999997
-0.004
0.022000000000000013
0.011999999999999993
0.011000000000000003
0.0
0.0
0.0
-0.004
0.0010000000000000009
0.01999999999999999
0.001
-0.008000000000000007
-0.012
0.00899999999999999
0.004000000000000001
-3.469446951953614E-18
-0.016999999999999987
0.02299999999999999
0.006
-0.001
0.0
0.0
-0.014000000000000004
-0.04100000000000001
0.020999999999999998
0.02999999999999999
0.02900000000000001
0.004000000000000004
-0.033000000000000015
0.001999999999999999
0.005
-0.008
0.004000000000000002
-0.007000000000000001
-0.001
0.0
0.0
-0.03000000000000001
-0.049000000000000016
0.04200000000000001
0.004
0.032
0.022000000000000002
0.020999999999999987
-0.012
0.012999999999999987
0.016
0.006999999999999999
-0.010000000000000002
-0.001
0.0
0.0
-0.016
-0.015
-0.020000000000000007
-0.018000000000000002
-0.004
0.014
-0.005999999999999998
0.014
0.020999999999999994
-0.007000000000000001
-0.021
-0.005
0.0
0.0
0.0
-0.004
-0.002
-0.001
-0.027000000000000007
-0.029999999999999992
-0.010999999999999998
0.0029999999999999966
-0.011000000000000001
-0.005
-0.010000000000000002
-0.009000000000000001
0.0
0.0
0.0
0.0
0.0
0.0
-0.001
-0.004
-0.006
-0.007
-0.005
-0.002
0.0
0.0
0.0
0.0
0.0
0.0
