-783.1259999883935
0.0
0.0
0.0
0.0
0.058000000000000045
3.967999999999674
6.507000000000508
18.29599999999979
3.4079999999996526
0.07600000000000005
0.9160000000000007
0.45800000000000035
0.0
0.0
0.0
0.0
0.0
0.0
-29.51700000000189
-10.790000000000862
14.354999999996938
-28.921999999941047
33.30900000002552
18.25399999999542
-2.9809999999972345
0.08200000000000002
-51.98900000002314
-29.275999999983142
-24.069000000006433
0.0
0.0
0.0
-11.699999999998955
34.76399999999705
-5.144999999988168
7.478999999992323
-7.897999999976306
-33.396000000040246
-15.939000000015124
-2.330000000001411
13.796000000000362
9.001999999990195
-14.631999999997927
35.5700000000059
57.842000000024726
0.0
-0.009000000000000001
-40.07000000000052
-5.468999999997756
-33.86799999997956
-9.350000000020074
-28.672999999928855
9.202000000037806
-12.875999999995237
28.577999999997225
-31.363999999995418
-24.69799999999396
-7.154000000008375
-41.319999999995545
35.08699999999692
0.0
-0.009000000000000001
-1.596000000001397
-36.80699999999631
7.403000000013427
3.6479999999927952
-17.868000000001082
1.8879999999972217
-27.441999999952145
-68.90899999993697
12.435999999993378
-30.60300000001718
-20.613000000004256
-18.081000000006373
0.0
0.0
-0.002
-11.246000000003438
51.46000000000051
-16.434999999947127
-2.5410000000010906
-10.693999999955436
27.49599999998709
-38.09500000000509
5.870000000001211
-14.918999999978057
1.0329999999999273
21.206999999986888
19.216000000000225
-0.04100000000000003
0.0
-0.002
9.25500000000072
6.502000000013149
12.554999999990626
16.32200000003807
24.340000000029704
-14.113000000022948
20.250999999994658
17.345000000033163
-2.576000000013921
5.558000000007956
50.903000000000176
-28.843999999994445
-0.016000000000000007
0.0
0.0
19.632000000001838
1.7389999999939287
1.557999999995049
8.59200000003634
-15.916000000036675
35.55000000000248
1.5329999999918154
20.252000000005157
-12.619999999915798
12.783000000041367
7.933000000018808
9.544999999998126
-0.02000000000000001
0.0
-1.0379999999999965
-36.82499999999643
13.068999999987497
24.293999999964793
29.844000000039546
17.920000000040424
25.4760000000231
-7.183999999985679
11.846999999990222
14.796000000061074
-9.52500000000036
-5.358999999988239
-51.451999999975286
-0.014000000000000005
0.0
0.0
-26.09700000000954
-39.7439999999912
-0.8770000000000003
25.261999999979338
30.937999999769207
22.946999999972803
31.199999999972746
12.895000000044964
13.489000000017763
-5.97900000000172
26.60899999997745
-8.61300000000243
-0.001
0.0
0.0
7.776000000000729
-22.210000000016365
2.8890000000122678
3.3650000000061357
9.109000000016879
30.576999999885334
19.408000000007704
28.794999999993806
20.151999999998235
-34.62399999996616
-34.468000000005766
-2.496999999999836
0.0
0.0
0.0
-1.178999999999981
-2.3489999999999633
-6.881999999992217
-3.9090000000023815
-5.55500000001294
-50.19999999992428
-33.671000000042916
-17.928999999996567
11.756000000003054
-13.943999999997711
-4.970999999999675
0.0
0.0
0.0
0.0
0.0
0.0
0.0
-0.01
-0.02800000000000001
-0.018000000000000006
-0.021000000000000008
-0.04000000000000001
-0.04100000000000002
-0.005
-0.001
0.0
0.0
0.0
