-0.6750000000000005
0.0
0.0
0.0
0.0
0.003
0.006
0.0
0.0
0.0
0.0
0.016
0.008
0.0
0.0
0.0
0.0
0.0
0.0
-0.005
-0.034000000000000016
-0.041000000000000016
-0.020000000000000004
0.04600000000000003
0.07200000000000001
0.03599999999999999
0.05300000000000002
-0.023000000000000007
-0.020000000000000004
-0.028000000000000018
0.0
0.0
0.0
-0.008
-0.034
-0.04600000000000003
-0.010000000000000033
0.03399999999999999
-0.08000000000000003
-0.04100000000000001
0.03000000000000003
0.08100000000000004
0.04200000000000001
0.048000000000000015
0.07100000000000002
0.07300000000000005
0.0
0.0
-0.008
-0.04000000000000002
-0.04300000000000005
-0.007000000000000019
-0.07800000000000004
0.017999999999999995
-0.06500000000000003
-0.08300000000000006
-0.11200000000000009
-0.06400000000000004
-0.069
0.023999999999999966
0.07600000000000005
0.0
-0.001
-0.017000000000000008
-0.10500000000000007
-0.025000000000000074
-0.020000000000000028
-0.043000000000000024
0.009999999999999953
-0.044
-0.07700000000000004
-0.007999999999999988
-0.034000000000000016
-0.05400000000000002
-0.015000000000000006
0.0
0.0
-0.001
-0.04200000000000002
-0.022000000000000006
-0.044000000000000025
0.008000000000000005
-0.08400000000000007
0.07500000000000005
-0.06200000000000001
0.008000000000000018
-0.03700000000000002
-0.004000000000000007
0.029000000000000005
-0.03199999999999994
0.0
0.0
0.0
0.011000000000000006
0.030999999999999996
0.01000000000000002
0.03900000000000005
0.04000000000000002
0.007000000000000059
0.06500000000000004
-0.033
0.025999999999999995
0.02899999999999996
0.12100000000000005
0.01399999999999994
-0.016000000000000007
0.0
0.0
-0.02199999999999997
0.11000000000000006
0.03299999999999996
0.03899999999999998
-0.023999999999999997
-0.026000000000000044
-0.004999999999999976
0.021
-0.004999999999999997
0.029999999999999954
0.022999999999999972
0.003
-0.017000000000000008
0.0
0.0
0.00900000000000004
-0.10500000000000007
-0.03899999999999999
0.04699999999999997
0.08300000000000005
0.05900000000000001
-0.016999999999999987
0.041999999999999996
0.027999999999999938
-0.05600000000000008
0.003999999999999997
-0.11200000000000007
-0.014000000000000005
0.0
0.0
-0.037000000000000005
-0.046999999999999986
0.08900000000000005
0.031000000000000014
0.005999999999999998
0.011000000000000022
0.005000000000000041
0.048
0.03900000000000002
0.036999999999999963
0.09100000000000005
-0.038000000000000006
-0.007
0.0
0.0
0.037000000000000026
-0.023999999999999983
-0.04299999999999998
-0.010999999999999979
-1.0408340855860843E-17
0.017000000000000005
0.006999999999999997
0.061000000000000026
-0.020000000000000014
1.734723475976807E-18
-0.031999999999999994
0.0
0.0
0.0
0.0
-0.01900000000000001
-0.04900000000000003
0.008000000000000026
0.02900000000000002
-0.0059999999999999975
-0.02399999999999998
0.015000000000000022
-0.08400000000000005
-0.031
-0.013999999999999999
-0.003
0.0
0.0
0.0
0.0
0.0
0.0
0.0
0.0
-0.005
-0.016
-0.018
-0.007
-0.009000000000000001
-0.002
0.0
0.0
0.0
0.0
