-3.614999999999713
0.0
0.0
0.0
0.0
0.04900000000000004
0.09800000000000007
0.04000000000000003
0.08400000000000006
0.002
0.0
0.0
0.0
0.0
0.0
0.0
0.0
0.0
0.0
-0.012000000000000004
-0.028000000000000004
-0.07200000000000004
0.1060000000000001
-0.12300000000000014
0.08700000000000001
-0.04999999999999996
0.13800000000000007
0.026999999999999996
-0.09500000000000007
-0.11100000000000008
0.0
0.0
0.0
0.057000000000000044
-0.028000000000000014
-0.14200000000000007
-0.07800000000000003
0.07900000000000018
-0.07600000000000004
-0.19500000000000015
-0.16500000000000015
0.15200000000000008
0.005000000000000028
-0.17100000000000012
0.17900000000000013
0.32200000000000023
0.0
0.0
0.04400000000000003
0.018000000000000013
-0.47800000000000037
0.03300000000000007
-0.2630000000000002
-0.09400000000000006
0.01299999999999979
-0.10100000000000008
-0.30100000000000027
0.022000000000000155
0.055999999999999925
-0.33600000000000024
0.18400000000000014
0.0
-0.002
0.04100000000000003
-0.09500000000000007
-0.03500000000000014
-0.09700000000000004
-0.08800000000000002
-0.10300000000000004
-0.16800000000000012
-0.16700000000000012
-0.3140000000000002
-0.1860000000000001
-0.0940000000000001
-0.2890000000000002
0.0
0.0
-0.001
-0.12500000000000008
-0.030000000000000023
0.20100000000000012
-0.04299999999999954
0.104
-0.011000000000000155
-0.33800000000000024
0.1740000000000001
-0.1500000000000001
-0.027000000000000076
0.21300000000000013
-0.09800000000000007
-0.10700000000000008
0.0
-0.001
0.10500000000000008
0.03200000000000004
0.20200000000000015
0.15100000000000008
0.14500000000000007
0.04100000000000037
0.04600000000000026
-0.05200000000000002
-0.004999999999999838
0.14500000000000007
0.12700000000000009
-0.1300000000000001
0.0
0.0
-0.001
0.25100000000000017
-0.181
0.14100000000000007
-0.065
0.017999999999999836
0.11400000000000006
-0.02899999999999964
0.15600000000000014
-0.06400000000000003
-0.10400000000000025
0.19600000000000006
-0.011000000000000029
0.0
0.0
-0.001
-0.14200000000000013
0.004999999999999976
0.11800000000000002
0.10600000000000011
0.23400000000000015
0.21700000000000016
-0.025999999999999905
-0.16600000000000006
0.14300000000000004
-0.028000000000000455
0.1670000000000001
-0.13400000000000012
-0.005
0.0
0.0
-0.031000000000000458
-0.10200000000000006
0.07599999999999989
0.19800000000000012
0.22400000000000017
0.07700000000000004
0.3100000000000003
0.05800000000000004
-0.06800000000000005
-0.2210000000000001
0.10900000000000007
-0.07700000000000004
-0.006
0.0
0.0
-0.017000000000000005
-0.0670000000000003
-0.14200000000000015
0.10700000000000001
0.11500000000000006
0.20000000000000018
0.14700000000000005
0.1720000000000001
0.24800000000000016
-0.10800000000000001
-0.06700000000000003
-0.011000000000000003
0.0
0.0
0.0
-0.03100000000000002
-0.07300000000000005
-0.03899999999999998
-0.1530000000000001
-0.00599999999999987
-0.16200000000000003
-0.06899999999999999
-0.17800000000000013
0.2350000000000002
-0.02500000000000001
-0.009000000000000001
0.0
0.0
0.0
0.0
0.0
0.0
0.0
0.0
-0.1510000000000001
-0.1530000000000001
-0.007
-0.009000000000000001
-0.002
-0.006
-0.002
0.0
0.0
0.0
