-103.07800000012813
0.0
0.0
0.0
0.0
0.0
1.051999999999995
1.5269999999999426
2.194999999999912
2.130999999999955
0.06600000000000004
0.5520000000000004
0.2760000000000002
0.0
0.0
0.0
0.0
0.0
0.0
-7.704999999999692
-2.079999999999962
6.410000000001505
4.858000000001715
-3.1300000000008357
5.937000000001092
-0.6170000000000005
-0.9420000000000013
-5.570999999998891
-8.081999999998398
-6.296000000000437
0.0
0.0
0.0
-2.5469999999998305
-3.4400000000005595
-0.9250000000000006
-6.637000000001468
1.9809999999991301
-4.583999999998813
-4.726999999998133
-2.0360000000002954
2.7870000000011315
1.6869999999999767
-6.878999999998331
-3.2019999999997584
-0.002
0.0
-0.8910000000000007
-3.1020000000000434
3.060000000000358
-1.3850000000002756
-0.47300000000000075
-5.88499999999981
2.3529999999988083
1.7890000000013169
-0.7740000000000007
-2.765999999999133
-0.6890000000000005
0.5130000000000011
-11.05699999999936
-0.004
0.0
-0.8910000000000007
-0.8250000000000005
-1.7059999999996824
0.9150000000000005
-1.7600000000015457
-1.3299999999993581
-3.469999999999527
-3.598000000000431
-2.0870000000004985
-3.704999999998859
1.0909999999999986
-5.049999999998339
3.1819999999997606
0.0
0.0
-1.6169999999999327
-5.9639999999997135
0.003999999999998609
5.048000000003323
1.2039999999997042
2.2790000000000474
3.0810000000007745
-4.920999999999911
0.2710000000000032
1.3030000000001154
-0.9220000000000008
-0.5680000000000008
-1.4230000000001128
0.0
0.0
0.0
1.686999999999975
-0.9320000000000008
0.6960000000000012
1.1209999999995672
1.0449999999999349
-0.6520000000000005
-0.30300000000000055
4.259999999997723
-1.683000000001199
3.9959999999999485
7.235999999998636
-7.418000000000373
-0.008
0.0
0.0
5.912000000000322
1.825999999999312
0.050000000000000044
0.8300000000000006
1.8349999999989939
3.5189999999961925
4.510999999996307
0.5220000000000005
0.09899999999999907
1.7099999999997428
0.9600000000000007
1.6399999999997514
-0.008
0.0
0.0
-8.583999999999916
-1.9700000000010207
-0.20000000000000034
2.948999999999195
1.849999999998129
2.054999999998424
-2.8870000000023595
3.114999999998758
0.477999999999998
-2.1629999999997396
1.9929999999998214
-5.626000000000147
-0.011000000000000003
0.0
0.0
-0.4960000000000004
-1.177000000000106
0.13699999999999954
3.41799999999658
7.858000000005316
1.7809999999990451
0.9740000000000009
2.8809999999978215
1.5749999999995827
-0.5980000000000005
5.203999999999734
-4.507000000000099
-0.004
0.0
0.0
-0.05100000000000003
-1.048999999999873
-1.2749999999994324
-3.4349999999999166
4.541999999997104
0.7540000000000009
5.055000000000616
5.395000000002785
1.4409999999998997
-2.187000000000295
-1.8119999999999112
-0.019000000000000003
-0.5890000000000004
0.0
0.0
-0.6970000000000005
-0.004
3.9629999999996453
-2.9649999999999332
-3.7490000000009345
-4.136000000001
-3.3480000000013517
-6.455000000000408
0.8140000000000007
-0.7340000000000005
-0.012
-1.1780000000000008
0.0
0.0
0.0
0.0
0.0
0.0
-0.004
-0.7860000000000006
-0.7370000000000005
-0.8430000000000006
-2.353999999999978
-0.7890000000000006
-0.006
0.0
0.0
0.0
0.0
