-57.05799999995772
0.0
0.0
0.0
0.0
0.2590000000000002
0.5180000000000003
0.2410000000000002
0.46400000000000036
-0.8320000000000006
-0.011000000000000003
0.23400000000000018
0.11700000000000009
0.0
0.0
0.0
0.0
0.0
0.0
-0.4240000000000003
0.45200000000000035
3.192999999999893
0.39200000000000024
1.573999999999745
3.857000000001087
0.2010000000000001
4.036000000000075
-4.6469999999994105
-1.2819999999999696
-0.8540000000000006
0.0
0.0
0.0
-0.036000000000000025
-1.9489999999999368
-0.00499999999999983
-4.771999999999713
0.2890000000000006
-3.353000000000312
-2.3370000000004105
0.19600000000000015
1.4100000000002222
1.756000000000284
0.4930000000000004
1.4250000000000511
5.031999999999668
0.0
-0.008
-1.9439999999998967
-3.0629999999999824
0.015000000000000253
-1.8359999999990988
-0.003999999999994525
-0.027999999999998613
-1.9719999999990137
-1.0939999999999903
-7.155999999999397
-1.3409999999999123
-4.234000000000821
-2.813999999999631
5.030999999999668
0.0
-0.009000000000000001
-0.2620000000000002
-4.399999999999547
2.6230000000007165
-2.586000000000183
-1.1599999999999198
1.4149999999999618
-3.2170000000003003
1.5710000000000284
-1.4509999999996919
-0.14300000000000007
-1.4080000000000334
-0.1510000000000001
0.0
0.0
-0.007
-2.304999999999857
-0.7800000000000008
-0.1570000000000032
-0.4730000000000003
-2.447000000000038
1.7500000000002989
-3.4890000000001598
-0.6480000000000004
-1.1220000000000547
1.029999999999993
-1.0389999999999566
0.5510000000000005
0.0
0.0
-0.005
2.390999999999842
1.0269999999999746
1.6230000000000109
-0.22200000000000025
1.2349999999995853
2.2889999999998967
-0.9660000000000009
1.5989999999996942
-1.7010000000005747
4.224999999999814
2.9289999999994354
-4.084999999999483
0.0
0.0
0.0
-0.17999999999999963
4.470999999999974
-1.0430000000000725
0.9020000000000007
-0.4650000000000023
1.8109999999992283
0.7870000000000006
-0.4680000000000004
1.5729999999998499
-1.4410000000001033
1.0929999999999362
3.6049999999995257
-1.1169999999999878
0.0
0.0
-4.549000000000222
1.1549999999998768
0.5450000000000005
1.9389999999988021
3.603000000000224
0.5300000000000004
0.8210000000000007
0.7280000000000012
1.9699999999994047
-0.7640000000000006
-0.8660000000000007
-1.463999999999838
0.0
0.0
-0.003
-3.477999999999728
-2.2779999999999947
0.17900000000000027
0.5970000000000004
2.3009999999991795
2.203999999999277
1.0559999999999918
2.1859999999993662
1.801999999999945
0.05499999999999933
1.1300000000000818
-1.8709999999999047
-0.003
0.0
0.0
-0.043999999999999956
-2.6989999999997982
1.8559999999998873
2.419000000000881
1.0079999999999958
2.8329999999992226
0.9620000000000007
0.614000000000001
2.345999999999777
-1.0490000000000383
-2.206999999999868
-0.002
0.0
0.0
0.0
-2.2239999999999767
-0.6450000000000005
2.1139999999997023
1.4190000000001026
1.193000000000026
-3.0800000000001613
-2.6530000000002913
-2.116000000000045
1.7380000000000704
-0.6810000000000005
-0.032999999999999995
0.0
0.0
0.0
0.0
-0.002
-0.2800000000000002
-1.1040000000000008
-0.7420000000000005
-0.18600000000000014
-0.033999999999999996
-0.7020000000000005
-1.354000000000001
-1.8879999999999717
-0.05600000000000003
-0.002
0.0
0.0
0.0
