-237.76800000077125
0.0
0.0
0.0
0.0
0.35600000000000026
0.7120000000000005
0.0
2.64199999999982
5.385999999999629
0.04000000000000003
0.012
0.006
0.0
0.0
0.0
0.0
0.0
0.0
-3.2829999999997495
-1.351000000000401
-0.002000000000000352
-7.192999999997809
7.1310000000026585
5.711000000006272
3.4750000000000254
-4.880999999999941
-15.821000000002234
-13.846000000002595
-9.432000000000212
0.0
0.0
0.0
-1.1949999999999792
11.685000000001148
-3.6869999999994723
-1.4849999999995354
2.975999999997901
-10.270999999996896
-7.875000000004616
1.0339999999999168
5.98899999999473
3.392000000002538
-7.066000000000329
9.193999999997342
18.617000000000576
0.0
0.0
-5.5850000000002
0.16999999999999976
-7.549999999999402
-1.7579999999988845
-10.525000000008326
3.0489999999993014
-1.9189999999958636
9.10100000000055
-14.374999999996154
-5.365000000003533
0.11299999999999939
-12.819999999998506
7.185999999999431
0.0
-0.011000000000000003
0.45800000000000046
-12.07700000000159
4.313000000005431
-0.6490000000000002
-3.682000000004585
-2.7250000000007586
-10.438000000000839
-19.882000000000964
7.200999999988678
-8.446000000000895
-8.89599999999595
-7.473999999996398
0.0
0.0
-0.012000000000000004
-5.2240000000001094
13.632000000000346
-6.787999999989225
-1.1599999999998263
-2.5380000000032674
10.554999999997486
-10.282000000000417
-0.35299999999999937
-7.851999999997391
1.4519999999997864
9.580999999995962
4.010999999999531
-0.02000000000000001
0.0
-0.04000000000000003
7.069000000001832
2.8580000000013626
7.228000000005126
6.102000000005572
5.480000000008351
-3.7010000000029315
8.119999999999715
5.463999999998065
1.1429999999993117
1.1429999999996499
11.772999999999799
-7.340999999998431
-0.06600000000000004
0.0
-0.03900000000000003
10.34399999999925
-2.081000000001687
-4.221999999996116
6.960000000012285
-4.351999999990388
11.773000000009375
-2.451000000005484
5.6409999999983915
-4.835999999998944
5.714000000003091
4.956000000004588
4.365999999998744
-0.06900000000000005
0.0
-0.08300000000000006
-11.99500000000313
1.5379999999986833
10.028000000019329
5.823000000019442
6.689000000012813
8.281000000017482
-2.042000000002191
6.646000000004196
3.2909999999981188
-2.100999999999477
-0.15200000000000008
-19.777000000000918
-0.06800000000000005
0.0
-0.002
-9.941000000000003
-12.316999999990966
-1.1580000000011674
9.016000000015124
10.444000000035544
7.134000000000343
8.982000000005872
2.1909999999966656
1.7290000000004204
-2.169999999998846
8.134000000000551
-8.76700000000076
-0.004
0.0
0.0
3.4259999999997337
-6.5380000000039065
1.739000000000932
-1.744000000000728
3.2959999999980796
6.3779999999951205
7.27499999999916
10.135000000001355
6.638999999999515
-11.477000000003837
-13.786999999998313
-1.713999999999922
0.0
0.0
0.0
-0.3850000000000003
-0.7620000000000006
0.32500000000000107
-2.1939999999999484
0.665000000000002
-17.748999999994005
-9.3189999999999
-5.860000000001593
4.8859999999993535
-5.021999999999789
-3.409999999999846
0.0
0.0
0.0
0.0
0.0
0.0
-0.001
-0.004
-0.004
-0.009000000000000001
-0.46600000000000036
-1.3769999999999871
-0.5350000000000004
-0.003
-0.001
0.0
0.0
0.0
