-127.11300000024289
0.0
0.0
0.0
0.0
2.534999999999832
5.762999999999656
0.6970000000000005
0.3180000000000002
0.3780000000000003
0.004
0.020000000000000004
0.010000000000000002
0.0
0.0
0.0
0.0
0.0
0.0
-0.22600000000000017
0.3270000000000002
4.953000000001146
2.3000000000000544
5.628000000000127
4.703000000003899
3.2290000000016668
6.620000000000889
-10.119999999999875
-8.370999999999077
-5.037000000000017
0.0
0.0
0.0
1.650999999999929
2.587000000000029
-6.2479999999985765
-3.0749999999985556
0.6660000000000008
-7.336999999994654
-1.9159999999999282
-1.9799999999993967
5.974999999998614
1.5160000000002227
-7.764999999999558
-1.6459999999999295
-0.005
0.0
0.0
2.3629999999998508
-2.9929999999996797
-1.7420000000003586
-2.6439999999995036
-1.0070000000000012
1.740999999999341
-1.221999999999742
4.244000000001778
-10.067000000003938
4.157999999999843
0.400000000000002
-13.526999999998026
-0.25200000000000017
0.0
0.0
1.6789999999999063
-10.908000000000758
4.499000000003286
-2.0440000000019314
-1.8040000000000755
1.9550000000003256
-8.06299999999559
-4.985000000000419
-4.3180000000007634
-3.0880000000008216
-4.294000000000384
1.0000000000000009
-0.002
0.0
-0.002
1.501999999999929
-3.531999999997802
0.3679999999999992
-3.389000000001659
-2.96800000000163
5.221999999997832
-8.644000000002302
0.2609999999999997
-0.5599999999999999
3.6510000000014813
-0.6110000000000005
0.8020000000000007
-0.011000000000000003
0.0
-0.003
6.51500000000081
2.581999999999937
1.5040000000000062
1.5919999999990282
4.263000000001705
-2.245999999999803
3.563999999997396
7.290000000001227
-5.379999999997509
6.439000000002661
6.44399999999846
-11.317999999999863
-1.9159999999998998
0.0
-0.001
6.506000000000834
2.466999999999305
3.7930000000009416
-1.5360000000018053
-2.383999999998518
5.46100000000082
-3.7530000000067543
2.6319999999987687
0.33899999999999864
-1.0910000000001572
2.9280000000003703
3.1169999999992135
-1.9159999999998998
0.0
-0.07000000000000005
-10.49500000000067
-0.8160000000000025
5.7800000000078455
6.132000000013749
3.227999999999492
6.0280000000036615
0.1790000000000009
-0.6059999999999989
5.440000000001048
-1.2270000000001324
-0.3850000000000003
-3.8390000000001336
-1.9209999999998992
0.0
-0.001
-13.520999999998573
-9.290999999997227
-1.7470000000014323
-2.214000000002137
6.402000000002129
2.9299999999978805
3.597999999997046
-0.055999999999992195
3.310999999998789
-1.4909999999997938
8.884999999998884
-4.135000000000045
-0.035000000000000024
0.0
-0.001
-0.6470000000000002
-2.423999999998643
2.3070000000005537
4.1940000000017825
-1.577000000000296
8.87899999999655
1.6769999999995646
4.391999999997943
4.132999999997945
-4.71199999999892
-1.4489999999999512
-0.09000000000000005
-0.8690000000000007
0.0
-0.001
-1.8770000000000016
-2.2399999999998643
-0.03899999999999998
1.0850000000000255
-5.266000000001233
-5.964000000001929
-2.9950000000021624
-2.4190000000000813
0.16400000000000026
-2.1359999999998758
-0.017
-1.7380000000000013
0.0
0.0
0.0
0.0
0.0
-3.501999999999836
-1.750999999999918
0.0
-0.004
-0.8250000000000006
-0.8260000000000006
-4.244999999999755
-0.002
0.0
0.0
0.0
0.0
