-140.84100000030844
0.0
0.0
-5.317999999998701
5.911999999998008
0.5640000000000008
8.541999999999103
1.1069999999999722
0.7480000000000007
10.09000000000004
4.055000000000883
-2.020999999997681
-2.820000000000099
-3.184999999999187
-4.179000000000402
-4.927999999999158
-0.6809999999999996
-0.03200000000000002
-3.8810000000002276
1.5580000000002874
0.1320000000000844
-4.0129999999944275
-0.8949999999999937
-1.4190000000004854
4.597999999999874
-0.2680000000000002
5.540000000001348
2.9089999999987683
3.9370000000028353
2.6919999999994446
0.8030000000000048
0.18299999999999944
-4.615999999998042
-0.2670000000000002
-4.055000000001607
4.944000000004546
3.9160000000008046
5.166999999999442
3.2759999999989162
-1.7169999999995464
-2.5780000000005376
0.0
-8.859000000003222
3.763999999999716
-3.2710000000001678
-6.226999999999138
1.7949999999995214
-6.468999999999885
0.0
0.0
