-192.78800000055648
0.0
0.0
-4.032000000001052
7.102000000002415
3.2409999999976353
10.869999999999925
-4.862000000000174
-1.7800000000002878
-2.4749999999998384
2.456999999999906
-3.6780000000034314
-3.7710000000050097
-1.3919999999994155
-1.8240000000011731
-8.464000000002194
-2.198999999998854
-0.7000000000000005
-0.5570000000000004
-0.5259999999999865
-0.5319999999999763
-5.86400000000161
-0.5379999999999613
1.3819999999980037
3.610999999997817
-0.10800000000000008
3.7230000000033487
3.763999999994511
3.388999999998568
4.932999999992703
0.8360000000000154
1.2960000000002463
-0.4980000000000012
-0.5480000000000005
-0.0850000000000275
3.0469999999966952
2.1979999999971915
7.047999999988923
5.24600000000304
0.14199999999999696
-14.871999999998215
-0.001
-17.32299999999912
-0.1180000000000002
1.5690000000000666
-8.862000000008685
4.296000000000842
-1.8609999999999556
0.0
0.0
