-92.91200000007959
0.0
0.0
2.4720000000000257
3.7559999999989473
1.2889999999999218
3.9500000000003954
-7.684999999999599
-4.495999999999912
0.0
-1.3249999999998567
-2.340999999999539
-3.9650000000017287
-0.8710000000000098
-1.2350000000001906
-3.8529999999989784
0.856
-0.002
-1.6509999999986238
0.0889999999999968
-0.7720000000000004
-3.515999999997374
0.022000000000006577
1.0189999999999553
1.2280000000001192
-1.3019999999999674
2.6470000000000526
1.4559999999990327
1.5379999999987677
3.2859999999990297
-0.8520000000000064
1.9129999999982465
-1.3210000000005504
-1.3039999999999672
-2.2239999999999687
2.220999999998021
1.8389999999984317
4.75099999999681
2.375999999999663
0.26499999999998475
-3.6319999999989623
-0.003
-10.894999999999108
-0.8700000000000007
-8.973999999999833
-1.6100000000004056
-0.2920000000000002
-0.06799999999999999
0.0
0.0
