-306.2759999996694
0.0
0.001
-2.24800000000057
3.0759999999959984
0.5779999999999971
8.777000000001097
-12.700000000002655
-0.19599999999999748
-9.365999999999797
-9.712000000001026
-3.6120000000054113
-6.866000000002821
-4.32700000000174
-1.2479999999998803
-11.780000000011025
-2.5550000000005415
-0.004
-2.5059999999987026
1.0000000000000082
0.12000000000005975
-8.289999999994365
0.4400000000000615
1.1649999999992557
9.990999999998413
-0.022000000000000013
4.481000000002201
2.5059999999961406
5.591999999998028
8.48000000000246
2.8079999999986076
2.438999999996007
-3.7709999999938506
-0.037
-2.614999999996637
5.7160000000058515
3.989000000004454
11.495999999989435
7.478000000007103
-1.282999999999367
-8.057999999998026
-0.001
-23.281999999995826
-1.668999999999846
-12.176000000000617
-15.968999999999404
2.9460000000021394
-5.289999999999909
-0.001
0.0
