-1.3379999999999634
0.0
0.0
-0.011000000000000003
0.25200000000000017
0.2620000000000001
-0.10400000000000008
-0.4920000000000004
0.11900000000000005
0.0
0.13700000000000004
-0.3820000000000002
-0.09400000000000185
0.06700000000000002
0.20699999999999924
-0.40000000000000024
-0.24400000000000016
0.0
-0.007000000000000018
0.004999999999999823
9.99999999999693E-4
-0.3660000000000002
-0.16699999999999954
0.10200000000000048
0.22400000000000014
0.0
0.33800000000000024
-0.09000000000000088
0.1920000000000005
0.08099999999999746
-0.022999999999999944
0.028999999999999616
0.3810000000000003
0.0
0.003999999999999704
0.11000000000000477
-0.1419999999999988
0.13399999999999995
0.03799999999999947
0.03800000000000012
-0.05300000000000002
0.0
-0.3570000000000003
0.0820000000000001
0.16500000000000006
-0.47600000000000037
-0.2630000000000002
-0.054
-0.006
0.0
