-1336.3829999753107
0.0
0.0
-42.86900000002462
26.427999999981783
3.436999999989435
51.327999999957974
-48.001000000035404
14.788999999984876
3.585000000000226
3.0439999999973644
-22.106000000063986
-30.85899999981099
-16.705999999973525
-14.236999999955827
-59.994999999806865
-14.621999999992974
-0.05200000000000004
-35.805000000023426
5.434000000021221
-6.846000000016621
-37.71499999998216
3.3890000000114178
0.6620000000003954
46.29300000000752
-5.485000000000166
40.52700000000174
13.177999999952997
24.2730000001376
39.06100000024362
10.653999999964372
6.3070000000171
-6.529999999979957
-5.419000000000144
-15.90100000005927
26.446000000124517
22.339000000060786
46.88900000057906
36.26500000024659
-7.449999999990561
-41.62699999999333
-0.001
-82.86000000001032
-6.558999999995194
-17.77600000000163
-54.51500000009713
20.78400000000281
-3.4679999999999267
0.0
0.0
