-92.87500000007941
0.0
0.0
6.815000000000558
2.6569999999990057
-0.1409999999999966
1.4850000000002372
-6.280999999998793
2.665999999999827
0.0
1.0620000000000085
-3.91799999999937
-5.132000000000102
0.018000000000028597
-2.6639999999975004
-1.554000000000543
-2.5630000000001685
-1.714999999999922
-1.6170000000001123
0.060999999999985934
-0.7480000000000051
-4.799000000000186
0.21999999999996173
0.6020000000000004
7.178999999998294
0.0
2.369999999999469
0.4569999999999924
2.2559999999978158
2.7139999999973945
-0.4899999999999678
2.742999999999778
-1.8309999999994517
-0.026999999999999996
-5.831999999999828
2.0349999999984334
1.6689999999991545
5.575999999999948
1.4039999999997583
4.6970000000004655
-1.9429999999999772
0.0
-8.311000000001233
-0.6720000000000003
-2.6940000000003343
-1.810000000000135
-12.762999999998366
-1.6530000000000014
0.0
0.0
