-287.9580000001026
0.0
0.0
-0.6530000000000006
-2.0930000000002438
1.9279999999979591
14.34999999999451
-16.36499999999791
10.78400000000258
4.431999999999503
-6.7950000000001465
-0.8169999999999995
-4.879000000000399
-4.294000000002763
-2.108000000000152
-12.180000000005213
-2.8580000000016472
-0.036000000000000025
-11.795999999998186
1.118999999999282
0.26500000000000784
-7.061000000001091
0.9989999999999972
-0.14699999999995328
9.031000000002592
-7.146000000000721
11.22800000000502
1.376999999999654
6.4969999999941805
7.485999999997513
3.4600000000007745
1.3729999999980325
-5.3879999999950074
-7.136000000000718
-0.9110000000000027
4.796000000002302
3.529000000003247
9.187999999979597
6.376000000006607
-2.2769999999984085
0.1560000000000004
0.0
-19.034000000002347
-5.678000000000662
-5.248000000001245
-10.532000000005613
-3.7679999999965523
-3.0860000000000056
0.0
0.0
