-332.9819999990379
0.0
0.0
-9.867000000001507
6.868999999999552
3.1849999999982943
17.705999999996177
-8.161999999991325
10.183000000000224
19.96799999999981
-8.978000000001261
-1.8669999999977487
-8.036000000004986
-5.458000000004504
-6.588000000002594
-11.6800000000076
-1.3269999999996671
-0.005
-10.244999999998953
2.8959999999993697
-0.40899999999991216
-8.144999999999682
0.7899999999999918
-3.5189999999957142
14.602999999997394
0.0
9.012000000001894
3.9119999999931157
6.276999999989136
8.644999999990903
3.1440000000013284
0.9320000000000149
-6.815999999997023
0.003
-2.918999999998187
6.540000000011621
6.431999999979444
11.283999999970264
8.870999999996611
-1.9640000000003082
-11.359999999996512
-0.001
-16.697000000002912
-0.12600000000016465
-7.929999999998139
-10.655000000011023
1.8419999999991543
-4.009999999999937
0.0
0.0
