-402.0849999974038
0.0
0.0
-13.12500000000348
5.543999999998804
2.954999999998846
12.782999999998957
-14.643000000002118
2.6230000000002094
10.029000000000153
-2.4619999999999593
-4.937000000003675
-11.548999999995045
-5.466000000005847
-4.338999999994631
-20.365000000017023
-1.618000000001271
-0.001
-12.153999999991765
0.4170000000000222
-2.350000000003327
-11.43500000001707
2.3140000000008527
-1.6260000000021249
14.260999999998734
-1.3909999999999576
14.217000000003615
5.599999999998441
7.240999999988323
11.895000000001543
3.0659999999989824
2.694999999998165
-2.863999999996806
-3.0179999999997786
-5.483000000005064
7.843000000014776
8.688999999982242
13.758999999970603
11.48999999999032
-2.1489999999987717
-15.237999999998037
0.0
-29.43899999999615
-4.557999999999927
-9.972999999998926
-15.52600000001328
6.844000000003044
-3.3199999999999514
0.0
0.0
