-0.7910000000000006
0.0
0.0
0.0
0.0
0.0
0.0
0.0
0.0
0.0
0.0
0.0
0.0
0.0
0.0
0.0
0.0
0.0
0.0
0.0
0.0
0.0
0.0
0.0
0.0
0.0
0.0
0.0
0.0
0.0
0.0
0.0
0.0
0.0
0.0
0.0
0.0
0.001
0.003
0.003
0.005
0.002
0.005
0.005
0.017000000000000008
0.017000000000000008
0.005
-0.001
0.0
0.008
0.008
0.008
0.0
0.0
0.0
0.0
0.0
0.0
0.0
0.0
0.0
0.0
0.0
0.0
0.0
0.0
0.0
0.001
0.006
0.013000000000000005
0.027000000000000017
0.013000000000000005
0.025000000000000015
0.007
0.017000000000000008
0.036000000000000025
0.03100000000000002
0.027000000000000017
0.008
0.015000000000000006
0.013000000000000005
0.003
0.0
0.0
0.0
0.0
0.0
0.0
0.0
0.0
0.0
0.0
0.0
-0.003
-0.010000000000000002
0.001
0.005
-0.006
0.005
-0.02100000000000001
0.014000000000000005
0.015000000000000006
0.03200000000000002
0.007
0.010000000000000002
0.0
-0.01900000000000001
0.026000000000000016
0.02000000000000001
-0.007
-0.01900000000000001
-0.009000000000000001
-0.01900000000000001
0.0
0.0
0.0
0.0
0.0
0.0
0.0
0.0
-0.001
-0.004
-0.006
0.001
-0.022000000000000013
0.027000000000000017
0.014000000000000005
-0.003
0.003
-0.02100000000000001
-0.005
0.009000000000000001
-0.010000000000000002
-0.012000000000000004
0.0
0.01800000000000001
0.03000000000000002
0.03100000000000002
-0.015000000000000006
-0.006
-0.026000000000000016
0.0
0.0
0.0
0.0
0.0
0.0
0.0
0.0
-0.002
-0.014000000000000005
0.006
0.004
-0.005
-0.017000000000000008
-0.04500000000000003
0.022000000000000013
-0.014000000000000005
-0.03200000000000002
-0.012000000000000004
-0.047000000000000035
-0.009000000000000001
-0.007
-0.005
0.003
0.027000000000000017
-0.001
-0.006
0.026000000000000016
-0.006
0.023000000000000013
0.036000000000000025
0.0
0.0
0.0
0.0
0.0
0.0
-0.002
-0.014000000000000005
0.007
-0.008
0.002
0.002
-0.04900000000000004
0.002
-0.05300000000000004
-0.007
-0.001
-0.009000000000000001
0.03400000000000002
0.005
-0.008
-0.014000000000000005
-0.04300000000000003
-0.02900000000000002
-0.037000000000000026
-0.022000000000000013
-0.009000000000000001
0.008
0.01900000000000001
0.024000000000000014
0.0
0.0
0.0
0.0
0.0
-0.003
-0.007
-0.010000000000000002
-0.01900000000000001
-0.047000000000000035
-0.001
-0.026000000000000016
0.02100000000000001
-0.025000000000000015
0.03000000000000002
0.006
-0.06000000000000004
-0.016000000000000007
-0.027000000000000017
-0.022000000000000013
-0.028000000000000018
-0.03300000000000002
-0.015000000000000006
-0.004
-0.04900000000000004
-0.013000000000000005
0.001
0.014000000000000005
0.024000000000000014
0.0
0.0
0.0
0.0
-0.001
-0.006
0.014000000000000005
-0.004
-0.04900000000000004
0.036000000000000025
-0.04200000000000003
-0.026000000000000016
-0.008
-0.04000000000000003
0.04100000000000003
-0.016000000000000007
-0.009000000000000001
-0.02000000000000001
-0.02900000000000002
-0.025000000000000015
-0.002
-0.022000000000000013
-0.047000000000000035
0.036000000000000025
0.004
-0.03300000000000002
-0.02900000000000002
0.01900000000000001
0.0
0.0
0.0
0.0
0.0
-0.001
-0.005
0.009000000000000001
-0.01800000000000001
-0.028000000000000018
0.04300000000000003
0.015000000000000006
0.001
-0.016000000000000007
-0.06900000000000005
0.003
0.005
-0.03200000000000002
-0.01900000000000001
-0.05000000000000004
-0.07600000000000005
-0.03000000000000002
-0.015000000000000006
-0.011000000000000003
-0.03300000000000002
-0.023000000000000013
-0.06300000000000004
-0.011000000000000003
0.0
0.0
0.0
0.0
0.0
0.0
-0.001
-0.004
-0.008
0.022000000000000013
-0.04500000000000003
0.036000000000000025
0.013000000000000005
0.003
0.026000000000000016
0.02900000000000002
-0.010000000000000002
0.007
0.008
-0.04100000000000003
-0.05000000000000004
-0.005
0.011000000000000003
-0.03100000000000002
-0.02900000000000002
-0.04300000000000003
-0.016000000000000007
-0.008
-0.010000000000000002
0.0
0.0
0.0
0.0
0.0
0.0
0.0
-0.001
0.03000000000000002
-0.012000000000000004
-0.002
-0.023000000000000013
0.008
-0.02900000000000002
-0.036000000000000025
-0.046000000000000034
0.02100000000000001
0.03800000000000003
-0.008
-0.04500000000000003
0.024000000000000014
0.009000000000000001
-0.010000000000000002
-0.002
0.0
0.005
-0.002
0.026000000000000016
-0.006
0.0
0.0
0.0
0.0
0.0
0.0
0.0
0.001
0.028000000000000018
0.016000000000000007
0.001
-0.005
0.004
0.037000000000000026
0.001
0.028000000000000018
0.008
0.004
-0.013000000000000005
-0.002
0.015000000000000006
-0.028000000000000018
-0.037000000000000026
-0.035000000000000024
0.004
0.015000000000000006
0.03900000000000003
0.03000000000000002
0.007
0.0
0.0
0.0
0.0
0.0
0.0
0.0
0.0
-0.008
0.01900000000000001
0.007
0.017000000000000008
0.04100000000000003
0.023000000000000013
0.017000000000000008
0.005
0.006
-0.008
-0.001
-0.012000000000000004
0.01800000000000001
0.015000000000000006
0.001
0.048000000000000036
0.01900000000000001
0.009000000000000001
0.016000000000000007
0.03100000000000002
0.014000000000000005
0.0
0.0
0.0
0.0
0.0
0.0
0.0
0.0
0.016000000000000007
-0.010000000000000002
0.027000000000000017
-0.012000000000000004
-0.001
0.02000000000000001
0.027000000000000017
-0.012000000000000004
-0.013000000000000005
0.047000000000000035
0.009000000000000001
0.05300000000000004
0.004
-0.004
-0.007
-0.007
0.028000000000000018
0.058000000000000045
0.007
0.010000000000000002
0.017000000000000008
-0.009000000000000001
0.0
0.0
0.0
0.0
0.0
-0.001
-0.003
-0.013000000000000005
0.03400000000000002
-0.007
0.002
0.014000000000000005
-0.007
-0.010000000000000002
0.002
-0.001
0.01900000000000001
0.03100000000000002
0.04200000000000003
-0.008
0.010000000000000002
0.024000000000000014
-0.02900000000000002
0.009000000000000001
-0.006
0.037000000000000026
-0.04400000000000003
-0.001
-0.011000000000000003
0.0
0.0
0.0
0.0
0.0
-0.002
-0.006
0.012000000000000004
-0.001
-0.011000000000000003
0.007
0.036000000000000025
0.022000000000000013
-0.001
0.016000000000000007
0.001
0.014000000000000005
-0.048000000000000036
0.05000000000000004
-0.01800000000000001
-0.02100000000000001
0.002
-0.004
-0.012000000000000004
0.03200000000000002
0.027000000000000017
0.007
-0.011000000000000003
-0.011000000000000003
0.0
0.0
0.0
0.0
0.0
-0.002
-0.024000000000000014
-0.015000000000000006
0.027000000000000017
-0.004
0.06600000000000004
0.023000000000000013
0.036000000000000025
-0.002
0.07300000000000005
-0.009000000000000001
-0.016000000000000007
0.005
0.027000000000000017
-0.01800000000000001
-0.02100000000000001
0.046000000000000034
0.02900000000000002
0.003
0.003
0.012000000000000004
-0.028000000000000018
-0.02000000000000001
-0.009000000000000001
0.0
0.0
0.0
0.0
0.0
-0.002
-0.026000000000000016
-0.04300000000000003
0.015000000000000006
-0.02000000000000001
0.013000000000000005
0.01800000000000001
0.025000000000000015
0.03300000000000002
0.07400000000000005
0.05600000000000004
-0.010000000000000002
0.024000000000000014
0.04100000000000003
0.02900000000000002
0.010000000000000002
0.003
-0.008
-0.012000000000000004
-0.022000000000000013
-0.017000000000000008
-0.048000000000000036
-0.01800000000000001
-0.009000000000000001
0.0
0.0
0.0
0.0
0.0
-0.002
-0.017000000000000008
-0.010000000000000002
-0.05000000000000004
-0.03000000000000002
-0.012000000000000004
0.016000000000000007
0.02900000000000002
0.05400000000000004
-0.016000000000000007
-0.028000000000000018
0.025000000000000015
0.005
0.013000000000000005
0.036000000000000025
0.02100000000000001
0.016000000000000007
-0.002
0.005
-0.007
0.02000000000000001
-0.015000000000000006
-0.008
0.0
0.0
0.0
0.0
0.0
0.0
-0.002
-0.012000000000000004
0.008
-0.01900000000000001
-0.047000000000000035
0.015000000000000006
0.027000000000000017
0.046000000000000034
0.01800000000000001
0.06100000000000005
0.02100000000000001
0.03400000000000002
0.013000000000000005
-0.013000000000000005
0.05000000000000004
0.013000000000000005
0.004
0.005
-0.007
0.015000000000000006
0.008
-0.001
0.009000000000000001
0.0
0.0
0.0
0.0
0.0
0.0
-0.001
-0.005
0.002
-0.023000000000000013
-0.005
-0.026000000000000016
0.01800000000000001
-0.014000000000000005
0.015000000000000006
0.05500000000000004
0.012000000000000004
0.05300000000000004
0.01900000000000001
0.027000000000000017
0.03400000000000002
0.05100000000000004
0.01900000000000001
-0.006
-0.010000000000000002
-0.025000000000000015
-0.022000000000000013
-0.009000000000000001
0.0
0.0
0.0
0.0
0.0
0.0
0.0
0.0
-0.003
-0.015000000000000006
-0.016000000000000007
0.022000000000000013
0.04300000000000003
0.047000000000000035
-0.012000000000000004
-0.006
-0.011000000000000003
0.03200000000000002
0.017000000000000008
0.007
0.02000000000000001
0.02100000000000001
0.015000000000000006
-0.003
-0.004
-0.013000000000000005
-0.014000000000000005
-0.012000000000000004
-0.008
0.0
0.0
0.0
0.0
0.0
0.0
0.0
0.0
0.0
-0.007
-0.012000000000000004
-0.03000000000000002
0.01900000000000001
0.0
-0.015000000000000006
-0.003
-0.005
-0.035000000000000024
-0.015000000000000006
0.015000000000000006
-0.010000000000000002
-0.03900000000000003
-0.014000000000000005
0.024000000000000014
0.007
-0.005
-0.008
-0.008
-0.008
0.0
0.0
0.0
0.0
0.0
0.0
0.0
0.0
0.0
0.0
-0.003
-0.003
-0.010000000000000002
-0.028000000000000018
-0.02900000000000002
-0.03100000000000002
-0.02900000000000002
-0.035000000000000024
-0.05100000000000004
-0.022000000000000013
-0.010000000000000002
-0.007
-0.012000000000000004
-0.012000000000000004
-0.009000000000000001
-0.005
0.0
0.0
0.0
0.0
0.0
0.0
0.0
0.0
0.0
0.0
0.0
0.0
0.0
0.0
0.0
0.0
0.0
0.0
0.0
-0.001
-0.001
-0.010000000000000002
-0.011000000000000003
-0.005
-0.001
-0.004
-0.007
-0.008
-0.001
0.0
0.0
0.0
0.0
0.0
0.0
0.0
0.0
0.0
0.0
0.0
0.0
0.0
0.0
0.0
0.0
0.0
0.0
0.0
0.0
0.0
0.0
0.0
0.0
0.0
0.0
0.0
-0.001
-0.001
-0.001
0.0
0.0
0.0
0.0
0.0
0.0
0.0
