-337.91099999892134
0.0
0.0
0.0
0.0
0.0
0.0
0.0
-0.004
-1.1900000000000008
-1.1840000000000008
0.0
0.0
0.0
0.0
0.0
0.0
0.0
0.0
-0.05300000000000004
-0.10600000000000008
-0.10800000000000008
-0.20600000000000016
-6.542000000001679
-4.541000000001233
-20.862000000001128
-5.557999999999989
-0.024000000000000007
-0.006
-3.0579999999997742
0.0
0.0
0.0
-3.857999999999686
-16.52999999999954
0.2840000000000002
-17.912000000008145
8.343999999999076
16.4240000000022
-14.679999999995399
8.533000000003236
4.288999999996805
-2.673000000001602
1.7810000000009958
-11.86600000000242
2.790000000000316
0.0
0.0
-10.766000000000348
2.718000000000492
9.043000000004884
-0.23599999999999965
3.4579999999998616
2.965999999999315
5.457000000003366
-2.1900000000006132
4.770999999995668
6.509000000001625
21.213999999995856
15.781000000013062
-10.135999999999527
0.0
-0.005
0.41800000000000104
-15.178000000003188
2.3099999999995426
-1.3300000000012704
11.55000000001059
-1.2439999999997846
-3.9440000000079305
-7.266000000007184
-0.8780000000000007
-10.932999999995019
2.3840000000007926
33.74400000000375
2.0299999999998875
0.0
-0.001
-0.1530000000000001
14.612000000012191
8.820000000008703
10.738000000023174
15.224000000007733
2.0899999999973797
-14.321999999955992
-6.752000000006306
-20.696000000010265
-26.45200000001009
-51.13799999998786
-8.310000000000535
0.0
0.0
0.0
0.14299999999999932
-0.7600000000000008
-9.616999999992768
21.249000000002795
0.9100000000000009
17.03800000003027
-10.560999999968498
-5.11300000000283
10.883999999997684
11.659000000003074
-8.489999999999318
-15.510000000000625
0.0
0.0
0.0
9.555999999999576
-3.6759999999982034
10.094999999994968
13.47500000004115
6.3740000000094845
1.783999999998662
1.8389999999982436
-5.76399999999212
5.034000000002343
-4.115000000001058
10.002000000004527
7.662000000001606
0.0
0.0
0.0
-11.058999999998864
8.52500000000035
-20.593000000005834
-4.085999999999564
-0.05999999999999622
0.3709999999999993
0.5359999999999988
7.507000000002846
-4.5209999999994235
-14.281999999996735
14.563999999999238
14.62500000000033
0.0
0.0
7.14400000000048
-1.2120000000000328
15.885000000012655
3.148999999996347
-2.5950000000006
-9.847000000008254
16.95500000000596
-3.0480000000031477
-3.736999999999663
-5.050999999995254
6.056999999998947
2.5900000000006886
10.615999999999886
0.0
0.0
12.689999999999772
-5.943000000001813
2.612999999998187
-5.3360000000029135
18.185000000009435
8.22100000000079
-4.671000000002786
2.354000000000448
9.311000000002194
-0.20299999999999688
2.2919999999998097
-5.805000000001147
-6.5310000000001365
0.0
0.0
-0.007
-7.450000000002609
-4.345999999999872
2.754999999999348
2.296999999999051
-2.536999999999146
5.105000000001646
9.61599999999814
-2.070999999998527
4.639999999999319
2.647000000000264
5.7160000000002436
0.0
0.0
0.0
0.0
0.0
-0.002
-1.196000000000051
8.31199999999777
-6.9689999999998875
3.7010000000002723
-8.520999999999303
9.287999999999998
-1.3719999999999597
-0.014
-0.014
0.0
0.0
0.0
