-560.1629999936658
0.0
0.0
0.0
0.0
0.0
0.0
0.0
0.0
0.0
0.0
0.0
0.0
0.0
0.0
0.0
0.0
0.0
0.0
0.0
-13.004000000001012
-19.506000000000626
-0.9270000000000007
10.190000000001087
7.202999999995346
-13.63000000000175
5.617999999999363
-9.809999999999945
-3.180999999999645
14.603000000003247
0.0
0.0
0.0
-2.488999999999837
-23.882999999997548
6.4590000000006205
6.784000000001338
0.16899999999999607
-3.395999999996431
3.573999999998108
-3.9739999999998084
9.501999999996483
5.483999999997153
-4.224999999999038
18.653000000002162
3.1679999999997532
0.0
0.0
-34.65100000000227
-14.849000000006486
7.4480000000062985
1.066999999999905
-2.5870000000027464
13.172000000009191
-11.848999999983285
-3.337000000006449
16.35800000002416
-4.691000000009979
13.602000000003589
46.33900000000281
-10.161999999999836
0.0
-0.009000000000000001
-18.49999999999955
-18.10400000000239
4.081999999999543
13.066000000020177
10.253000000015753
-4.699000000004112
-17.75799999999023
0.5530000000000022
-26.62300000001738
6.937999999993914
-10.92099999999634
45.264000000016026
0.0
0.0
0.0
10.505000000001322
20.12900000000234
-3.8389999999997735
20.8560000000049
25.71999999998887
18.18400000002107
-8.245999999994796
-5.524999999987826
-23.86600000002417
-32.57700000004931
-42.27199999999056
8.254999999998464
0.0
0.0
0.0
14.970000000003882
9.91700000000282
2.9399999999930664
12.43400000001127
29.37299999998516
4.1349999999939016
-5.256000000014513
-0.26800000000000057
9.522000000014232
-1.0780000000002594
-14.034999999994504
-10.893999999999401
-0.001
0.0
-0.001
4.171999999998367
-4.090999999999942
-0.06100000000000044
11.521000000013998
29.27999999996247
4.74099999999493
-0.7380000000000012
-24.063999999988226
-3.1019999999990953
-2.784999999999082
-1.8370000000010673
16.995999999999132
-0.001
0.0
3.324999999999745
3.636000000001215
16.489000000015924
-13.68299999998197
-2.017000000003912
-31.696000000031518
-5.978999999989401
10.378999999998097
12.616999999990542
-2.918000000009139
-4.727999999993528
-14.22900000000888
16.118999999998664
-0.001
0.0
-1.0329999999999917
-1.8449999999999536
18.642000000013056
-11.384999999987683
16.96100000000568
11.985999999981463
25.083999999990997
-19.912999999997414
6.840999999993436
-4.1850000000009375
12.583000000014751
-6.489000000000529
17.29200000000056
-4.381999999999798
0.0
18.1610000000011
-8.398000000003995
15.289000000014955
0.7820000000000006
11.842000000020597
1.8759999999968946
-6.76799999999687
22.527999999990858
-10.836999999984366
-0.9999999999999886
2.642000000002283
24.217000000000933
-11.182000000000157
0.0
0.0
-1.09699999999999
1.345000000000954
2.9749999999998153
0.9409999999999996
-11.740000000001151
25.819999999976293
9.83400000000154
8.439999999998468
6.694999999998991
2.6710000000002467
28.515999999997415
6.912000000000643
0.0
0.0
0.0
0.0
0.0
-4.732999999999915
-9.369999999999798
19.78900000000029
3.321999999997848
2.1699999999997033
13.755000000002566
1.8779999999994774
-7.788000000000675
-1.243000000000001
-0.005
0.0
0.0
0.0
