-0.11600000000000009
0.0
0.0
0.0
0.0
0.0
0.0
0.0
0.0
0.0
0.0
0.0
0.0
0.0
0.0
0.0
0.0
0.0
0.0
0.0
0.0
0.0
-0.004
-0.005
0.003
-0.006
-0.004
0.0
0.0
-0.003
0.0
0.0
0.0
0.0
-0.009000000000000001
-0.027
-0.024000000000000004
-0.007
0.014
-0.003000000000000001
0.0069999999999999975
0.005000000000000001
0.006000000000000002
0.010000000000000002
-0.001
0.0
0.0
-0.002
-0.011
-0.014000000000000004
0.016
-0.014999999999999994
-0.009000000000000001
-0.017
-0.009999999999999995
0.006999999999999999
0.05300000000000002
-0.003000000000000001
0.06400000000000003
0.06600000000000003
0.001
0.0
-0.002
0.0
-0.022999999999999996
0.018
-0.045
0.015000000000000003
-0.006
-0.033000000000000015
-0.040999999999999995
-0.021999999999999985
0.012
-0.008
0.017000000000000005
0.0
0.0
-0.001
-0.001
-0.005999999999999998
0.021999999999999992
0.027999999999999983
0.0010000000000000035
0.028999999999999988
-0.031000000000000007
-0.01500000000000001
-0.029999999999999985
-0.07000000000000003
-0.05500000000000002
-0.010000000000000002
0.0
0.0
-0.001
0.003
0.003
0.004000000000000002
0.022999999999999993
0.018000000000000016
0.010000000000000002
-0.032
-0.018999999999999996
0.011999999999999997
-0.043000000000000024
-0.049000000000000016
-0.004
0.0
0.0
-0.001
-0.003
-0.01999999999999999
0.013000000000000005
0.008999999999999998
-0.022000000000000013
0.001
0.0050000000000000044
-0.021999999999999995
-0.001
-0.009000000000000003
-0.026000000000000002
-0.003
0.0
0.0
-0.001
0.003
-0.0019999999999999974
-0.048
-0.017999999999999995
-0.017999999999999995
-0.015999999999999997
-0.02300000000000001
-0.013999999999999995
-0.013999999999999986
0.015000000000000003
0.006
0.0
0.0
0.0
0.009000000000000001
-0.003
-0.003000000000000002
-0.015000000000000003
-0.004
-0.0049999999999999975
0.02100000000000001
-0.006999999999999998
0.02700000000000001
0.013000000000000005
-0.008999999999999994
0.01
0.0
0.0
0.0
0.019000000000000003
-0.006
-0.0019999999999999983
0.003000000000000001
0.04100000000000001
0.017000000000000005
-0.005
-0.007999999999999993
0.016
0.013000000000000012
0.0029999999999999983
-0.006
0.0
0.0
0.0
-0.009000000000000001
-0.018000000000000002
-0.020000000000000004
-0.023
0.009999999999999995
0.012999999999999994
0.025999999999999985
0.010000000000000002
0.046
0.01
-0.005
-0.003
-0.001
0.0
0.0
0.0
0.0
0.0
-0.004
-0.005
0.004
0.024000000000000007
0.022000000000000006
-0.017
-0.009000000000000001
-0.001
0.0
0.0
0.0
0.0
