-308.91399999960703
0.0
0.0
0.0
0.0
0.0
0.0
0.0
0.0
0.0
0.0
0.0
0.0
0.0
0.0
0.0
0.0
0.0
0.0
0.0
0.0
-0.003
-15.634000000000897
8.150999999998255
-0.29800000000000015
1.0639999999999505
2.290999999999627
0.013
0.034000000000000016
12.788000000002395
0.0
0.0
0.0
-0.2850000000000002
-15.439000000000686
5.026000000000579
-0.8259999999999993
-0.9859999999999938
8.78100000000602
-1.7870000000005963
1.6440000000004429
7.5119999999970775
-13.180999999999646
7.074999999996804
10.844999999999288
0.0
0.0
-0.1360000000000001
-5.960000000000272
-8.137999999996957
9.554000000004216
-6.866999999998734
2.764999999998523
4.835000000003366
4.113999999997379
-11.266999999994663
14.07300000000468
-6.605000000007377
14.710000000003081
22.234999999998692
8.04500000000045
0.0
-0.024000000000000014
-1.7680000000001033
6.8440000000005154
7.722000000008349
6.351000000003535
14.057000000027335
-7.8289999999928295
1.2049999999991658
-5.762000000012489
6.490999999996042
-6.317000000002311
-6.887000000000616
30.130999999998252
6.596000000000537
0.0
0.0
3.6159999999996986
0.28999999999999854
1.139999999999417
7.432000000004811
12.10600000001005
2.023999999994979
-0.8120000000000006
-6.356999999991844
-20.942000000001574
-11.601999999992243
-25.12200000000051
-15.176999999997028
0.0
0.0
-0.002
-6.62499999999761
-0.1760000000000005
-0.9469999999999997
5.652999999996158
19.565000000007466
4.504999999997159
-0.9290000000000007
4.5400000000004495
6.148000000000746
3.789000000003039
-3.0220000000006646
7.597000000000872
-0.006
0.0
-0.002
1.6019999999996242
17.693000000002797
-9.58799999999714
13.506000000010106
7.132999999995927
4.507999999995655
-8.290999999981594
-13.67800000000024
-2.566000000004166
-6.6559999999939246
-0.8320000000000007
7.661000000001965
-0.006
0.0
0.09700000000000007
2.128999999999785
-7.315000000002747
-0.27200000000000013
-2.9120000000036246
-16.88900000000354
1.319999999999809
-0.5520000000000003
11.79900000001033
0.5420000000000009
6.3560000000082635
-4.492000000000441
4.699999999999656
-0.007
0.0
-0.011000000000000001
11.407999999994574
10.86800000001132
-6.284000000005013
5.367999999998072
15.031999999978131
1.4199999999994701
-5.855000000002729
-2.9020000000031243
-12.79899999999928
1.2620000000010512
-5.4689999999991805
4.675999999999896
-0.010000000000000002
0.0
-0.022
-14.104000000003174
10.50399999999578
5.033999999995691
3.7609999999905335
2.964999999995284
-0.5010000000000003
9.323999999995268
-1.5609999999988355
1.133000000000251
-8.659000000002218
7.07299999999975
-0.04800000000000001
0.0
0.0
-5.391000000000135
-4.196999999999284
11.648999999998756
-6.324999999990431
-5.430999999998847
-2.2080000000000357
10.711000000003233
2.0150000000002524
3.2279999999997386
-1.9599999999990578
14.90200000000078
-0.4390000000000003
0.0
0.0
0.0
0.0
0.0
6.367999999999521
12.46800000000007
4.105999999999772
5.0180000000007166
0.8430000000000007
4.125999999999559
3.256999999999675
-3.1460000000000026
-3.1500000000000026
-0.002
0.0
0.0
0.0
