-696.0439999904527
0.0
0.0
0.0
0.0
0.0
0.0
0.0
0.0
0.0
0.0
0.0
0.0
0.0
0.0
0.0
0.0
0.0
0.0
0.0
-6.697999999999484
-10.047000000000269
11.041999999999828
1.3029999999993152
1.2559999999999174
-12.381000000000784
-1.8719999999996202
-3.1879999999998705
1.4240000000001893
12.689000000002881
0.0
0.0
0.0
-0.021000000000000005
-36.71000000000211
-2.24799999999977
-8.806999999994527
5.944999999997314
8.111000000001443
-1.509000000000953
-1.51300000000017
-2.883000000004103
21.439999999998147
-10.378999999993077
5.773000000002984
-0.05100000000000003
0.0
-0.010000000000000002
-24.411000000002293
-6.632999999997573
9.947999999995192
-7.12199999998185
4.861000000008807
9.975000000019172
4.9179999999948905
-3.974000000008967
10.16000000000014
5.873999999989377
36.479999999986944
27.801999999982204
15.49100000000575
0.0
-1.1809999999999807
6.602000000000026
-25.251999999991916
4.219000000002749
13.133000000017383
10.730000000026449
-17.784999999980897
-13.956999999967037
-8.270000000024586
-9.472999999995915
-11.655000000006664
-2.2309999999997654
60.670000000019016
2.7839999999998044
0.0
-0.002
1.5000000000002487
19.739999999999565
9.371000000014249
15.471000000060323
40.2020000000136
15.688000000061267
-9.926999999987235
-7.862999999990222
-34.8970000000208
-48.523999999945
-60.053999999936174
-0.5700000000000008
0.0
0.0
0.0
1.6959999999993902
20.131999999995724
3.114999999995959
23.217999999992845
38.07200000000653
5.312999999999423
1.4449999999971719
-7.50699999996329
10.712000000017321
16.528000000003424
-25.97200000000875
-8.928000000000491
-0.001
0.0
0.0
15.829000000004603
-0.43299999999999983
-1.145000000000648
28.01799999997318
11.96700000002599
4.913999999995129
-4.500999999998174
-13.708999999982115
-6.449999999955729
-13.37499999998984
1.997000000000328
8.546000000001287
-0.001
0.0
0.008
-17.409000000000365
19.575000000006284
-25.350000000018984
-6.029999999995041
-32.94200000002491
5.953000000008487
8.97500000000836
15.305999999991803
-10.967999999974436
-7.953999999980233
-6.696000000000811
3.886999999998725
-0.001
0.0
10.122999999999829
-1.4719999999996274
27.95599999997431
-6.830000000009495
24.884999999989564
6.432999999995749
17.839000000001814
-6.93000000000363
-10.501999999997098
6.3360000000090535
10.009000000003741
-9.568000000005267
3.8789999999972986
-0.07300000000000005
0.0
26.75999999999915
-0.6179999999999984
16.225000000004247
-6.866000000004693
19.769000000011946
0.31600000000000833
-5.489999999998377
22.61399999999635
-7.055000000001673
-1.3409999999932438
-0.6060000000000035
6.423999999992585
-8.93300000000025
0.0
0.0
-0.7240000000000005
-14.475999999986135
26.24900000001576
-2.3529999999998257
-9.28000000000425
27.872999999990345
4.120999999994214
7.906999999996
-1.216999999999993
25.958999999971198
22.230999999997884
16.841999999998635
-0.002
0.0
0.0
0.0
0.0
6.123999999998383
2.0049999999997663
27.451999999993326
-8.482000000001927
14.814000000000775
15.55900000000557
18.15000000000106
-12.916999999999055
-4.47099999999973
-0.003
0.0
0.0
0.0
