-632.045999991966
0.0
0.0
0.0
0.0
0.0
0.0
-0.004
-0.002
-0.006
0.0
0.0
0.0
0.0
0.0
0.0
0.0
0.0
0.0
-4.485999999999833
-8.529999999999518
-12.802000000000373
5.118999999999662
0.7890000000000017
0.18600000000000028
-23.057000000000794
4.150999999999716
0.1410000000000001
0.2960000000000002
5.324000000000113
0.0
0.0
0.0
-12.068999999999988
-20.337999999999873
-16.673999999998323
-6.61499999999677
14.96599999999531
4.382000000003934
-4.717999999998183
3.841999999993195
2.2489999999957506
19.572999999999805
-15.656999999972152
13.769000000001949
0.031
0.0
-3.7909999999996935
-25.012000000003102
-10.218000000000723
12.98799999999372
-0.8140000000000024
-6.1789999999867575
12.028000000005557
-3.0890000000085007
3.975999999991963
7.87299999999714
12.01500000001025
27.618999999957552
26.43799999998815
7.917999999996825
0.0
-0.012000000000000004
-6.986000000000188
-8.012999999997994
-7.336999999994885
14.146000000020491
15.99100000004489
-10.95099999997483
-16.584999999997926
-4.808000000017363
-13.264000000009448
-14.215000000009598
1.050000000000405
56.25400000000539
20.02500000000149
0.0
-0.003
3.9349999999992895
10.628000000008361
5.860999999996252
7.300000000034266
46.089000000026
16.817000000008253
-16.26699999994819
-5.67799999999718
-27.72200000003958
-45.92399999996168
-57.23899999992558
-10.701999999998176
0.0
0.0
0.0
7.72600000000296
19.754999999997853
5.6599999999984405
24.69299999999916
9.215000000040911
11.489000000074233
-7.282999999982684
-5.148999999997496
22.79900000001161
9.475000000008885
-20.015000000001464
5.407000000000138
-0.002
0.0
0.0
14.945000000004578
-4.382000000000821
-0.9089999999999994
21.32899999998564
20.04900000000322
5.827999999995601
0.9799999999999992
-19.38599999998847
-5.112999999987428
-3.2670000000017216
-9.192000000001284
24.668000000003033
-0.002
0.0
3.7079999999997026
-8.125000000002794
0.18000000000000083
-25.77300000003057
-6.014999999996995
-32.555000000032216
1.9079999999975552
3.51900000000199
21.398000000002703
-2.291000000009825
-3.7290000000016597
-6.8890000000027625
18.54800000000051
-0.026000000000000016
0.0
5.505000000000813
2.7339999999984
28.685999999978815
-1.4550000000004202
15.49299999999684
14.083000000000323
17.84000000001301
-8.45399999998768
1.8999999999984558
-4.327999999999246
33.1489999999777
-9.780000000002875
22.409000000000905
-0.001
0.0
15.488000000003291
-9.820999999999803
6.025999999992436
6.315999999991923
5.761000000001029
0.46800000000000047
0.5209999999999995
7.9420000000036985
-5.291000000008563
-10.670000000009011
-3.4880000000002593
5.054999999999301
-9.910000000000263
0.0
0.0
-4.375999999999796
-13.631999999994186
17.456999999995315
-14.267000000004579
6.223000000003168
9.541999999988567
13.992999999992989
21.903999999989015
-3.0820000000063357
14.55700000001875
14.494000000001213
4.973999999999933
0.0
0.0
0.0
0.0
0.0
-7.0900000000013215
5.845000000000856
20.20899999999918
-18.212000000002334
17.319000000001292
-4.968999999999749
4.381999999999004
-2.410000000000158
-5.157999999999876
-0.007
0.0
0.0
0.0
