-107.39600000014875
0.0
0.0
0.0
0.0
0.0
0.0
0.0
0.0
0.0
-0.006
-0.003
0.0
0.0
0.0
0.0
0.0
0.0
0.0
0.0
0.0
0.0
5.191000000000068
-6.895000000000291
-5.800000000000664
-1.9970000000002757
1.1260000000000043
0.034000000000000016
0.01800000000000001
0.01900000000000001
0.0
0.0
0.0
-4.145999999999765
-1.3310000000000684
0.6870000000000005
-3.733999999998483
0.28900000000000037
-0.8570000000000015
-1.7350000000005816
-2.054999999999258
2.592000000000784
6.536000000002057
2.8700000000000285
2.896000000000017
1.631999999999931
0.0
-2.0729999999998827
-10.198999999999414
-3.6969999999994636
2.992000000000388
0.9750000000000019
0.9870000000000004
7.479999999996309
-7.734000000000031
0.627
-1.1710000000000198
2.059000000000125
3.3249999999996884
13.639000000001392
0.46300000000000013
0.0
-0.04000000000000003
1.971000000000063
-5.935999999998872
0.03599999999999996
-0.9370000000000005
9.860000000004307
-5.026000000002497
-3.3510000000005866
-2.828000000000818
0.3589999999999994
-3.259000000001757
-4.558000000002186
7.296999999998467
0.035000000000000024
0.0
-0.03900000000000003
-2.3679999999999364
9.25200000000201
4.142000000000832
2.634999999998504
13.74899999999972
5.227999999997302
-7.1610000000034395
-1.2749999999996804
-6.678000000000862
-7.499999999999437
-1.5589999999998885
-2.425999999999844
0.0
0.0
0.0
3.639000000000321
2.0049999999995047
8.202999999999468
0.22599999999999998
-1.7360000000010287
2.787999999998343
-1.0240000000001002
-8.238999999996699
-1.1920000000004265
-7.785999999996501
-18.22499999999975
-0.002
0.0
0.0
0.0
-0.7210000000000004
-6.434999999998623
3.1909999999990086
10.59700000000121
1.022999999999932
-0.7120000000000005
-5.86199999999885
0.8280000000000006
-0.12700000000000006
2.8250000000001823
-6.093999999999252
-1.4299999999999853
0.0
0.0
0.9480000000000007
0.5540000000000004
-5.107000000000083
-10.397999999996575
-13.581999999994004
-3.469000000000617
3.443999999999958
4.719000000000527
8.832000000005122
5.969000000002626
-3.596999999999964
0.021999999999999683
-1.4979999999999827
0.0
0.0
0.0
9.329999999998337
8.527000000000628
6.704999999994127
3.37200000000012
5.622999999997486
-1.1990000000002463
-8.495999999998109
0.8500000000000009
-5.167999999998916
12.34399999999816
3.8469999999998876
-1.3919999999999866
0.0
0.0
-0.001
-6.418999999999648
-0.5329999999999986
0.5140000000000002
2.3339999999983307
-2.3110000000000483
-1.5549999999995383
5.9270000000019865
-0.48200000000000043
-0.38900000000000073
-1.4979999999996452
0.9690000000000009
-0.009000000000000001
0.0
0.0
0.0
-4.6889999999995995
-1.909000000000046
1.9269999999989864
2.958999999999816
2.4680000000002393
4.726000000000511
-3.736999999998806
-0.8030000000000015
2.21800000000032
-1.8239999999999947
-1.3819999999999586
0.0
0.0
0.0
0.0
0.0
1.5340000000000011
1.4830000000000012
2.7199999999999154
-3.9019999999999646
-5.797999999999713
2.4809999999999124
5.795999999999916
1.9549999999997605
-2.6799999999999193
0.0
0.0
0.0
0.0
