-0.8440000000000006
0.0
0.0
0.0
0.0
0.0
0.0
0.0
0.0
0.0
0.0
0.0
0.0
0.0
0.0
0.0
0.0
0.0
0.0
0.0
0.0
0.0
0.0
-0.006
-0.05200000000000003
-0.09100000000000005
-0.047000000000000035
0.002
0.001
-0.012000000000000004
0.0
0.0
0.0
-0.003
1.734723475976807E-17
0.056000000000000036
-0.05700000000000002
-0.008999999999999994
-0.030000000000000013
0.028000000000000025
-0.015000000000000008
0.00899999999999998
0.019000000000000017
0.03400000000000007
0.04600000000000002
0.001
0.0
-0.002
-0.12000000000000006
-0.09000000000000004
0.039999999999999994
0.06600000000000004
-0.08100000000000002
-0.03500000000000002
0.04500000000000001
-0.07699999999999999
0.027000000000000128
-0.021999999999999967
0.20100000000000015
0.07900000000000006
-0.03300000000000002
0.0
-0.010000000000000002
-0.017999999999999995
-0.039999999999999994
0.05500000000000001
0.07500000000000008
0.11200000000000006
-0.06999999999999999
-0.13700000000000007
-0.07600000000000003
0.045
-0.10500000000000004
-0.08
0.22500000000000014
0.03100000000000002
0.0
-0.008
0.03299999999999997
-0.029000000000000043
-0.02100000000000003
0.03299999999999989
0.08400000000000012
0.03800000000000002
-0.028999999999999984
-0.03600000000000009
-0.1410000000000001
-0.09300000000000005
-0.05799999999999998
0.10200000000000006
0.0
0.0
0.0
0.05800000000000002
0.07300000000000005
0.03899999999999994
0.07800000000000004
0.08000000000000003
0.026999999999999972
-0.03700000000000002
-0.038000000000000006
0.002000000000000001
-0.04500000000000012
-0.1540000000000001
-0.04300000000000003
0.0
0.0
0.0
-0.04400000000000003
-0.08100000000000006
-0.03500000000000002
0.08600000000000005
0.013000000000000027
0.050999999999999976
-0.061999999999999986
0.022000000000000026
-0.005000000000000004
0.071
-0.09200000000000008
-0.026000000000000016
0.0
0.0
0.0
0.0010000000000000243
0.060000000000000026
-0.15700000000000008
-0.05800000000000005
-0.046999999999999986
-0.023999999999999987
0.011999999999999993
0.04200000000000002
-0.07200000000000001
0.08600000000000003
9.999999999999966E-4
-0.006
0.0
0.0
0.0
0.012000000000000004
0.03599999999999996
0.07500000000000004
0.01999999999999995
0.03299999999999999
-0.011999999999999993
-0.024000000000000056
0.041000000000000036
-0.09400000000000007
0.006000000000000015
0.025000000000000022
-0.003
0.0
0.0
0.0
-0.061000000000000026
0.02300000000000005
0.044999999999999984
0.048
0.07200000000000004
-0.04600000000000003
-0.002000000000000001
-0.01700000000000005
0.08700000000000004
-0.018999999999999986
-0.034
0.0
0.0
0.0
0.0
-0.04300000000000003
0.023999999999999994
-0.03499999999999999
-0.03299999999999999
0.05300000000000005
-0.044999999999999984
0.08200000000000006
-0.09800000000000006
0.07600000000000003
-0.017000000000000008
0.0
0.0
0.0
0.0
0.0
-0.001
0.05200000000000003
0.06300000000000004
-0.003
-0.029000000000000012
-0.036
0.013000000000000001
-0.04300000000000002
-0.030000000000000013
0.0
0.0
0.0
0.0
0.0
