-2714.8670000943416
0.0
0.0
0.0
0.0
0.0
0.0
0.0
0.0
0.0
0.0
-0.002
0.0
0.0
0.0
0.0
0.0
0.0
0.0
-3.8159999999996908
-46.90100000001136
-70.35700000000254
10.801999999996841
11.150000000002407
0.06300000000000833
-54.83099999999932
20.4219999999969
-30.357999999994053
-4.010999999998929
53.13700000002647
0.0
0.0
0.0
-33.862999999997804
-111.26799999989251
-22.26300000000599
-16.45400000006395
69.01600000009356
35.495999999984214
-2.6070000000057085
-1.5739999999975414
44.59500000007126
32.22400000005827
-27.526000000152713
10.370000000000086
0.5490000000000004
0.0
-15.019999999997115
-139.2759999999586
-40.82700000001919
41.5479999999749
-6.849999999972086
-19.765999999965757
51.53900000028609
6.664000000039537
-19.018999999998414
60.71700000023336
23.026999999932126
119.08699999957986
132.94299999971537
33.36699999998662
0.0
-0.23300000000000018
3.428999999998171
-52.793000000102225
14.94000000002452
59.33000000020993
59.35600000015322
-33.51000000015167
-51.63399999982517
-16.993999999929926
-56.579999999994996
-48.183000000029274
25.829999999939396
244.063999999397
30.7530000000146
0.0
-0.003
40.132000000002854
56.90000000002261
9.723000000066085
58.43800000045295
163.7380000010067
52.850000000249665
-48.540999999662496
-39.30899999997211
-111.6090000008376
-193.78699999937766
-262.5769999996215
48.404000000065146
0.0
0.0
-0.001
40.51700000000624
81.47299999998252
12.735999999969268
83.1529999999687
113.40499999921694
23.827999999823874
-9.88099999982379
-18.699999999879097
60.16500000009981
19.00500000002143
-54.54799999998952
-9.444000000000205
0.0
0.0
0.0
42.42600000001942
-32.27399999999665
-0.10499999999997597
103.31099999951394
63.08800000044845
30.575999999901295
-31.210000000099726
-62.21400000000188
-10.012999999843691
-8.004999999996247
0.7300000000000002
32.62400000002549
0.0
0.0
26.695000000009642
22.961999999990464
55.30700000009962
-97.45000000047747
-28.610000000068045
-100.88100000041813
-19.625999999985524
58.86000000006782
71.66700000000212
-30.81199999997802
-43.09499999998715
-9.88700000000536
13.655999999992916
0.0
0.0
-15.782000000011738
19.331000000000312
87.11199999982288
-16.702999999903547
50.11100000011357
14.89399999993329
99.3069999998073
-57.779999999402534
-25.80600000003594
10.559000000072418
61.99200000022984
-45.06700000005137
55.49299999997704
-0.009000000000000001
0.0
92.91199999999137
-51.665000000024186
68.24300000003296
-5.820000000037608
38.84900000004167
30.626999999784232
-23.577999999995907
40.557000000043466
-10.439999999904703
-29.310000000062598
-25.262000000022642
35.07700000000288
-27.212000000002423
0.0
0.0
-4.204999999999739
-23.505000000050842
89.35500000009186
-50.02300000000921
-22.9039999999529
79.24400000000048
45.60799999999563
74.71600000002518
-21.48200000003218
99.23799999965283
97.94399999994735
20.355000000001933
-0.001
0.0
0.0
0.0
0.0
-12.203999999996087
10.883999999999634
76.8600000000021
-25.92699999997413
22.481999999997957
15.991000000009342
46.0360000000112
-9.825999999999823
-9.845999999999826
-0.006
0.0
0.0
0.0
