-764.9089999888242
0.0
0.0
0.0
0.0
0.0
0.0
0.0
0.0
0.0
0.0
0.0
0.0
0.0
0.0
0.0
0.0
0.0
0.0
-0.001
-13.71800000000125
-20.592000000000667
3.3149999999996234
-0.2299999999999988
3.290999999997528
-12.624000000000525
2.061000000000518
-7.741999999999369
2.2060000000004307
19.794999999999888
0.0
0.0
0.0
-11.091000000000374
-19.57900000000004
5.1009999999988755
-1.900000000004029
16.347000000020344
6.13800000000705
-3.646000000001003
6.978999999993161
1.8169999999996405
14.529999999997163
-4.99400000000297
10.96599999999835
0.11300000000000007
0.0
-5.536000000000183
-35.980000000001304
-15.68800000001378
5.3650000000014275
-8.623999999987825
3.9459999999966766
10.242000000013904
-6.842999999988361
3.1909999999895917
11.47300000001633
10.06600000000443
33.87499999998775
29.459999999980965
5.780999999999769
0.0
-9.387000000000237
3.540999999999132
-21.72300000000075
4.933000000003634
19.940000000003206
11.451000000022969
-6.144999999995666
-10.01199999999028
-9.110000000018875
-12.13199999998503
-10.911999999997663
7.015999999988014
78.94500000000205
11.74599999999893
0.0
-0.001
7.019000000000485
17.95200000000787
3.737000000000407
11.659000000021361
56.024000000076796
9.116000000010867
-18.406999999980513
-2.6340000000006762
-38.56099999999852
-54.12199999990636
-78.7070000000134
-13.074999999993828
0.0
0.0
-0.001
8.790000000001875
20.340999999997692
7.644000000000127
21.355000000010335
33.03399999995309
7.542000000009997
-3.2090000000192136
-5.461999999993349
18.098000000002745
6.4200000000056585
-11.93799999999631
-1.5849999999999362
0.0
0.0
-0.001
14.157000000003062
-4.160000000002864
-3.9570000000067935
26.109999999993327
17.113000000031757
3.459999999995978
-8.923999999970334
-18.405999999979205
5.725000000029768
3.287999999999413
-7.0859999999948515
9.561000000000032
0.0
0.0
8.33600000000082
4.307999999999708
12.043000000020768
-20.562000000004964
-7.0659999999908365
-25.413000000028877
-8.534999999991273
20.439999999997042
16.13800000001198
-11.360999999995151
-15.78799999998144
5.123000000004284
3.9309999999987637
0.0
0.0
6.477000000002571
3.4459999999950517
15.77800000001424
3.006999999989117
14.125000000017183
-0.8830000000000005
22.92899999999875
-9.341999999992478
-1.3980000000021282
2.672999999996082
14.351000000017017
1.3610000000000892
8.255999999998965
-0.001
0.0
34.12199999999886
-11.793000000003653
6.994999999989289
10.812000000030293
5.379999999997644
9.237000000012939
-13.156000000003695
9.53600000000506
7.7549999999999955
-12.81600000001356
-2.388999999998457
-6.917000000004663
-2.333999999999854
0.0
0.0
-6.8990000000002585
-9.34000000000112
23.25100000000361
-18.42800000000629
10.838999999993003
10.659999999995295
15.75799999999911
18.838000000002673
-4.274000000006368
27.54899999997516
26.771999999994033
6.080000000000365
0.0
0.0
0.0
0.0
0.0
-4.846000000000229
-13.834000000001573
19.432000000000006
-4.346000000000006
11.707000000001058
-6.707000000002322
20.915000000000944
5.243000000000262
-1.8420000000000014
-0.002
0.0
0.0
0.0
