-223.83300000070471
0.0
0.0
0.0
-0.016999999999999998
-4.518000000001978
-19.89900000000028
-2.3469999999999778
14.429000000005582
10.118999999999831
-5.290999999999446
-0.3229999999999971
5.743999999991726
-1.5009999999997046
2.4009999999993217
-1.152999999999989
16.81599999999924
-0.2910000000000002
-4.217000000001129
0.7909999999999978
7.597999999989346
-3.7340000000052713
-4.546000000006644
-10.31900000000859
-24.759000000010133
-0.011000000000000003
-0.443999999999997
3.0879999999940932
10.9299999999922
-6.401999999999433
-2.4050000000016722
1.6860000000010305
0.5279999999999988
-2.624999999999822
1.3889999999991938
-1.883000000002416
-0.10099999999993033
5.550999999996264
0.5089999999999997
-1.3369999999988027
5.583000000000681
18.939000000000167
8.821999999992867
-18.919999999999497
0.10899999999999241
5.3539999999985115
3.3479999999974215
13.966000000002268
0.0
0.0
