-1188.5499999788065
0.0
0.0
-0.07700000000000005
-1.2920000000003693
-15.673000000008658
-5.405000000005126
19.820000000000928
27.426999999972647
-20.04099999999781
-74.65499999999987
-3.4240000000004533
18.308000000029985
-7.136999999986611
15.332999999946445
0.11300000000009615
67.2309999999868
0.17600000000000013
-19.45999999999533
3.037999999995802
40.96300000036337
-8.143000000005966
-19.65800000002897
-41.55099999998084
-101.76400000003895
-0.001
15.558000000037223
8.725999999977368
43.104000000269
-19.798999999993327
4.106999999974448
12.930000000003929
-0.8360000000000004
19.932000000001377
6.722999999999361
-20.743000000012305
16.679999999944798
15.279999999970666
-0.1959999999999874
9.911999999977613
-9.482000000000706
12.12200000000746
3.1299999999718042
-15.440999999983935
6.789999999995063
12.167999999997633
8.082999999996721
27.87599999998891
-0.012000000000000004
0.0
