-96.43500000009641
0.0
0.0
-0.005
5.520000000000602
0.9760000000000012
-0.21100000000000016
-0.011000000000000003
6.419999999999204
0.0
-14.754999999998681
-3.0889999999993045
0.12399999999998712
-0.6930000000000116
2.059000000001257
0.0949999999999862
7.004000000001037
-2.0659999999998835
3.2369999999990102
0.6749999999999986
2.67099999999851
-0.9910000000000002
-3.987000000002825
-5.786000000001568
-15.852000000000748
0.0
1.1569999999998213
1.1969999999995278
4.352999999998963
-3.1040000000037744
0.03299999999997071
0.4720000000000071
3.970000000000701
4.794999999999936
1.2849999999994997
-3.986999999997273
4.730000000001364
1.2859999999984466
0.00400000000002199
1.287000000000646
5.900999999999252
-8.312000000000833
0.6480000000000208
-6.563999999996601
3.186000000001725
2.9350000000000382
5.2080000000031745
5.9710000000003145
0.0
-0.001
