-896.3979999857149
0.0
0.0
-0.05999999999999999
2.387999999999959
-0.027999999999929692
-44.9950000000054
-2.388999999999978
13.189000000010433
-14.696000000001575
-85.07999999999868
-1.860000000003122
14.972000000006716
-6.224999999998975
11.094999999972844
-3.644000000009229
51.559999999987646
-2.434999999999843
3.5659999999977816
2.4700000000006717
29.656000000331325
-7.997000000018212
-20.544999999995106
-31.99700000001967
-64.37299999998336
-0.006
22.445999999989173
6.183999999959832
37.173000000174326
-16.58900000002273
3.484999999975547
5.755000000009014
4.831000000001479
9.984999999999905
3.324000000002918
-10.848000000060706
12.882999999964897
14.134999999963785
-1.5110000000031034
3.8949999999961715
-4.196999999999684
-1.8669999999993918
4.500999999982658
-10.597999999989888
10.183000000020154
9.652999999991913
9.662000000008016
15.527999999997181
-0.024000000000000007
-0.001
