-635.3099999918888
0.0
0.0
-0.051
13.851000000003344
5.337000000001655
-14.756999999999284
10.053000000000269
22.460000000002175
-8.333999999998083
-62.29999999999883
-0.45799999999997343
9.870999999994364
1.1829999999948957
2.6579999999969974
0.36600000000000577
31.595000000030357
-6.948000000000655
-3.4250000000002108
3.0959999999981482
24.69800000010102
-4.051000000010526
-12.41900000001628
-13.66799999997543
-36.02000000000131
0.0
0.615000000000007
4.973999999987932
24.261000000074088
-10.933000000011157
5.848999999988365
-3.4990000000056343
20.059000000005046
-0.003
-1.8690000000023557
-18.490000000022082
16.639999999978446
-2.080000000007531
-0.5970000000000687
4.932999999996981
15.603999999996292
2.17699999999905
10.426000000003468
-18.300999999996957
5.092000000004667
6.835999999987488
-1.224999999999293
7.035999999999837
-0.01
0.0
