-388.0239999977363
0.0
0.0
0.0
2.957999999999784
-9.352999999999922
-12.4099999999965
-0.024000000000000014
24.558000000008544
-4.251999999999754
-10.051000000000405
-5.536999999996988
3.8579999999986807
5.630000000003626
3.7939999999990635
0.9260000000000136
28.876000000001994
-3.541999999999721
-13.371000000005578
-1.3550000000006366
12.96999999999569
-0.13399999999987017
-6.998999999995955
-17.278999999985174
-49.20499999999125
0.0
-13.024999999990156
0.8240000000000136
10.078000000000412
-8.16999999998458
2.0629999999946436
6.7590000000044315
-19.764000000000397
7.217000000000745
8.172000000003038
-6.000000000005299
3.6739999999936437
4.142999999984155
-1.617000000002323
10.421000000001575
-5.375000000000051
7.975999999997211
3.5089999999945016
-19.38299999999812
-2.6950000000010026
14.211000000011898
-7.152000000004093
13.857000000001838
0.0
0.0
