-4030.341000362339
0.0
0.0
-1.342000000000001
-28.131000000000952
-35.27000000000472
-44.534000000001306
79.37200000000381
100.41699999975361
-49.31100000005399
-238.41899999966734
-5.133999999998839
58.68200000019571
-26.938000000162887
44.61999999988735
-9.817000000075526
215.53400000105862
0.7530000000000007
-56.272000000137275
10.494999999973746
138.29900000041786
-31.946999999486103
-73.88099999958816
-131.94200000055665
-300.60199999770157
-0.001
59.30200000028167
26.22100000043425
153.1039999994133
-62.487999999635065
11.87799999998268
20.683000000128704
19.62000000002352
57.9259999999557
23.829999999923064
-64.15499999990816
67.02400000057095
49.61400000056206
3.704999999884828
25.911999999932164
-19.842000000005243
0.47000000000000036
35.64299999998822
-58.51999999993027
22.380999999972058
49.26199999989499
33.34999999991
91.34799999997884
-0.019000000000000003
0.0
