-1050.411999982073
0.0
0.0
-8.949999999999658
-20.984000000001473
-2.485999999999937
-18.524000000002125
30.197000000001033
20.557999999984208
-19.988000000000785
-70.96000000000127
-1.8119999999977554
16.103000000000993
-6.080999999998581
8.2909999999717
-2.799000000001493
56.549000000013436
-2.150999999999874
-17.162999999999446
1.410999999999961
34.984000000336955
-10.2450000000355
-19.7140000000095
-34.623000000034104
-63.302999999988856
-0.001
17.498000000015352
6.802999999971774
40.769000000279995
-18.52400000002419
6.898999999994618
4.155999999984778
14.492000000001429
12.997999999998235
7.580999999982528
-17.008000000006938
20.874999999916046
12.826999999961718
-3.9110000000246625
9.513999999984668
-9.665000000001507
-6.754000000004141
7.140999999962106
-11.678999999981924
6.836999999999677
20.882000000030633
5.375000000005761
24.40299999998772
-0.04200000000000002
0.0
