-860.3259999865679
0.0
0.0
0.0
0.33000000000000024
-7.080999999997822
-20.780000000001085
1.0520000000000007
34.79199999997874
-7.159999999997428
-40.50099999999931
-4.878999999999346
14.732000000002337
-2.4430000000040226
7.070000000003766
-2.805999999999003
46.19199999993959
3.91499999999968
-21.389999999979363
0.5649999999999504
28.195000000257345
-3.4950000000141794
-12.779000000022373
-25.248000000043724
-45.74699999999017
-0.006
8.859000000001165
4.190999999976521
31.30400000020797
-11.118000000029692
5.40699999998743
7.459000000016413
11.335000000001678
9.77800000000002
7.854999999997966
-17.523000000007503
12.376999999974192
7.188999999994307
-2.667000000012122
3.519999999991942
3.1209999999985656
6.450999999991755
7.657999999986038
-16.685999999993445
2.551999999998679
12.68300000000144
5.400999999996251
21.729999999989477
-0.04100000000000002
0.0
