-463.8669999959429
0.0
0.0
-0.24600000000000016
10.089000000001855
-0.22899999999999787
-9.263000000000645
-10.079000000000036
6.747000000002246
9.678000000000075
-60.4179999999961
-3.7130000000038774
8.395999999991027
-3.6830000000003906
9.761999999978633
-2.4740000000021154
38.80599999999716
8.248000000000868
-3.2120000000001623
5.214000000003691
16.36099999994151
-4.140000000004164
-8.804000000010815
-14.8109999999841
-52.22699999998966
0.0
-10.280999999999882
6.565999999979709
18.074000000007683
-8.837999999994604
2.7959999999960217
5.341999999996589
-1.3320000000002108
-0.09300000000000004
-2.9550000000058865
-10.586000000025395
8.78300000000736
4.712999999989202
-0.823999999999993
6.704999999987113
8.407999999998216
-6.7670000000005945
1.6489999999956966
-6.235999999998997
-5.710999999996713
3.5539999999979357
-3.978999999996342
5.778999999999865
-0.026000000000000016
0.0
