-479.339999995577
0.0
0.0
0.0
0.0
0.0
0.0
0.0
0.0
0.0
0.0
0.0
0.0
0.0
0.0
0.0
0.0
0.0
0.0
0.0
0.0
0.0
0.0
0.0
0.0
0.0
0.0
0.0
0.0
0.0
0.0
0.0
0.0
0.0
0.0
0.0
0.0
0.0
0.0
0.0
0.0
0.0
0.0
0.0
0.0
0.0
0.0
0.0
0.0
0.0
0.0
0.0
0.0
0.0
0.0
0.0
0.0
0.0
0.0
0.0
0.0
0.0
0.0
0.0
0.0
0.0
-0.45600000000000035
-0.45600000000000035
-2.625999999999822
-2.625999999999822
-0.45600000000000035
-4.95599999999999
-9.29200000000029
-10.395999999999677
-10.396999999999677
-2.2569999999998624
-2.253999999999863
-1.3039999999999672
-3.424999999999734
-3.423999999999734
-2.2749999999998605
-2.2749999999998605
-2.122999999999877
0.0
0.0
0.0
0.0
0.0
0.0
0.0
0.0
0.0
0.0
0.0
-3.4549999999997305
-0.45600000000000035
-2.6279999999998216
-2.6299999999998214
-2.6299999999998214
7.954000000000991
10.76999999999947
3.9629999999996746
12.1589999999987
4.5209999999998445
-1.126999999999987
-15.48099999999686
-21.075000000002774
-9.56200000000014
2.035999999999887
-3.0259999999997778
-3.021999999999778
-1.7039999999999231
0.004
0.0
0.0
0.0
0.0
0.0
0.0
0.0
0.0
0.0
-4.50699999999984
-1.0659999999999934
-1.2249999999999759
1.068999999999993
-1.0639999999999936
-22.608000000004647
9.239000000000319
2.2639999999998617
-0.1410000000000001
-7.125000000000714
7.125000000000714
-1.2289999999999754
7.310000000000776
-16.812999999997565
0.8140000000000006
5.621000000000212
-14.845999999997211
3.6469999999997094
6.611000000000542
9.93999999999993
10.000999999999896
0.0
0.0
0.0
0.0
0.0
0.0
0.0
-1.676999999999926
-7.483000000000834
-14.708999999997287
-6.655000000000557
9.601000000000118
-10.66099999999953
10.908999999999393
12.366999999998585
3.8999999999996815
2.7269999999998107
-0.4780000000000004
-11.531999999999048
21.730000000003574
7.2490000000007555
16.213999999996833
9.078000000000408
-0.40700000000000036
17.15999999999799
5.37500000000013
1.0729999999999926
7.513000000000844
7.302000000000773
0.0
0.0
0.0
0.0
0.0
0.0
0.0
-10.420999999999664
-6.607000000000541
-7.250000000000756
-1.1819999999999806
5.1320000000000485
16.31799999999696
15.08199999999708
11.70799999999895
5.493000000000169
-5.1320000000000485
-1.931999999999898
-0.013999999999999999
8.3710000000008
-10.033999999999878
-0.6430000000000005
15.971999999996587
11.368999999999138
0.23800000000000018
-2.195999999999869
5.417000000000144
7.348000000000789
-0.8030000000000006
3.9169999999996796
-0.001
0.0
0.0
0.0
0.0
0.0
-9.800000000000008
-9.61700000000011
-16.5129999999972
-0.4880000000000004
-13.141999999998156
-15.44399999999688
-1.5169999999999437
3.18699999999976
-2.141999999999875
4.722999999999912
4.05899999999969
4.11699999999971
4.0029999999996715
0.17900000000000013
-9.010000000000446
-9.621000000000107
-6.387000000000468
3.542999999999721
-5.990000000000335
17.62699999999856
20.267000000001786
28.88600000001232
-11.94199999999882
0.9110000000000007
0.0
0.0
0.0
0.0
0.0
-10.649999999999537
-3.712999999999702
-7.429000000000816
6.350000000000455
8.704000000000615
-7.2940000000007705
-8.020000000000994
15.978999999996583
3.921999999999679
-0.18700000000000017
6.33400000000045
-16.966999999997753
7.257000000000758
-6.615000000000544
9.383000000000239
9.408000000000225
14.265999999997533
-4.5569999999998565
14.821999999997225
27.05300000001008
16.42499999999709
20.40100000000195
12.792999999998349
9.306000000000282
0.0
0.0
0.0
0.0
-1.4729999999999486
-12.113999999998725
-6.1320000000003825
4.0449999999996855
-26.10300000000892
9.463000000000195
13.343999999998044
12.817999999998335
-2.750999999999808
6.0900000000003685
0.8770000000000007
8.56900000000069
-12.533999999998493
-6.600000000000539
-30.836000000014703
-7.575000000000864
0.7700000000000006
-7.3090000000007755
6.1650000000003935
-5.454000000000156
12.136999999998713
8.574000000000687
24.711000000007218
21.597000000003412
8.394000000000787
0.0
0.0
0.0
0.0
0.0
-12.116999999998724
-7.178000000000732
6.052000000000356
16.746999999997485
22.96900000000509
10.37199999999969
14.401999999997457
18.04299999999907
20.988000000002668
23.888000000006212
-3.0279999999997775
18.876000000000086
-24.95900000000752
-15.639999999996771
-13.09799999999818
-13.192999999998127
-4.231999999999748
-15.185999999997023
-20.09000000000157
13.237999999998102
25.575000000008274
22.866000000004963
15.33399999999694
0.0
0.0
0.0
0.0
0.0
0.0
7.336000000000785
-10.097999999999843
12.407999999998562
-8.955000000000476
4.0629999999996915
-16.945999999997728
16.350999999997
21.412000000003186
18.848000000000052
10.817999999999444
20.477000000002043
12.89999999999829
8.744000000000593
-8.842000000000539
-21.280000000003024
-24.932000000007488
-30.89800000001478
-29.683000000013294
-40.06299999999733
-26.98000000000999
-5.459000000000158
5.522000000000179
5.353000000000122
0.0
0.0
0.0
0.0
0.0
0.0
8.809000000000557
-0.5060000000000003
13.263999999998088
1.1269999999999867
1.9069999999999008
11.055999999999312
5.303000000000106
16.034999999996614
22.01400000000392
-0.46100000000000035
23.718000000006004
-0.1430000000000001
3.594999999999715
2.8809999999997937
-10.362999999999696
-0.4000000000000003
-13.89099999999774
-7.449000000000822
-37.14200000000414
-12.03299999999877
-13.557999999997925
0.16900000000000012
0.0
0.0
0.0
0.0
0.0
0.0
0.0
-0.7580000000000006
-0.08400000000000006
0.044000000000000025
5.393000000000136
-4.6139999999998755
17.62799999999856
-9.389000000000236
44.415999999987186
22.081000000004003
2.340999999999853
-3.9549999999996754
-8.120000000000939
-16.31899999999696
-16.48899999999717
-14.418999999997448
3.812999999999691
14.308999999997509
-10.242999999999762
-11.777999999998912
-23.811000000006118
-12.588999999998462
-5.502000000000172
0.0
0.0
0.0
0.0
0.0
0.0
0.0
0.5500000000000004
-4.404999999999806
-14.348999999997487
-8.591000000000678
15.08299999999708
18.177999999999233
12.238999999998656
21.779000000003634
22.760000000004833
9.52600000000016
1.5909999999999356
2.561999999999829
12.571999999998472
4.249999999999754
16.747999999997486
-7.525000000000848
9.819999999999997
2.9169999999997898
-7.905000000000975
-2.497999999999836
-2.9209999999997893
-5.502000000000172
0.0
0.0
0.0
0.0
0.0
0.0
0.002
-10.792999999999457
-4.808999999999941
-13.611999999997895
-2.1909999999998697
-6.1380000000003845
3.052999999999775
5.008000000000007
13.157999999998147
11.683999999998964
-7.604000000000874
16.247999999996875
-4.83599999999995
-7.182000000000733
6.293000000000436
-16.191999999996806
30.349000000014108
-13.253999999998094
6.353000000000456
8.31700000000083
-18.70699999999988
-2.00799999999989
1.1349999999999858
0.0
0.0
0.0
0.0
0.0
0.0
0.002
14.284999999997522
1.3269999999999647
12.355999999998591
-3.657999999999708
1.288999999999969
-11.94199999999882
5.973000000000329
-0.9630000000000009
2.032999999999887
3.4619999999997297
10.621999999999552
14.8649999999972
-8.66000000000064
-20.378000000001922
-6.012000000000342
-9.086000000000404
-1.3669999999999602
-0.2940000000000002
-5.250000000000088
1.4739999999999485
6.537000000000518
3.105999999999769
0.0
0.0
0.0
0.0
0.0
0.0
0.002
5.0060000000000064
6.833000000000617
42.59499999999143
13.31399999999806
-15.364999999996924
-19.851000000001278
-2.214999999999867
-5.844000000000286
-9.746000000000038
-11.028999999999327
-3.521999999999723
-5.0870000000000335
9.307000000000281
0.5810000000000005
-0.08900000000000008
-7.136000000000718
4.449999999999821
10.527999999999604
-4.458999999999824
-4.5389999999998505
8.506000000000725
6.637000000000551
0.0
0.0
0.0
0.0
0.0
0.006
0.005
-9.322000000000273
16.35899999999701
15.808999999996677
2.4449999999998417
-29.54100000001312
-23.47600000000571
-19.470000000000812
-4.982999999999999
-32.15200000001577
14.737999999997271
9.149000000000369
8.49800000000073
15.42699999999689
-6.496000000000504
24.9420000000075
-13.13499999999816
-1.0719999999999927
-6.172000000000396
-11.92399999999883
-5.538000000000184
7.003000000000673
6.637000000000551
0.0
0.0
0.0
0.0
0.0
10.001999999999896
5.005000000000006
-11.446999999999095
-14.201999999997568
16.810999999997563
3.7569999999996972
24.897000000007445
4.17899999999973
-9.101000000000395
7.093000000000703
21.3420000000031
16.965999999997752
18.25599999999933
-3.088999999999771
-7.283000000000767
15.196999999997017
24.970000000007534
-4.289999999999767
-1.7669999999999162
15.776999999996695
12.494999999998514
-0.7190000000000005
14.12499999999761
8.807000000000558
0.0
0.0
0.0
0.0
0.0
10.001999999999896
3.221999999999756
-5.276000000000097
-14.801999999997236
-18.683999999999852
27.14300000001019
13.472999999997972
9.101000000000395
19.089000000000347
-13.130999999998162
9.807000000000004
2.896999999999792
-2.080999999999882
-0.1140000000000001
-8.51600000000072
-25.692000000008417
-3.611999999999713
3.3829999999997384
-7.47300000000083
11.875999999998857
-10.213999999999778
-0.22200000000000017
19.617000000000992
-2.1029999999998794
0.0
0.0
0.0
0.0
0.0
-1.8399999999999082
-9.423000000000217
7.838000000000952
8.039000000000984
-11.135999999999267
11.72599999999894
1.014999999999999
2.6849999999998153
11.866999999998862
9.049000000000424
-12.55699999999848
-3.415999999999735
-6.60500000000054
1.009
-5.088000000000034
0.5650000000000004
0.2710000000000002
-5.265000000000093
8.686000000000625
-3.8559999999996863
3.860999999999686
8.286000000000847
10.812999999999446
-2.1029999999998794
0.0
0.0
0.0
0.0
0.0
-1.8359999999999086
-9.47200000000019
7.456000000000825
-5.134000000000049
-5.768000000000261
9.819999999999997
-16.648999999997365
9.699000000000064
14.81299999999723
6.568000000000528
2.224999999999866
6.7850000000006006
6.981000000000666
4.126999999999713
24.626000000007114
-24.375000000006807
-10.082999999999851
8.994000000000455
3.6839999999997053
-0.5900000000000004
-1.5659999999999383
6.790000000000602
-3.5639999999997185
-2.1029999999998794
0.0
0.0
0.0
0.0
0.0
-1.8359999999999086
-1.8359999999999086
-0.9020000000000007
-9.54200000000015
12.571999999998472
8.012000000000999
-0.2530000000000002
-4.704999999999906
-3.0259999999997778
-3.27699999999975
6.961000000000659
0.7010000000000005
28.581000000011947
23.162000000005325
15.866999999996645
-9.639000000000097
7.41200000000081
1.0749999999999924
14.52199999999739
-1.9969999999998909
2.5919999999998256
-1.4619999999999498
0.008
0.0
0.0
0.0
0.0
0.0
0.0
0.0
0.0
4.899999999999971
0.9950000000000008
13.731999999997829
-1.2569999999999726
4.844999999999953
8.953000000000477
3.631999999999711
6.051000000000355
1.886999999999903
-1.5549999999999395
-1.6249999999999318
-7.735000000000918
4.615999999999876
2.8379999999997985
11.893999999998847
9.387000000000237
12.805999999998342
-9.263000000000305
3.0919999999997705
0.008
-0.001
0.0
0.0
0.0
0.0
0.0
0.0
0.0
0.0
0.0
4.917999999999977
4.917999999999977
9.150000000000368
15.56899999999681
14.981999999997136
8.945000000000482
-3.6439999999997097
-4.528999999999847
6.858000000000625
8.08200000000096
4.457999999999823
-4.549999999999854
1.6979999999999238
1.1439999999999848
0.015000000000000006
-0.004
-0.004
0.0
0.0
0.0
0.0
0.0
0.0
0.0
0.0
0.0
0.0
0.0
0.0
-0.001
-0.001
0.0
-0.001
-0.002
0.9100000000000007
0.9050000000000007
1.8019999999999123
1.804999999999912
0.8920000000000007
-0.004
-0.8780000000000007
-0.8760000000000007
-0.8760000000000007
0.0
-0.004
-0.004
-0.004
0.0
0.0
0.0
0.0
0.0
0.0
0.0
