-3.9709999999996737
0.0
0.0
0.0
0.0
0.0
0.0
0.0
0.0
0.0
0.0
0.0
0.0
0.0
0.0
0.0
0.0
0.0
0.0
0.0
0.0
0.0
0.0
0.0
0.0
0.0
0.0
0.0
0.0
0.0
0.0
0.0
0.0
0.0
0.0
0.0
0.0
0.0
0.0
0.0
0.0
0.0
0.0
0.0
0.0
0.0
0.0
0.0
0.0
0.0
0.0
0.0
0.0
0.0
0.0
0.0
0.0
0.0
0.0
0.0
0.0
0.0
0.0
0.0
0.0
0.0
0.0
0.0
-0.002
-0.002
0.0
-0.006
-0.008
-0.008
-0.011000000000000003
-0.004
-0.002
-0.001
-0.003
-0.005
-0.005
-0.004
-0.002
0.0
0.0
0.0
0.0
0.0
0.0
0.0
0.0
0.0
0.0
0.0
0.0
0.0
-0.002
-0.002
-0.002
-0.006
0.05400000000000004
0.08500000000000006
-0.02900000000000002
-0.016000000000000007
-0.1560000000000001
-0.12800000000000009
-0.10500000000000008
-0.08300000000000006
-0.01900000000000001
-0.015000000000000006
-0.004
-0.002
0.05400000000000004
0.0
0.0
0.0
0.0
0.0
0.0
0.0
0.0
0.0
-0.006
-0.012000000000000004
0.07000000000000005
0.08600000000000006
0.03900000000000003
-0.05400000000000004
-0.05600000000000004
-0.21100000000000016
-0.003
-0.1580000000000001
-0.04000000000000003
0.07600000000000005
-0.026000000000000016
-0.08500000000000006
-0.022000000000000013
0.08800000000000006
-0.058000000000000045
-0.036000000000000025
-0.01900000000000001
0.06700000000000005
0.10200000000000008
0.0
0.0
0.0
0.0
0.0
0.0
-0.022000000000000013
-0.08200000000000006
-0.12700000000000009
-0.1420000000000001
-0.010000000000000002
-0.09200000000000007
0.07300000000000005
0.014000000000000005
-0.10900000000000008
0.11500000000000009
0.03400000000000002
0.09100000000000007
-0.1430000000000001
0.012000000000000004
-0.02000000000000001
0.07300000000000005
0.023000000000000013
0.04900000000000004
0.1390000000000001
0.1320000000000001
0.1530000000000001
0.06900000000000005
0.16400000000000012
-0.023000000000000013
0.0
0.0
0.0
0.0
0.0
-0.02900000000000002
-0.08300000000000006
-0.05400000000000004
-0.07700000000000005
-0.057000000000000044
-0.10600000000000008
-0.001
0.10500000000000008
0.20600000000000016
-0.07600000000000005
0.17100000000000012
0.1400000000000001
0.1430000000000001
0.12400000000000008
-0.2670000000000002
0.03000000000000002
0.10700000000000008
0.11100000000000008
0.03200000000000002
-0.037000000000000026
0.1370000000000001
0.10700000000000008
0.022000000000000013
0.07200000000000005
-0.001
0.0
0.0
0.0
-0.001
-0.03300000000000002
-0.08700000000000006
-0.003
-0.035000000000000024
-0.09800000000000007
-0.19400000000000014
-0.05400000000000004
-0.07700000000000005
0.16500000000000012
-0.1360000000000001
-0.10300000000000008
-0.17900000000000013
0.17000000000000012
-0.016000000000000007
-0.08500000000000006
-0.09100000000000007
-0.04500000000000003
0.05000000000000004
0.036000000000000025
-0.22400000000000017
0.010000000000000002
0.1370000000000001
0.25100000000000017
-0.023000000000000013
-0.001
0.0
0.0
0.0
-0.001
-0.005
-0.06700000000000005
0.18300000000000013
-0.09600000000000007
0.01900000000000001
0.19900000000000015
-0.015000000000000006
-0.04100000000000003
0.25300000000000017
0.08700000000000006
-0.07000000000000005
-0.09100000000000007
-0.10600000000000008
-0.014000000000000005
-0.028000000000000018
-0.09400000000000007
0.002
0.18000000000000013
0.07700000000000005
0.1470000000000001
0.3910000000000003
0.16200000000000012
0.19500000000000015
0.001
0.0
0.0
0.0
0.0
0.0
-0.023000000000000013
-0.1300000000000001
0.07100000000000005
-0.04100000000000003
-0.03400000000000002
-0.12600000000000008
0.025000000000000015
-0.08500000000000006
0.05200000000000003
0.10400000000000008
0.09600000000000007
0.1320000000000001
-0.10000000000000007
-0.10800000000000008
-0.03400000000000002
-0.1230000000000001
0.07700000000000005
-0.12700000000000009
0.07100000000000005
0.07900000000000006
0.22300000000000017
0.25000000000000017
0.34600000000000025
0.002
0.0
0.0
0.0
0.0
0.0
0.0
-0.1290000000000001
-0.03000000000000002
-0.04200000000000003
0.1300000000000001
0.21600000000000016
-0.04400000000000003
0.11100000000000008
0.22200000000000017
0.3100000000000002
0.35200000000000026
0.026000000000000016
-0.027000000000000017
-0.2880000000000002
0.10500000000000008
-0.10800000000000008
-0.20700000000000016
-0.1520000000000001
-0.1420000000000001
-0.1340000000000001
0.009000000000000001
0.1210000000000001
0.12600000000000008
0.11700000000000009
0.0
0.0
0.0
0.0
0.0
-0.001
-0.10000000000000007
-0.05200000000000004
0.048000000000000036
0.05200000000000004
-0.10000000000000007
-0.036000000000000025
0.21500000000000016
0.06200000000000004
0.1510000000000001
0.1470000000000001
0.03100000000000002
0.1220000000000001
0.10100000000000008
-0.1370000000000001
-0.2850000000000002
0.0
-0.22300000000000017
-0.3090000000000002
-0.3980000000000003
-0.2710000000000002
-0.10500000000000008
0.11700000000000009
0.11700000000000009
0.0
0.0
0.0
0.0
0.0
0.0
-0.05100000000000004
-0.026000000000000016
0.04000000000000003
0.04200000000000003
0.037000000000000026
0.2450000000000002
-0.03900000000000003
-0.07700000000000005
0.12400000000000008
0.037000000000000026
0.1310000000000001
0.07600000000000005
0.12600000000000008
-0.19300000000000014
-0.06600000000000004
-0.004
-0.1370000000000001
-0.1350000000000001
-0.20400000000000015
-0.18800000000000014
-0.11300000000000009
0.0
0.0
0.0
0.0
0.0
0.0
0.0
0.0
-0.05000000000000004
0.12500000000000008
-0.01800000000000001
0.07800000000000006
0.18500000000000014
0.21800000000000017
-0.1500000000000001
0.20500000000000015
0.17100000000000012
0.09700000000000007
0.046000000000000034
-0.1400000000000001
-0.2470000000000002
-0.07600000000000005
-0.05100000000000004
0.003
0.1490000000000001
-0.03200000000000002
-0.04900000000000004
-0.19200000000000014
-0.10500000000000008
0.0
0.0
0.0
0.0
0.0
0.0
0.0
-0.001
0.005
0.06900000000000005
-0.08600000000000006
-0.027000000000000017
-0.10000000000000007
-0.04100000000000003
0.2650000000000002
0.11800000000000009
0.07900000000000006
0.058000000000000045
0.1420000000000001
0.04200000000000003
0.16300000000000012
0.2670000000000002
0.1350000000000001
0.06100000000000005
0.037000000000000026
-0.001
-0.12700000000000009
-0.001
0.007
-0.012000000000000004
-0.012000000000000004
0.0
0.0
0.0
0.0
0.0
-0.001
0.016000000000000007
0.012000000000000004
-0.07400000000000005
-0.11800000000000009
0.035000000000000024
-0.03900000000000003
0.1320000000000001
0.01800000000000001
0.07000000000000005
-0.1470000000000001
-0.07900000000000006
-0.07200000000000005
-0.05300000000000004
-0.024000000000000014
-0.2420000000000002
0.1240000000000001
0.008
-0.03100000000000002
-0.07600000000000005
-0.03900000000000003
0.047000000000000035
-0.017000000000000008
-0.012000000000000004
0.0
0.0
0.0
0.0
0.0
-0.001
0.1330000000000001
-0.002
-0.058000000000000045
0.016000000000000007
-0.18100000000000013
0.04900000000000004
0.22300000000000017
0.010000000000000002
-0.08600000000000006
0.05200000000000004
0.2750000000000002
-0.005
0.03800000000000003
-0.008
-0.03300000000000002
-0.06200000000000004
-0.1400000000000001
0.1510000000000001
-0.057000000000000044
0.04500000000000003
0.06600000000000004
-0.023000000000000013
-0.012000000000000004
0.0
0.0
0.0
0.0
0.0
0.0
0.035000000000000024
0.02900000000000002
0.2570000000000002
-0.02000000000000001
-0.23800000000000018
-0.1420000000000001
-0.10100000000000008
0.02100000000000001
0.17500000000000013
0.10600000000000008
-0.08000000000000006
0.1440000000000001
0.1500000000000001
0.03100000000000002
-0.11300000000000009
-0.03200000000000002
0.1360000000000001
0.10000000000000007
0.014000000000000005
0.024000000000000014
0.1400000000000001
-0.02900000000000002
-0.012000000000000004
0.0
0.0
0.0
0.0
0.0
0.0
0.08900000000000007
0.1550000000000001
0.20600000000000016
-0.05000000000000004
-0.2800000000000002
-0.10500000000000008
-0.1230000000000001
-0.10500000000000008
-0.21300000000000016
-0.11000000000000008
0.08900000000000007
-0.08700000000000006
0.022000000000000013
0.09400000000000007
0.11000000000000008
-0.037000000000000026
0.23800000000000018
-0.05600000000000004
-0.09000000000000007
0.006
0.1410000000000001
-0.013000000000000005
-0.012000000000000004
0.0
0.0
0.0
0.0
-0.001
0.03400000000000002
-0.005
-0.1470000000000001
0.25000000000000017
0.10600000000000008
0.23500000000000018
0.06300000000000004
-0.06600000000000004
-0.035000000000000024
0.1330000000000001
0.1350000000000001
0.21600000000000016
-0.028000000000000018
-0.048000000000000036
0.1430000000000001
0.11700000000000009
0.03000000000000002
0.06200000000000004
0.06500000000000004
0.07700000000000005
0.08600000000000006
0.07800000000000006
-0.011000000000000003
0.0
0.0
0.0
0.0
0.0
-0.001
-0.009000000000000001
-0.11400000000000009
-0.05500000000000004
-0.08500000000000006
0.3020000000000002
-0.04400000000000003
0.035000000000000024
0.16400000000000012
-0.08800000000000006
-0.012000000000000004
-0.01800000000000001
-0.09000000000000007
0.19300000000000014
-0.2760000000000002
-0.16300000000000012
-0.1370000000000001
-0.07400000000000005
-0.09400000000000007
-0.04000000000000003
-0.022000000000000013
-0.005
0.08800000000000006
-0.003
0.0
0.0
0.0
0.0
0.0
-0.001
-0.009000000000000001
-0.1220000000000001
-0.1460000000000001
-0.12000000000000009
0.07300000000000005
-0.10100000000000008
-0.06400000000000004
0.06100000000000004
0.09300000000000007
0.028000000000000018
0.009000000000000001
-0.07000000000000005
-0.12000000000000009
0.06500000000000004
0.007
0.05200000000000004
0.0
0.17900000000000013
-0.013000000000000005
0.10300000000000008
-0.005
0.09200000000000007
0.0
0.0
0.0
0.0
0.0
0.0
0.0
-0.03400000000000002
-0.028000000000000018
-0.08200000000000006
0.03900000000000003
-0.06300000000000004
0.23900000000000018
0.1380000000000001
0.22600000000000017
0.10500000000000008
0.024000000000000014
0.03900000000000003
0.06900000000000005
0.1330000000000001
0.09900000000000007
0.02000000000000001
-0.017000000000000008
0.01800000000000001
-0.18000000000000013
0.028000000000000018
-0.015000000000000006
0.011000000000000003
0.027000000000000017
0.0
0.0
0.0
0.0
0.0
0.0
0.0
0.0
0.003
-0.057000000000000044
0.1360000000000001
0.027000000000000017
-0.012000000000000004
-0.06800000000000005
0.09400000000000007
0.2750000000000002
-0.08800000000000006
-0.07500000000000005
0.028000000000000018
0.1290000000000001
0.05000000000000004
0.09100000000000007
0.19900000000000015
-0.08400000000000006
0.07800000000000006
0.11400000000000009
0.08800000000000006
0.028000000000000018
0.02900000000000002
0.0
0.0
0.0
0.0
0.0
0.0
0.0
0.0
0.04200000000000003
0.06400000000000004
0.1210000000000001
-0.05600000000000004
-0.03400000000000002
0.03300000000000002
-0.03800000000000003
0.07200000000000005
-0.025000000000000015
-0.06400000000000004
0.10700000000000008
0.022000000000000013
0.01900000000000001
0.04000000000000003
0.060000000000000046
0.06400000000000004
0.11600000000000009
0.012000000000000004
0.02900000000000002
0.028000000000000018
-0.001
0.0
0.0
0.0
0.0
0.0
0.0
0.0
0.0
0.0
-0.05400000000000004
-0.05400000000000004
0.036000000000000025
0.02000000000000001
0.047000000000000035
-0.03100000000000002
-0.12600000000000008
-0.03300000000000002
-0.006
0.048000000000000036
0.07500000000000005
0.07000000000000005
0.06800000000000005
0.057000000000000044
-0.004
-0.003
-0.003
0.0
0.0
0.0
0.0
0.0
0.0
0.0
0.0
0.0
0.0
0.0
0.0
0.0
0.0
0.0
-0.001
-0.003
-0.003
-0.003
-0.003
-0.001
-0.001
0.05600000000000004
0.047000000000000035
0.04900000000000004
0.04900000000000004
0.0
-0.003
-0.003
-0.003
0.0
0.0
0.0
0.0
0.0
0.0
0.0
