-684.7469999907198
0.0
0.0
0.0
0.0
0.0
0.0
0.0
0.0
0.0
0.0
0.0
0.0
0.0
0.0
0.0
0.0
0.0
0.0
0.0
0.0
0.0
0.0
0.0
0.0
0.0
0.0
0.0
0.0
0.0
0.0
0.0
0.0
0.0
0.0
0.0
0.0
0.0
0.0
0.0
0.0
0.0
0.0
0.0
0.0
0.0
0.0
0.0
0.0
0.0
0.0
0.0
0.0
0.0
0.0
0.0
0.0
0.0
0.0
0.0
0.0
0.0
0.0
0.0
0.0
0.0
-1.3479999999999623
-1.3479999999999623
-3.0579999999997742
-3.0579999999997742
-1.3479999999999623
-1.5349999999999417
-4.0569999999996895
-4.0569999999996895
-5.624000000000213
-4.53699999999985
-1.567999999999938
-1.5669999999999382
-0.001
-0.002
-0.001
0.0
0.0
0.0
0.0
0.0
0.0
0.0
0.0
0.0
0.0
0.0
0.0
-0.001
-3.720999999999701
-1.3489999999999622
-3.058999999999774
-3.058999999999774
-3.058999999999774
5.930000000000315
9.194000000000344
17.59299999999852
16.84899999999761
7.305000000000774
0.8020000000000007
-18.4779999999996
-15.339999999996937
0.4510000000000004
4.873999999999962
-0.02900000000000002
-0.023000000000000013
-0.005
0.004
0.0
0.0
0.0
0.0
0.0
0.0
0.0
0.0
0.0
-3.7339999999997
-2.122999999999877
-6.42400000000048
8.187000000000902
8.355000000000809
-14.677999999997304
8.201000000000894
4.174999999999729
7.065000000000694
-4.0239999999996785
15.883999999996636
0.8350000000000006
10.846999999999428
-9.83199999999999
-2.6939999999998143
8.672000000000633
-6.523000000000513
13.522999999997944
12.444999999998542
7.642000000000887
10.112999999999834
0.0
0.0
0.0
0.0
0.0
0.0
-9.9949999999999
-10.004999999999894
-17.97999999999899
-17.382999999998262
-9.03800000000043
9.828999999999992
-12.045999999998763
-13.018999999998224
6.1830000000003995
-2.1919999999998696
2.6849999999998153
-4.23899999999975
-26.607000000009535
-4.6879999999999
0.005999999999999993
10.621999999999552
-2.1019999999998795
6.7840000000006
23.999000000006347
17.722999999998677
2.3309999999998543
13.286999999998075
17.547999999998463
0.0
0.0
0.0
0.0
0.0
0.0
-10.001999999999896
-13.545999999997932
-13.705999999997843
-6.742000000000586
6.566000000000527
21.446000000003227
8.702000000000616
19.77800000000119
24.4500000000069
-1.5009999999999455
1.18699999999998
19.355000000000672
11.079999999999298
11.497999999999067
-23.05200000000519
-12.274999999998636
12.419999999998556
3.8549999999996865
-9.366000000000248
-27.58600000001073
15.919999999996616
20.525000000002102
-11.16799999999925
10.398999999999676
0.0
0.0
0.0
0.0
0.0
-10.002999999999895
-25.511000000008195
-4.953999999999989
-3.440999999999732
-5.233000000000082
-13.029999999998218
1.8379999999999084
-11.45499999999909
1.604999999999934
6.871000000000629
7.696000000000905
0.5540000000000005
1.0239999999999982
16.584999999997287
0.14500000000000013
-22.984000000005107
-12.003999999998786
13.828999999997775
20.071000000001547
-9.586000000000126
17.171999999998004
30.90600000001479
28.16700000001144
-6.547000000000521
1.2179999999999767
0.0
0.0
0.0
0.0
-0.013000000000000005
-20.586000000002176
10.887999999999405
-16.429999999997097
-8.196000000000897
15.249999999996987
-5.43500000000015
-17.268999999998123
29.085000000012563
18.03599999999906
11.847999999998873
-2.2039999999998683
-9.41600000000022
1.1289999999999865
12.770999999998361
23.189000000005358
2.122999999999877
9.405000000000227
8.287000000000846
12.949999999998262
37.629000000003
25.291000000007926
29.55700000001314
9.337000000000264
5.0690000000000275
0.0
0.0
0.0
0.0
-0.011000000000000003
-1.5839999999999363
0.8930000000000008
-11.435999999999101
-10.708999999999504
-9.555000000000144
16.386999999997045
6.517000000000511
-11.088999999999293
7.609000000000876
19.015000000000256
-4.359999999999791
-14.708999999997287
-27.791000000010982
-27.256000000010328
-21.23500000000297
12.043999999998764
-10.576999999999577
3.8259999999996896
1.241999999999974
30.28400000001403
29.436000000012992
48.51099999997764
19.175000000000452
3.851999999999687
0.0
0.0
0.0
0.0
-0.007
-7.872000000000964
1.8579999999999062
1.9789999999998928
12.169999999998694
36.332000000006026
18.820000000000018
22.66000000000471
18.91200000000013
40.01999999999743
34.371000000010596
11.49299999999907
2.934999999999788
-33.766000000012006
-8.409000000000779
-5.193000000000069
-23.606000000005867
-17.802999999998775
-7.852000000000957
-10.821999999999441
7.027000000000681
36.82900000000487
33.32400000001304
12.138999999998711
0.0
0.0
0.0
0.0
0.0
0.0
2.124999999999877
3.9809999999996726
15.881999999996637
-27.624000000010778
17.587999999998512
-25.816000000008568
25.707000000008435
8.091000000000955
29.05100000001252
12.761999999998366
30.085000000013785
13.36999999999803
13.000999999998234
-10.143999999999817
-33.028000000013726
-28.761000000012167
-14.652999999997318
-54.67899999996327
-67.12499999995646
-42.35899999999198
-8.170000000000911
5.429000000000148
6.824000000000614
0.0
0.0
0.0
0.0
0.0
0.0
2.122999999999877
3.985999999999672
21.966000000003863
-2.661999999999818
-4.83599999999995
6.624000000000547
0.6990000000000005
17.02999999999783
46.32299999998274
17.97999999999899
24.547000000007017
-2.805999999999802
8.484000000000737
-2.1749999999998715
-16.90799999999768
14.59399999999735
-21.478000000003266
-6.399000000000472
-55.60299999996111
-12.778999999998357
-14.982999999997135
8.602000000000672
0.0
0.0
0.0
0.0
0.0
0.0
0.0
0.6680000000000005
18.006999999999024
5.728000000000248
14.003999999997678
5.329000000000114
37.95300000000225
-0.8160000000000006
45.28799999998515
24.98200000000755
-2.222999999999866
13.690999999997851
-11.224999999999218
-12.939999999998268
-13.434999999997993
-22.718000000004782
-23.434000000005657
-11.397999999999122
2.1179999999998778
-11.04199999999932
-33.488000000012654
-25.38400000000804
-2.749999999999808
0.0
0.0
0.0
0.0
0.0
0.0
0.0
9.990999999999902
13.09899999999818
-1.9149999999999001
0.2870000000000002
1.968999999999894
27.113000000010153
24.46000000000691
16.952999999997736
7.688000000000902
19.726000000001125
4.456999999999823
-6.565000000000527
6.577000000000531
21.763000000003615
5.748000000000254
-4.5809999999998645
9.334000000000266
7.600000000000873
-14.59599999999735
-6.90200000000064
-12.761999999998366
-2.750999999999808
0.0
0.0
0.0
0.0
0.0
0.0
0.21800000000000017
0.2770000000000002
7.452000000000823
-11.246999999999206
-8.102000000000949
-12.30299999999862
-1.1099999999999886
12.50199999999851
14.16099999999759
21.39900000000317
-6.589000000000535
7.507000000000842
-14.516999999997394
3.441999999999732
-6.661000000000559
-25.061000000007645
38.002000000002134
2.5379999999998315
-7.369000000000796
-3.5119999999997242
-17.01399999999781
-4.471999999999828
-5.958000000000324
-0.002
0.0
0.0
0.0
0.0
0.0
0.21800000000000017
15.147999999997044
-0.8880000000000008
-1.6569999999999283
-12.37599999999858
7.423000000000814
-5.155000000000056
18.318999999999406
-4.764999999999926
-10.172999999999801
28.45100000001179
2.2569999999998624
5.983000000000333
-6.57300000000053
-9.105000000000393
-1.2469999999999737
-10.979999999999354
-8.396000000000786
10.315999999999722
-2.532999999999832
1.2559999999999725
12.64799999999843
-4.049999999999687
-0.001
0.0
0.0
0.0
0.0
0.0
0.1420000000000001
4.889999999999968
-10.610999999999558
41.622999999993695
23.112000000005263
-27.874000000011083
-34.83800000000951
-13.885999999997743
2.5299999999998324
-0.9210000000000008
-27.99300000001123
-6.709000000000575
-0.8410000000000006
4.450999999999821
-3.7199999999997013
-15.723999999996725
-0.8750000000000007
3.113999999999768
12.769999999998362
-4.591999999999868
7.7040000000009075
14.586999999997355
-3.206999999999758
0.0
0.0
0.0
0.0
0.0
-0.07000000000000005
-0.07200000000000005
8.224000000000881
28.40400000001173
11.85299999999887
6.420000000000479
-45.03199999998575
-14.472999999997418
-20.962000000002636
-15.241999999996992
-29.766000000013396
20.36900000000191
18.759999999999945
8.885000000000515
26.879000000009867
6.7220000000005795
20.38400000000193
-13.146999999998153
11.363999999999141
-14.636999999997327
-8.581000000000683
-7.348000000000789
12.107999999998729
-3.206999999999758
0.0
0.0
0.0
0.0
0.0
9.997999999999898
19.922000000001365
4.997000000000003
-19.785000000001197
14.479999999997414
20.80900000000245
30.750000000014598
24.68000000000718
-2.4179999999998447
8.223000000000882
20.626000000002225
27.860000000011066
29.815000000013455
0.35400000000000026
-24.874000000007417
39.897999999997715
4.5059999999998395
4.940999999999985
-3.0559999999997745
36.761000000005026
20.535000000002114
-4.5929999999998685
3.1369999999997655
-1.4979999999999458
-0.001
0.0
0.0
0.0
0.0
9.997999999999898
11.50999999999906
-10.152999999999812
-4.323999999999779
-21.614000000003433
39.150999999999456
9.07300000000041
6.678000000000565
11.771999999998915
-16.67099999999739
10.511999999999613
1.8489999999999072
-18.251999999999324
0.3120000000000003
-13.120999999998167
-17.342999999998213
19.59100000000096
-9.23600000000032
-12.481999999998521
-13.740999999997824
-8.864000000000527
4.5239999999998455
14.445999999997433
-3.0839999999997714
-0.001
0.0
0.0
0.0
0.0
-3.850999999999687
-1.894999999999902
5.506000000000173
4.341999999999785
-2.9999999999997806
9.117000000000386
-6.309000000000442
7.125000000000714
10.184999999999794
10.886999999999405
-0.8690000000000008
-15.979999999996583
-9.49000000000018
-4.878999999999964
-5.724000000000246
8.035000000000986
-2.288999999999859
-16.123999999996723
22.862000000004958
-8.266000000000858
17.687999999998635
1.5709999999999378
15.941999999996604
-1.586999999999936
-0.001
0.0
0.0
0.0
0.0
-3.8449999999996876
-7.2520000000007565
0.5650000000000004
-7.703000000000907
-0.36700000000000027
9.369000000000247
-4.156999999999723
10.938999999999377
24.650000000007143
28.392000000011716
-0.6880000000000005
7.095000000000704
16.74399999999748
17.37399999999825
38.11000000000188
-3.4099999999997355
-24.470000000006923
-6.975000000000664
-12.179999999998689
-5.7160000000002436
0.006
13.627999999997886
-4.0569999999996895
-1.5859999999999361
0.0
0.0
0.0
0.0
0.0
-3.8439999999996877
-3.849999999999687
0.8000000000000006
1.6449999999999296
18.82100000000002
10.255999999999755
3.069999999999773
-22.501000000004517
-17.704999999998655
22.3240000000043
14.546999999997377
6.802000000000606
24.874000000007417
6.487000000000501
20.23800000000175
15.177999999997027
6.128000000000381
3.902999999999681
7.834000000000951
12.108999999998728
14.834999999997217
-2.470999999999839
0.009000000000000001
0.0
0.0
0.0
0.0
0.0
0.0
0.0
-0.001
13.777999999997803
4.5929999999998685
1.449999999999951
8.918000000000497
-2.0319999999998872
-7.878000000000966
-0.3420000000000003
8.350000000000811
-3.495999999999726
3.2729999999997506
14.1449999999976
-12.24899999999865
-9.926999999999937
7.395000000000804
20.987000000002666
9.961999999999918
20.26200000000178
0.2420000000000002
17.638999999998575
0.008
0.0
0.0
0.0
0.0
0.0
0.0
0.0
0.0
0.0
0.0
9.931999999999935
-0.06200000000000005
8.87700000000052
10.008999999999892
20.40100000000195
5.847000000000287
-1.5549999999999395
-4.188999999999734
14.943999999997157
16.85899999999762
-4.113999999999709
-1.0119999999999993
4.714999999999909
5.282000000000099
-0.02100000000000001
-0.002
-0.002
-0.002
-0.001
-0.001
0.0
0.0
0.0
0.0
0.0
0.0
0.0
0.0
0.0
0.0
0.0
-0.001
-0.001
-0.001
1.2179999999999767
1.2079999999999778
1.205999999999978
1.2069999999999779
-0.011000000000000003
9.997999999999898
5.414000000000143
5.414000000000143
5.415000000000143
-0.001
-0.001
-0.001
0.0
0.0
0.0
0.0
0.0
0.0
0.0
0.0
