-1.331999999999964
0.0
0.0
0.0
0.0
0.0
0.0
0.0
0.0
0.0
0.0
0.0
0.0
0.0
0.0
0.0
0.0
0.0
0.0
0.0
0.0
0.0
0.0
0.0
0.0
0.0
0.0
0.0
0.0
0.0
0.0
0.0
0.0
0.0
0.0
0.0
0.0
0.0
0.0
0.0
0.0
0.0
0.0
0.0
0.0
-0.001
-0.001
0.0
0.0
0.0
0.0
0.0
0.0
0.0
0.0
0.0
0.0
0.0
0.0
0.0
0.0
0.0
0.0
0.0
0.0
0.0
0.0
0.0
-0.002
-0.002
0.0
-0.005
-0.005
-0.005
-0.008
-0.003
-0.003
-0.001
-0.001
0.0
0.0
0.0
0.0
0.0
0.0
0.0
0.0
0.0
0.0
0.0
0.0
0.0
0.0
0.0
0.0
0.0
-0.002
-0.006
-0.006
-0.011000000000000003
-0.016000000000000007
0.03800000000000003
0.014000000000000005
0.0
-0.03400000000000002
-0.04400000000000003
-0.005
0.015000000000000006
-0.001
-0.01800000000000001
-0.01800000000000001
-0.01800000000000001
0.0
0.0
0.0
0.0
0.0
0.0
0.0
0.0
0.0
0.0
-0.006
-0.015000000000000006
-0.04300000000000003
-0.01800000000000001
-0.013000000000000005
-0.006
0.05100000000000004
-0.023000000000000013
-0.010000000000000002
0.04000000000000003
0.037000000000000026
-0.046000000000000034
0.04300000000000003
-0.023000000000000013
0.014000000000000005
0.06600000000000004
-0.028000000000000018
0.005
0.01900000000000001
0.005
0.0
0.0
0.0
0.0
0.0
0.0
0.0
0.0
-0.015000000000000006
-0.03400000000000002
-0.03900000000000003
-0.008
0.06800000000000005
-0.05400000000000004
0.047000000000000035
-0.005
0.013000000000000005
0.02900000000000002
0.0
-0.007
-0.016000000000000007
-0.04900000000000004
0.04400000000000003
0.013000000000000005
-0.001
0.02900000000000002
0.006
0.05200000000000004
0.028000000000000018
0.024000000000000014
0.002
0.0
0.0
0.0
0.0
0.0
-0.010000000000000002
-0.02100000000000001
-0.015000000000000006
-0.010000000000000002
0.027000000000000017
0.004
-0.013000000000000005
0.017000000000000008
0.023000000000000013
0.006
-0.03100000000000002
-0.003
0.04100000000000003
-0.03200000000000002
-0.006
0.059000000000000045
0.035000000000000024
-0.016000000000000007
-0.02100000000000001
-0.06800000000000005
0.057000000000000044
0.03300000000000002
0.02900000000000002
0.047000000000000035
0.002
0.0
0.0
0.0
0.0
-0.012000000000000004
-0.03400000000000002
-0.036000000000000025
0.0
-0.012000000000000004
-0.005
-0.005
0.009000000000000001
-0.002
-0.006
0.07400000000000005
0.0
0.03100000000000002
-0.002
-0.04900000000000004
-0.046000000000000034
-0.04200000000000003
-0.011000000000000003
0.04000000000000003
0.06100000000000005
0.027000000000000017
0.08800000000000006
0.1560000000000001
0.013000000000000005
0.0
0.0
0.0
0.0
0.0
-0.002
-0.017000000000000008
-0.023000000000000013
-0.04200000000000003
-0.036000000000000025
-0.004
-0.057000000000000044
0.035000000000000024
0.04500000000000003
0.03100000000000002
0.10400000000000008
-0.027000000000000017
-0.06600000000000004
0.02900000000000002
-0.014000000000000005
0.046000000000000034
0.015000000000000006
0.001
0.05000000000000004
0.01800000000000001
0.037000000000000026
0.023000000000000013
0.09600000000000007
0.09700000000000007
0.02000000000000001
0.0
0.0
0.0
0.0
-0.003
-0.035000000000000024
-0.024000000000000014
-0.001
0.001
0.04200000000000003
0.04000000000000003
0.11300000000000009
-0.022000000000000013
0.06600000000000004
0.04100000000000003
0.001
-0.01900000000000001
-0.03000000000000002
-0.06300000000000004
-0.009000000000000001
-0.005
-0.037000000000000026
0.02100000000000001
0.007
0.017000000000000008
0.028000000000000018
0.1230000000000001
0.06900000000000005
0.02000000000000001
0.0
0.0
0.0
0.0
0.0
-0.04000000000000003
-0.02000000000000001
0.03800000000000003
-0.023000000000000013
0.03200000000000002
-0.03200000000000002
0.010000000000000002
0.028000000000000018
0.01900000000000001
0.057000000000000044
-0.035000000000000024
0.008
-0.05300000000000004
-0.02900000000000002
-0.04200000000000003
-0.003
-0.02000000000000001
-0.06700000000000005
0.01800000000000001
0.05300000000000004
0.1310000000000001
0.05300000000000004
0.03000000000000002
0.0
0.0
0.0
0.0
0.0
0.0
-0.001
-0.02100000000000001
0.05300000000000004
-0.04400000000000003
0.07000000000000005
-0.05500000000000004
0.05000000000000004
0.07200000000000005
0.028000000000000018
0.059000000000000045
0.047000000000000035
0.06400000000000004
0.02900000000000002
-0.058000000000000045
-0.07000000000000005
-0.02100000000000001
-0.08200000000000006
-0.12700000000000009
-0.1560000000000001
-0.09700000000000007
-0.035000000000000024
0.035000000000000024
0.0
0.0
0.0
0.0
0.0
0.0
0.0
-0.001
0.005
0.07200000000000005
-0.023000000000000013
-0.010000000000000002
0.037000000000000026
-0.002
0.022000000000000013
0.10700000000000008
0.037000000000000026
0.059000000000000045
-0.03400000000000002
0.002
0.004
-0.11500000000000009
0.022000000000000013
-0.06400000000000004
-0.024000000000000014
-0.10800000000000008
-0.03800000000000003
-0.002
0.03300000000000002
0.0
0.0
0.0
0.0
0.0
0.0
0.0
0.008
0.003
0.03200000000000002
0.05400000000000004
-0.010000000000000002
0.04500000000000003
-0.03000000000000002
0.09100000000000007
0.03400000000000002
-0.023000000000000013
0.03300000000000002
0.03100000000000002
-0.04400000000000003
-0.046000000000000034
0.05200000000000004
-0.022000000000000013
0.036000000000000025
-0.03400000000000002
-0.06100000000000005
-0.05300000000000004
-0.03100000000000002
0.0
0.0
0.0
0.0
0.0
0.0
0.0
-0.001
0.016000000000000007
-0.009000000000000001
-0.011000000000000003
0.024000000000000014
-0.003
0.035000000000000024
0.06500000000000004
0.03400000000000002
0.09900000000000007
0.07400000000000005
0.01800000000000001
-0.04100000000000003
0.013000000000000005
-0.024000000000000014
0.04200000000000003
-0.06700000000000005
0.09600000000000007
-0.002
-0.01800000000000001
-0.027000000000000017
-0.01900000000000001
0.0
0.0
0.0
0.0
0.0
0.0
0.0
-0.001
-0.004
-0.035000000000000024
-0.025000000000000015
-0.04200000000000003
0.02100000000000001
-0.02900000000000002
0.07500000000000005
0.07600000000000005
0.026000000000000016
-0.07800000000000006
0.02100000000000001
-0.028000000000000018
-0.06800000000000005
0.04500000000000003
-0.05200000000000004
0.005
0.026000000000000016
0.0
-0.022000000000000013
-0.01800000000000001
-0.013000000000000005
-0.002
0.0
0.0
0.0
0.0
0.0
-0.001
-0.002
0.011000000000000003
-0.059000000000000045
0.003
-0.057000000000000044
0.002
-0.003
0.025000000000000015
-0.01800000000000001
-0.025000000000000015
0.008
0.01900000000000001
-0.016000000000000007
-0.05400000000000004
-0.002
0.024000000000000014
-0.01800000000000001
-0.05000000000000004
0.002
-0.012000000000000004
-0.009000000000000001
-0.001
-0.006
0.0
0.0
0.0
0.0
0.0
-0.001
-0.001
0.005
0.04100000000000003
0.08800000000000006
0.022000000000000013
-0.11200000000000009
-0.04100000000000003
-0.03000000000000002
-0.06100000000000005
-0.07700000000000005
-0.05600000000000004
-0.015000000000000006
-0.001
0.03900000000000003
-0.006
0.04100000000000003
-0.002
0.027000000000000017
0.048000000000000036
-0.036000000000000025
0.01800000000000001
0.005
-0.007
0.0
0.0
0.0
0.0
0.0
0.003
0.003
0.015000000000000006
0.028000000000000018
0.07200000000000005
0.016000000000000007
-0.060000000000000046
-0.03100000000000002
-0.036000000000000025
0.036000000000000025
-0.1300000000000001
-0.036000000000000025
0.04400000000000003
0.026000000000000016
0.04000000000000003
0.001
0.035000000000000024
-0.011000000000000003
0.037000000000000026
-0.037000000000000026
-0.022000000000000013
-0.024000000000000014
0.004
-0.008
0.0
0.0
0.0
0.0
0.0
0.004
-0.008
-0.01800000000000001
-0.05200000000000004
0.04400000000000003
0.016000000000000007
0.015000000000000006
0.05400000000000004
-0.010000000000000002
0.09900000000000007
0.07900000000000006
0.09100000000000007
0.05400000000000004
0.004
-0.023000000000000013
0.02100000000000001
0.05000000000000004
-0.05000000000000004
0.012000000000000004
0.03000000000000002
0.007
0.009000000000000001
0.023000000000000013
-0.002
0.0
0.0
0.0
0.0
0.0
0.003
0.007
-0.014000000000000005
-0.036000000000000025
-0.002
0.08900000000000007
0.04000000000000003
-0.02100000000000001
0.04500000000000003
0.01800000000000001
0.003
-0.06500000000000004
-0.07300000000000005
-0.011000000000000003
-0.04900000000000004
-0.04500000000000003
0.015000000000000006
-0.05500000000000004
-0.03000000000000002
-0.006
-0.01900000000000001
0.04000000000000003
0.06700000000000005
0.0
0.0
0.0
0.0
0.0
0.0
0.0
0.004
0.01800000000000001
0.02900000000000002
-0.024000000000000014
0.04500000000000003
0.02100000000000001
0.02900000000000002
0.01800000000000001
0.016000000000000007
-0.008
-0.03000000000000002
0.014000000000000005
-0.004
-0.003
0.003
-0.04500000000000003
-0.06100000000000005
0.07900000000000006
0.016000000000000007
0.027000000000000017
0.025000000000000015
0.06900000000000005
0.0
0.0
0.0
0.0
0.0
0.0
0.0
-0.022000000000000013
0.017000000000000008
-0.03300000000000002
-0.014000000000000005
0.03000000000000002
0.013000000000000005
0.04900000000000004
0.09200000000000007
-0.03400000000000002
0.013000000000000005
0.024000000000000014
0.06200000000000004
0.03800000000000003
0.08800000000000006
-0.01800000000000001
-0.004
0.007
-0.02900000000000002
-0.01900000000000001
0.012000000000000004
0.04200000000000003
0.016000000000000007
0.0
0.0
0.0
0.0
0.0
0.0
0.0
-0.010000000000000002
-0.02100000000000001
-0.024000000000000014
0.06300000000000004
0.003
-0.02100000000000001
-0.03400000000000002
-0.036000000000000025
0.02100000000000001
0.025000000000000015
-0.01900000000000001
0.048000000000000036
0.04200000000000003
0.035000000000000024
0.047000000000000035
0.027000000000000017
-0.03300000000000002
0.003
0.04000000000000003
0.012000000000000004
0.015000000000000006
0.016000000000000007
0.0
0.0
0.0
0.0
0.0
0.0
0.0
-0.001
0.004
0.017000000000000008
0.05000000000000004
0.06300000000000004
-0.03200000000000002
-0.012000000000000004
-0.015000000000000006
0.005
0.04300000000000003
0.03100000000000002
-0.010000000000000002
-0.02100000000000001
-0.023000000000000013
-0.001
0.005
-0.012000000000000004
0.017000000000000008
-0.011000000000000003
0.012000000000000004
0.015000000000000006
-0.001
0.0
0.0
0.0
0.0
0.0
0.0
0.0
0.0
0.0
-0.002
-0.001
0.02900000000000002
0.05300000000000004
0.025000000000000015
0.016000000000000007
-0.006
-0.022000000000000013
0.023000000000000013
0.03200000000000002
-0.017000000000000008
-0.001
0.0
-0.002
0.007
-0.002
-0.002
-0.002
0.0
0.0
0.0
0.0
0.0
0.0
0.0
0.0
0.0
0.0
0.0
0.0
0.001
0.001
0.001
-0.001
-0.001
-0.004
-0.003
-0.002
-0.002
-0.006
-0.006
-0.006
-0.004
0.0
0.0
0.0
0.0
0.0
0.0
0.0
0.0
0.0
0.0
0.0
