-354.6749999985249
0.0
0.0
0.0
0.0
0.0
0.0
0.0
0.0
0.0
0.0
0.0
0.0
0.0
0.0
0.0
0.0
0.0
0.0
0.0
0.0
0.0
0.0
0.0
0.0
0.0
0.0
0.0
0.0
0.0
0.0
0.0
0.0
0.0
0.0
0.0
0.0
0.0
0.0
0.0
0.0
0.0
0.0
0.0
0.0
0.0
0.0
0.0
0.0
0.0
0.0
0.0
0.0
0.0
0.0
0.0
0.0
0.0
0.0
0.0
0.0
0.0
0.0
0.0
0.0
0.0
0.0
0.0
0.0
0.0
0.0
-0.003
-3.0079999999997797
-3.00599999999978
-3.00499999999978
-0.5750000000000004
-0.5760000000000004
-2.141999999999875
-1.568999999999938
-1.5669999999999382
-1.5649999999999384
0.0
0.0
0.0
0.0
0.0
0.0
0.0
0.0
0.0
0.0
0.0
0.0
0.0
-0.002
0.0
0.0
0.0
0.0
9.704000000000061
15.19199999999702
5.154000000000056
-0.4900000000000004
1.940999999999897
-1.3019999999999674
-3.687999999999705
-13.805999999997788
-2.234999999999865
2.987999999999782
0.12600000000000008
6.446000000000487
6.447000000000488
0.017000000000000008
0.0
0.0
0.0
0.0
0.0
0.0
0.0
0.0
0.0
-0.002
-0.001
-5.211000000000075
-5.212000000000075
6.2460000000004205
-3.331999999999744
5.237000000000084
3.2389999999997543
-1.1219999999999872
-2.605999999999824
7.3120000000007765
-6.042000000000352
-1.6159999999999328
0.8620000000000007
3.149999999999764
0.6730000000000005
-6.886000000000634
-11.975999999998802
-3.6349999999997107
-0.9380000000000007
3.9559999999996753
0.0
0.0
0.0
0.0
0.0
0.0
-3.987999999999672
-7.56300000000086
-7.768000000000929
-3.8889999999996827
-3.18799999999976
-4.664999999999893
-7.53300000000085
-0.1540000000000001
7.877000000000965
-0.17300000000000013
1.705999999999923
-12.280999999998633
-3.612999999999713
17.900999999998895
-8.836000000000542
6.554000000000523
-1.7489999999999182
2.4759999999998383
23.77200000000607
-1.6739999999999264
-4.383999999999799
0.2890000000000002
-4.871999999999962
0.0
0.0
0.0
0.0
0.0
0.0
-7.559000000000859
-7.56300000000086
-6.338000000000451
-13.805999999997788
-2.0479999999998855
-3.632999999999711
2.4089999999998457
-2.995999999999781
12.829999999998329
-3.705999999999703
1.749999999999918
0.6840000000000005
11.082999999999297
12.346999999998596
-9.990999999999902
-4.886999999999967
0.3890000000000003
9.048000000000425
-3.386999999999738
-14.223999999997556
19.725000000001124
14.90099999999718
4.463999999999825
1.1209999999999873
0.0
0.0
0.0
0.0
0.0
-7.56100000000086
-17.59299999999852
-3.506999999999725
-12.606999999998452
-15.417999999996894
-0.5210000000000004
-3.7249999999997008
4.771999999999928
10.040999999999874
-1.1209999999999873
2.270999999999861
-0.6300000000000004
16.843999999997603
4.128999999999714
-4.691999999999902
-16.074999999996663
-7.667000000000895
11.13199999999927
3.7559999999996974
-10.971999999999358
0.5800000000000004
28.19000000001147
7.086000000000701
-13.514999999997949
0.0
0.0
0.0
0.0
0.0
-0.006
-12.525999999998497
9.736000000000043
-5.76600000000026
-6.2040000000004065
1.387999999999958
-1.8649999999999054
-4.736999999999917
7.2610000000007595
15.123999999997057
20.32600000000186
-8.008000000001001
-9.656000000000088
-2.422999999999844
3.123999999999767
10.386999999999682
6.590000000000535
8.526000000000714
-4.331999999999781
16.13899999999674
10.810999999999447
17.624999999998558
24.81900000000735
-0.7100000000000005
5.91500000000031
0.0
0.0
0.0
0.0
-2.505999999999835
0.7430000000000005
9.655000000000088
8.341000000000816
-9.429000000000213
-6.494000000000503
7.62200000000088
3.350999999999742
-1.2389999999999743
2.679999999999816
1.2099999999999775
-2.8009999999998025
-12.821999999998333
-13.613999999997894
-4.283999999999765
-10.304999999999728
22.763000000004837
-8.577000000000686
-9.48900000000018
-3.1559999999997634
4.450999999999821
14.099999999997625
19.989000000001447
6.87400000000063
5.917000000000311
0.0
0.0
0.0
0.0
0.0
-4.554999999999856
4.578999999999864
1.2449999999999737
3.1209999999997673
13.033999999998215
10.051999999999868
18.78799999999998
11.431999999999103
32.59600000001473
26.443000000009334
0.02000000000000001
2.559999999999829
-22.93800000000505
7.343000000000787
-9.013000000000444
-13.773999999997805
-10.916999999999389
0.4190000000000003
3.333999999999744
6.00600000000034
6.987000000000668
11.134999999999268
6.886000000000634
0.0
0.0
0.0
0.0
0.0
0.0
5.189000000000068
-4.858999999999957
10.556999999999588
-6.383000000000466
7.272000000000763
-13.36899999999803
-4.5299999999998475
5.239000000000084
13.679999999997857
4.219999999999744
8.603000000000671
8.636000000000653
3.087999999999771
-16.362999999997015
-14.986999999997133
-7.166000000000728
3.040999999999776
-21.29300000000304
-25.789000000008535
-27.12600000001017
-16.614999999997323
-6.501000000000506
0.0
0.0
0.0
0.0
0.0
0.0
0.0
7.6890000000009024
-1.007
8.380000000000795
8.391000000000789
-8.395000000000786
14.942999999997157
2.91299999999979
17.556999999998474
6.839000000000619
9.61700000000011
15.755999999996707
10.814999999999445
6.182000000000399
-10.06699999999986
-12.919999999998279
8.253000000000865
-19.880000000001314
-10.834999999999434
-18.836000000000038
-11.197999999999233
-11.569999999999027
-1.885999999999903
0.0
0.0
0.0
0.0
0.0
0.0
-0.001
3.487999999999727
9.11100000000039
4.734999999999916
0.23600000000000018
2.986999999999782
20.029000000001496
-5.986000000000334
17.9049999999989
4.891999999999968
9.05700000000042
7.018000000000678
0.7610000000000006
-22.231000000004187
-7.377000000000798
-13.437999999997992
-14.394999999997461
3.106999999999769
-4.305999999999773
-8.221000000000883
-4.240999999999751
-4.986
-1.8849999999999032
-0.001
0.0
0.0
0.0
0.0
0.0
-0.001
3.468999999999729
9.311000000000279
8.67800000000063
-2.5629999999998287
-2.8919999999997925
2.4629999999998398
19.415000000000745
9.537000000000154
8.69600000000062
-3.233999999999755
-11.031999999999325
4.0479999999996865
0.07700000000000005
10.161999999999807
13.130999999998162
2.604999999999824
0.7480000000000006
-7.798000000000939
-6.676000000000564
-0.6610000000000005
3.439999999999732
-1.8849999999999032
-0.001
0.0
0.0
0.0
0.0
0.0
1.287999999999969
-0.36000000000000026
-2.253999999999863
-6.128000000000381
-7.953000000000991
7.091000000000703
1.133999999999986
-1.233999999999975
4.308999999999774
11.523999999999052
-3.493999999999726
16.835999999997593
2.897999999999792
-2.352999999999852
-2.6999999999998137
-10.13799999999982
24.202000000006596
5.304000000000106
-4.551999999999855
-4.016999999999676
-10.345999999999705
7.868000000000962
2.841999999999798
-0.001
0.0
0.0
0.0
0.0
0.0
1.286999999999969
-5.034000000000016
-10.700999999999508
-17.12099999999794
1.032999999999997
-5.378000000000131
13.246999999998097
14.335999999997494
-5.981000000000332
2.815999999999801
-3.285999999999749
-2.4289999999998435
3.7169999999997017
-5.1080000000000405
-3.7559999999996974
-1.1079999999999888
2.5909999999998257
-0.7510000000000006
8.366000000000803
-11.177999999999244
-0.8380000000000006
8.85800000000053
2.842999999999798
-0.001
0.0
0.0
0.0
0.0
0.0
-0.08400000000000006
-6.571000000000529
2.2189999999998666
18.21599999999928
6.90200000000064
-9.539000000000152
-15.927999999996612
-19.505000000000855
-7.496000000000838
13.085999999998187
-14.691999999997297
0.11600000000000009
-3.4209999999997343
-3.4659999999997293
4.512999999999842
6.1620000000003925
-0.8440000000000006
5.46500000000016
13.921999999997723
-7.2490000000007555
8.312000000000833
7.001000000000673
4.726999999999913
0.0
0.0
0.0
0.0
0.0
-1.36899999999996
-1.3729999999999596
7.859000000000959
26.614000000009543
-4.660999999999891
-4.188999999999734
-13.336999999998048
-26.34900000000922
-8.71500000000061
-3.241999999999754
-21.77500000000363
10.073999999999856
19.35300000000067
-0.6250000000000004
17.06099999999787
5.94500000000032
7.988000000001002
-4.906999999999973
0.16700000000000012
7.574000000000864
-10.1749999999998
4.939999999999984
5.993000000000336
4.725999999999913
0.0
0.0
0.0
0.0
0.0
-0.003
4.0879999999997
-11.181999999999242
-1.2039999999999782
26.918000000009915
8.67800000000063
8.439000000000762
12.655999999998425
-2.431999999999843
1.5119999999999443
1.9069999999999008
16.681999999997405
21.101000000002806
-9.936999999999932
-12.651999999998427
9.246000000000315
8.851000000000534
-1.3889999999999578
-11.90599999999884
26.468000000009365
6.531000000000516
-1.8029999999999122
1.7479999999999183
4.725999999999913
0.0
0.0
0.0
0.0
0.0
-0.003
-3.0179999999997786
-10.039999999999875
-3.7249999999997008
-12.309999999998617
9.776000000000021
6.435000000000484
-0.5690000000000004
12.71999999999839
6.6470000000005545
-10.556999999999588
6.0930000000003695
-16.258999999996888
0.2730000000000002
-23.533000000005778
-8.066000000000969
-22.11200000000404
11.411999999999114
-11.756999999998923
4.450999999999821
-6.606000000000541
3.1359999999997656
0.36700000000000027
-3.349999999999742
0.0
0.0
0.0
0.0
0.0
-0.2630000000000002
-3.0169999999997787
1.3719999999999597
-4.025999999999679
-7.431000000000816
17.039999999997843
-9.208000000000336
12.341999999998599
6.666000000000561
1.024999999999998
5.634000000000216
14.340999999997491
-4.820999999999945
-1.3979999999999568
14.693999999997295
9.090000000000401
4.462999999999825
-11.883999999998853
11.231999999999214
-8.701000000000617
13.049999999998207
5.065000000000026
-4.361999999999791
-3.349999999999742
0.0
0.0
0.0
0.0
0.0
-0.2600000000000002
-4.815999999999943
8.619000000000662
-2.5849999999998263
-0.9030000000000007
-6.533000000000516
4.975999999999996
8.105000000000947
8.520000000000717
5.500000000000171
-1.124999999999987
5.1740000000000625
-0.19800000000000015
8.194000000000898
26.55300000000947
-3.6639999999997075
-7.65100000000089
2.3759999999998493
-6.1110000000003755
5.068000000000027
1.5069999999999448
0.31900000000000023
-4.361999999999791
-3.349999999999742
0.0
0.0
0.0
0.0
0.0
-0.2600000000000002
-0.2790000000000002
-1.8249999999999098
1.1549999999999836
20.24500000000176
11.031999999999325
2.8579999999997963
-17.16199999999799
0.3820000000000003
9.613000000000111
3.3109999999997464
-6.405000000000474
8.023000000000993
7.140000000000719
6.991000000000669
5.898000000000304
-0.36100000000000027
-11.611999999999004
7.1800000000007325
3.141999999999765
3.668999999999707
-1.0119999999999993
0.0
0.0
0.0
0.0
0.0
0.0
0.0
0.0
-0.1470000000000001
3.575999999999717
1.531999999999942
6.323000000000446
4.768999999999927
-1.9369999999998975
-3.266999999999751
-0.6250000000000004
12.319999999998611
8.596000000000675
4.340999999999784
4.209999999999741
-9.874999999999966
9.244000000000316
9.554000000000144
-1.6859999999999251
-4.079999999999697
4.614999999999876
3.1659999999997623
4.680999999999898
-0.002
0.0
0.0
0.0
0.0
0.0
0.0
0.0
0.0
-0.1470000000000001
-0.1480000000000001
3.777999999999695
-0.9150000000000007
-1.1669999999999823
8.08300000000096
9.226000000000326
9.335000000000266
0.9880000000000008
3.5179999999997236
5.100000000000038
5.10600000000004
3.5389999999997213
-2.470999999999839
-1.059999999999994
-1.0589999999999942
-0.002
-0.002
-0.002
-0.002
0.0
0.0
0.0
0.0
0.0
0.0
0.0
0.0
0.0
-0.001
-0.001
-0.001
0.0
0.0
0.001
-0.001
-0.001
-0.3790000000000003
-0.3780000000000003
-0.3790000000000003
-0.3770000000000003
-0.002
-0.003
-0.002
-0.001
-0.001
-0.001
-0.001
0.0
0.0
0.0
0.0
0.0
0.0
0.0
0.0
