-2383.8890000269125
0.0
0.0
0.0
0.0
0.0
0.0
0.0
0.0
0.0
0.0
0.0
0.0
0.0
0.0
0.0
0.0
0.0
0.0
0.0
0.0
0.0
0.0
0.0
0.0
0.0
0.0
0.0
0.0
0.0
0.0
0.0
0.0
0.0
0.0
0.0
0.0
0.0
0.0
0.0
0.0
0.0
0.0
0.0
0.0
-0.004
-0.004
0.0
0.0
0.0
0.0
0.0
0.0
0.0
0.0
0.0
0.0
0.0
0.0
0.0
0.0
0.0
0.0
0.0
0.0
0.0
-3.0289999999997774
-3.0289999999997774
-19.816000000001235
-19.816000000001235
-3.0289999999997774
-15.305999999996956
-12.48499999999852
-12.486999999998519
-15.44499999999688
-2.9639999999997846
-2.960999999999785
-5.957000000000324
-3.00399999999978
-5.164000000000059
-5.164000000000059
-2.161999999999873
0.0
0.0
0.0
0.0
0.0
0.0
0.0
0.0
0.0
0.0
0.0
0.0
-22.38800000000438
-3.0289999999997774
-19.817000000001237
-19.817000000001237
-19.818000000001238
13.139999999998157
45.5259999999846
71.69299999997827
43.06799999999033
20.003000000001464
9.176000000000354
-57.76299999995608
-58.510999999954336
1.2429999999999741
32.84300000001416
12.101999999998732
15.105999999997067
19.982000000001438
0.002
0.0
0.0
0.0
0.0
0.0
0.0
0.0
0.0
0.0
-22.38900000000438
-9.107000000000392
-14.652999999997318
19.980000000001436
18.35599999999945
-35.36500000000828
25.037000000007616
22.52700000000455
42.008999999992795
-22.72400000000479
55.03799999996243
6.411000000000476
25.167000000007775
-34.33000000001069
-20.805000000002444
29.880000000013535
-31.411000000015406
38.987999999999836
23.107000000005257
7.8150000000009445
31.34900000001533
0.0
0.0
0.0
0.0
0.0
0.0
-30.00000000001368
-30.001000000013683
-72.00599999997976
-84.65400000004016
-33.79500000001194
25.672000000008392
-39.13999999999948
-3.885999999999683
42.313999999992085
8.635000000000653
20.98300000000266
-19.221000000000508
-50.474999999973065
10.08399999999985
-20.051000000001522
38.03800000000205
21.74300000000359
30.31000000001406
92.3920000000771
32.79900000001426
19.513000000000865
-22.1590000000041
38.50500000000096
-0.001
0.0
0.0
0.0
0.0
0.0
-30.001000000013683
-56.09699999995996
-56.438999999959165
-42.991999999990504
-15.704999999996735
48.10299999997859
55.953999999960295
67.02299999995597
70.58699999997299
-0.4260000000000003
-1.214999999999977
57.13499999995754
29.700000000013315
30.08800000001379
-67.87999999996006
-38.39300000000122
30.9970000000149
25.24600000000787
3.4089999999997356
-93.01700000008009
59.15599999995283
52.194999999969056
-45.97899999998354
13.433999999997994
0.0
0.0
0.0
0.0
0.0
-30.003000000013685
-86.1500000000473
-34.40100000001053
-53.2499999999666
-20.881000000002537
-61.518999999947326
-26.93100000000993
-20.66400000000227
15.114999999997062
-9.499000000000175
50.6729999999726
25.33600000000798
8.519000000000718
44.437999999987134
-9.278000000000297
-47.522999999979945
-11.592999999999014
12.12299999999872
56.739999999958464
-30.51500000001431
45.754999999984065
92.80400000007907
111.71900000016939
-36.88700000000473
9.6340000000001
0.0
0.0
0.0
0.0
-0.02000000000000001
-73.28899999998589
29.652000000013256
-67.74699999995943
-14.579999999997359
33.98800000001149
-11.03999999999932
-55.11599999996225
72.64699999998282
88.05300000005639
72.57599999998249
-22.876000000004975
-46.8989999999814
11.747999999998928
41.987999999992844
57.10199999995762
-8.26100000000086
50.00599999997416
21.37400000000314
70.03699999997036
100.8300000001174
90.19500000006661
86.21100000004759
25.501000000008183
35.87600000000709
0.0
0.0
0.0
0.0
-0.02000000000000001
-21.63600000000346
8.057000000000974
-16.70999999999744
-35.7430000000074
6.158000000000391
71.10699999997547
24.31300000000673
-22.931000000005042
37.16200000000409
67.35799999995757
-30.977000000014876
-45.14799999998548
-93.47600000008228
-69.9179999999698
-71.83899999997897
45.2259999999853
-27.9690000000112
15.654999999996763
3.742999999999699
100.91100000011778
99.56200000011134
170.91100000045202
75.86299999999818
26.24200000000909
0.0
0.0
0.0
0.0
-0.002
-38.71700000000047
0.6620000000000006
25.04100000000762
37.59600000000308
98.42600000010592
43.990999999988176
67.94499999996037
47.99399999997885
140.33400000030602
138.95300000029943
3.2349999999997547
32.462000000015045
-116.65300000019295
-36.740000000005075
-14.893999999997185
-90.24100000006683
-74.16299999999006
-80.74000000002147
-65.85899999995041
36.899000000004705
93.5430000000826
113.45800000017769
49.57499999997516
0.0
0.0
0.0
0.0
0.0
-0.001
21.238000000002973
5.954000000000323
55.31999999996177
-52.95799999996728
32.604000000014715
-67.93799999996034
93.33800000008162
70.58099999997296
68.67699999996387
48.13399999997852
89.43200000006297
42.01499999999278
39.0889999999996
-48.50299999997766
-112.8120000001746
-97.15900000009987
-81.50300000002511
-147.92800000034228
-221.64800000069428
-159.7250000003986
-59.62899999995173
11.300999999999176
29.99800000001368
0.0
0.0
0.0
0.0
0.0
0.0
21.25100000000299
24.41900000000686
76.17899999999969
1.6199999999999324
3.659999999999708
19.360000000000678
27.662000000010824
72.44999999998188
133.2530000002722
72.29799999998116
97.28000000010044
-12.438999999998545
22.615000000004656
-27.878000000011088
-62.81199999994431
30.706000000014544
-54.408999999963896
-23.324000000005523
-155.68600000037932
-37.43800000000345
-67.72199999995931
11.300999999999176
0.0
0.0
0.0
0.0
0.0
0.0
0.0
8.401000000000783
54.72799999996315
25.805000000008555
5.0420000000000185
9.594000000000122
94.2340000000859
6.93400000000065
164.02800000041915
72.9129999999841
0.6460000000000006
52.11199999996925
-34.13400000001115
-70.78799999997395
-63.509999999942686
-31.02900000001494
-31.26600000001523
-0.6990000000000005
-26.310000000009172
-43.65399999998896
-84.19700000003797
-70.59899999997305
-12.166999999998696
0.0
0.0
0.0
0.0
0.0
0.0
0.0
29.99000000001367
47.48099999998004
-3.742999999999699
-28.57400000001194
20.63900000000224
107.17500000014769
117.86400000019873
85.11600000004236
25.602000000008307
27.859000000011065
-15.962999999996592
-0.5230000000000004
49.55399999997521
53.65699999996565
41.605999999993735
-16.657999999997376
24.292000000006706
16.052999999996636
-45.831999999983886
-16.781999999997527
-1.1369999999999858
-12.166999999998696
0.0
0.0
0.0
0.0
0.0
0.0
0.004
2.9899999999997817
17.868999999998856
-42.63299999999134
-31.13700000001507
-11.355999999999145
10.421999999999663
37.156000000004106
32.84100000001416
85.95500000004637
-16.52099999999721
80.49100000002028
-32.569000000014796
-23.827000000006137
0.8740000000000008
-96.88000000009853
131.12100000026203
-30.934000000014823
-24.376000000006808
11.047999999999316
-62.60799999994479
2.0589999999998843
-7.135000000000717
0.0
0.0
0.0
0.0
0.0
0.0
0.004
53.8489999999652
-0.15700000000000014
28.849000000012275
-20.757000000002385
-1.976999999999893
-43.012999999990456
59.39199999995228
6.488000000000501
-31.458000000015463
68.79499999996443
17.246999999998096
52.70799999996786
-30.445000000014225
-44.518999999986946
-1.5099999999999445
-10.367999999999693
-31.412000000015407
17.4139999999983
-27.51000000001064
17.464999999998362
45.81699999998392
-7.048000000000688
0.0
0.0
0.0
0.0
0.0
-0.001
-2.5009999999998356
20.18900000000169
-6.7280000000005815
134.0900000002762
58.62399999995407
-109.2910000001578
-79.68700000001644
-22.47800000000449
-28.025000000011268
-15.55299999999682
-86.4000000000485
-16.1039999999967
-27.24200000001031
16.57899999999728
9.004000000000449
-54.580999999963495
0.7460000000000007
10.640999999999542
23.930000000006263
-20.1150000000016
22.614000000004655
45.83399999998388
5.0270000000000135
0.0
0.0
0.0
0.0
0.0
-2.477999999999838
-2.5029999999998354
6.294000000000437
83.81900000003617
29.453000000013013
31.16900000001511
-136.92800000028976
-84.9980000000418
-104.02100000013263
-50.81099999997228
-129.08900000025233
73.92799999998894
78.86000000001249
14.259999999997536
67.5749999999586
26.46500000000936
66.33999999995271
-60.09399999995065
42.776999999991006
-64.59499999994438
-51.650999999970324
-34.80400000000959
41.1929999999947
5.031000000000015
0.0
0.0
0.0
0.0
0.0
30.002000000013684
40.47899999999636
-15.400999999996904
-37.87500000000243
69.5639999999681
58.746999999953786
133.97600000027566
66.89099999995534
-2.216999999999867
30.715000000014555
61.86799999994651
98.41300000010585
88.32300000005768
1.9219999999998993
-64.3269999999431
109.3760000001582
26.581000000009503
24.323000000006743
-42.853999999990826
102.58200000012576
54.83299999996291
-1.3379999999999634
40.23999999999692
21.819000000003683
0.0
0.0
0.0
0.0
0.0
30.002000000013684
24.316000000006735
-39.61299999999838
-29.318000000012848
-67.2579999999571
142.38800000031583
31.11100000001504
38.30700000000142
44.14799999998781
-48.226999999978304
34.22700000001093
31.637000000015682
-48.848999999976854
-34.55300000001017
-70.05399999997044
-80.50700000002035
-2.3109999999998565
5.799000000000271
-44.935999999985974
-12.93399999999827
-39.66999999999825
-1.7849999999999142
65.63299999994933
-20.297000000001823
0.0
0.0
0.0
0.0
0.0
-9.764000000000028
-5.661000000000225
36.1300000000065
17.279999999998136
-33.14600000001345
53.077999999967
-14.464999999997422
23.883000000006206
53.85699999996518
37.3300000000037
-9.0930000000004
-31.58600000001562
-47.26899999998054
-6.864000000000627
-39.08399999999961
36.44600000000576
-6.757000000000591
-32.94500000001392
78.90600000001271
-31.88800000001599
61.1879999999481
19.445000000000782
43.814999999988586
-12.117999999998723
0.0
0.0
0.0
0.0
0.0
-9.764000000000028
-26.78300000000975
21.56200000000337
-12.553999999998481
-3.2259999999997557
19.985000000001442
3.5729999999997175
52.66999999996795
72.81599999998363
53.07199999996701
8.364000000000804
32.750000000014374
18.38099999999948
48.06499999997868
111.50100000016835
-31.911000000016017
-65.46299999994852
-21.205000000002933
-23.86300000000618
-21.60500000000342
4.841999999999952
22.050000000003966
-16.184999999996798
-12.117999999998723
0.0
0.0
0.0
0.0
0.0
-9.764000000000028
-9.765000000000027
2.8549999999997966
-21.913000000003798
73.78999999998828
5.421000000000145
31.083000000015005
-64.29199999994293
-41.92399999999299
72.81699999998364
47.88099999997911
-2.787999999999804
101.36800000011996
25.4320000000081
86.97600000005124
31.404000000015397
31.609000000015648
1.8979999999999018
50.478999999973055
22.82200000000491
42.07899999999263
-4.0689999999996935
0.025000000000000015
0.0
0.0
0.0
0.0
0.0
0.0
0.0
0.0
41.210999999994655
13.270999999998084
2.988999999999782
12.203999999998675
-11.230999999999215
5.1770000000000636
7.539000000000852
44.711999999986496
24.52500000000699
-20.468000000002032
45.71399999998416
-51.38999999997093
-5.0240000000000125
12.508999999998506
68.79399999996443
31.658000000015708
71.22899999997605
-0.34300000000000025
46.175999999983084
0.025000000000000015
0.0
0.0
0.0
0.0
0.0
0.0
0.0
0.0
0.0
0.0
29.995000000013675
-0.006
29.994000000013674
47.73899999997944
61.34899999994772
30.639000000014462
-11.675999999998968
-11.999999999998789
45.1379999999855
45.25599999998523
11.831999999998882
22.024000000003934
29.987000000013666
29.976000000013652
-0.1530000000000001
-0.003
-0.003
-0.002
0.0
0.0
0.0
0.0
0.0
0.0
0.0
0.0
0.0
0.0
0.0
0.0
0.0
0.0
-0.002
-0.002
9.6330000000001
9.629000000000103
9.6330000000001
9.6340000000001
-0.001
29.90000000001356
16.535999999997227
16.536999999997228
16.536999999997228
-0.001
-0.002
-0.002
-0.001
0.0
0.0
0.0
0.0
0.0
0.0
0.0
