-529.6139999943882
0.0
0.0
0.0
0.0
0.0
0.0
0.0
0.0
0.0
0.0
0.0
0.0
0.0
0.0
0.0
0.0
0.0
0.0
0.0
0.0
0.0
0.0
0.0
0.0
0.0
0.0
0.0
0.0
0.0
0.0
0.0
0.0
0.0
0.0
0.0
0.0
0.0
0.0
0.0
0.0
0.0
0.0
0.0
0.0
0.0
0.0
0.0
0.0
0.0
0.0
0.0
0.0
0.0
0.0
0.0
0.0
0.0
0.0
0.0
0.0
0.0
0.0
0.0
0.0
0.0
-0.25200000000000017
-0.25200000000000017
-4.165999999999726
-4.165999999999726
-0.25200000000000017
-3.5009999999997254
-3.260999999999752
-4.889999999999968
-4.892999999999969
-1.6369999999999305
-1.6339999999999308
-0.006
0.0
-0.001
-0.001
-0.001
0.0
0.0
0.0
0.0
0.0
0.0
0.0
0.0
0.0
0.0
0.0
0.0
-1.7109999999999224
-0.25200000000000017
-4.165999999999726
-4.923999999999979
-4.923999999999979
1.6309999999999312
10.746999999999483
9.966999999999915
9.350000000000257
6.922000000000646
14.694999999997295
-7.1710000000007295
-12.326999999998607
-5.905000000000307
1.5609999999999389
-3.950999999999676
-1.904999999999901
1.387999999999958
0.005
0.0
0.0
0.0
0.0
0.0
0.0
0.0
0.0
0.0
-1.7169999999999217
-5.460000000000158
0.6480000000000006
4.030999999999681
7.102000000000706
-12.012999999998781
18.53499999999967
9.119000000000385
18.6429999999998
-12.815999999998336
14.779999999997248
4.001999999999671
5.10700000000004
-9.426000000000215
-4.989000000000001
17.288999999998147
1.2009999999999785
-0.9070000000000008
4.674999999999896
6.51300000000051
1.7159999999999218
0.0
0.0
0.0
0.0
0.0
0.0
-9.77700000000002
-9.783000000000017
-18.44399999999956
-21.53000000000333
-3.1029999999997693
6.613000000000543
-10.540999999999597
0.7710000000000006
8.129000000000934
6.552000000000523
-8.361000000000805
-12.5199999999985
-8.239000000000873
7.641000000000886
-3.2569999999997523
-5.571000000000195
11.92599999999883
1.7479999999999183
26.981000000009992
9.464000000000194
4.143999999999719
-4.399999999999804
-2.713999999999812
0.001
0.0
0.0
0.0
0.0
0.0
-9.77700000000002
-12.712999999998393
-14.524999999997389
-13.593999999997905
5.262000000000092
-3.1289999999997664
17.427999999998317
9.438000000000208
20.619000000002217
1.468999999999949
1.4919999999999465
-2.1459999999998747
16.499999999997183
8.562000000000694
-12.32099999999861
-2.6649999999998175
10.60899999999956
2.023999999999888
-7.2220000000007465
-29.837000000013482
16.11999999999672
-0.08500000000000006
-17.42099999999831
4.1079999999997066
0.001
0.0
0.0
0.0
0.0
-9.783000000000017
-22.719000000004783
-5.649000000000221
-10.853999999999424
-7.2220000000007465
-14.655999999997317
-7.691000000000903
-20.406000000001956
10.074999999999855
12.758999999998368
5.266000000000093
11.04099999999932
15.976999999996584
-2.124999999999877
-4.433999999999815
-9.764000000000028
-2.042999999999886
2.041999999999886
9.509000000000169
7.152000000000723
8.44300000000076
25.896000000008666
21.354000000003115
-15.378999999996916
1.9169999999998997
0.0
0.0
0.0
0.0
-0.008
-13.559999999997924
22.66800000000472
-14.996999999997128
-8.401000000000783
18.500999999999628
10.501999999999619
-2.09899999999988
19.193000000000474
7.486000000000835
6.1380000000003845
10.274999999999745
-20.12300000000161
0.7910000000000006
6.6590000000005585
7.568000000000862
6.088000000000368
13.69299999999785
7.367000000000795
24.65600000000715
38.30800000000142
22.653000000004702
23.475000000005707
-6.172000000000396
1.9159999999998998
0.0
0.0
0.0
0.0
-0.009000000000000001
-6.709000000000575
14.874999999997195
3.441999999999732
-20.545000000002126
-0.4230000000000004
12.509999999998506
2.387999999999848
-5.148000000000054
0.4000000000000003
20.075000000001552
-9.180000000000351
-20.94200000000261
-13.957999999997703
-8.113000000000943
-7.3820000000008
0.8330000000000006
-14.488999999997409
0.5650000000000005
-3.4799999999997278
12.93699999999827
19.365000000000684
35.04400000000903
16.313999999996955
0.0
0.0
0.0
0.0
0.0
-0.001
-7.043000000000687
-0.8280000000000006
10.886999999999405
-2.379999999999849
12.424999999998553
11.706999999998951
13.18899999999813
16.417999999997082
34.784000000009634
35.273000000008494
-4.05899999999969
18.292999999999374
-35.88800000000706
-11.333999999999158
-2.2909999999998587
-10.965999999999362
-6.965000000000661
-29.13200000001262
-19.039000000000286
-0.5860000000000004
15.185999999997023
27.000000000010015
11.386999999999128
0.0
0.0
0.0
0.0
-0.001
-0.001
6.7340000000005835
4.304999999999772
14.908999999997176
-9.32700000000027
-2.661999999999818
-13.118999999998168
23.48600000000572
8.399000000000784
21.099000000002803
10.671999999999525
18.367999999999466
9.162000000000361
18.620999999999775
-23.340000000005542
-30.84900000001472
-22.833000000004922
-14.118999999997614
-26.48900000000939
-52.1339999999692
-34.887000000009394
-8.319000000000829
0.4100000000000003
3.0459999999997756
0.0
0.0
0.0
0.0
-0.001
-0.001
6.735000000000584
7.630000000000883
15.594999999996796
0.2240000000000002
7.027000000000681
6.430000000000482
10.855999999999423
10.492999999999624
22.424000000004423
13.781999999997801
20.481000000002048
10.923999999999385
-2.179999999999871
-0.9470000000000007
-8.51500000000072
13.067999999998197
-19.826000000001248
-5.37500000000013
-27.71600000001089
-8.057000000000974
-20.976000000002653
-2.6379999999998205
0.0
0.0
0.0
0.0
0.0
0.0
-0.001
-2.9259999999997888
12.44999999999854
5.312000000000109
-2.0489999999998854
-4.732999999999915
22.812000000004897
16.592999999997296
33.34700000001298
20.29500000000182
-6.835000000000617
11.659999999998977
11.630999999998993
-11.736999999998934
-31.110000000015038
1.9569999999998953
-12.347999999998596
-3.2739999999997504
-6.859000000000625
-10.86099999999942
-12.14099999999871
-17.07799999999789
-2.8899999999997927
0.0
0.0
0.0
0.0
0.0
0.0
-0.001
4.822999999999945
7.166000000000728
7.664000000000894
-5.307000000000107
11.772999999998914
22.427000000004426
22.745000000004815
12.810999999998339
3.811999999999691
11.109999999999282
-2.596999999999825
-5.091000000000035
2.9939999999997813
9.313000000000278
7.613000000000877
0.5180000000000003
7.1530000000007234
6.1740000000003965
-6.1410000000003855
0.7450000000000006
1.0749999999999924
-2.8909999999997926
-0.001
0.0
0.0
0.0
0.0
0.0
1.4519999999999509
-1.2399999999999742
6.021000000000345
-14.75799999999726
-1.4939999999999465
3.052999999999775
-2.061999999999884
6.267000000000428
5.1170000000000435
16.731999999997466
-10.128999999999825
27.909000000011126
-7.691000000000903
-6.569000000000528
-7.3820000000008
-10.251999999999757
16.712999999997443
-8.909000000000502
-4.374999999999796
3.8749999999996843
-14.75799999999726
3.867999999999685
-1.8699999999999048
-0.002
0.0
0.0
0.0
0.0
0.0
1.441999999999952
18.07599999999911
3.64299999999971
-3.503999999999725
-14.844999999997212
1.6529999999999287
-0.40700000000000036
16.29999999999694
-9.23800000000032
-5.73400000000025
13.554999999997927
-10.025999999999883
4.198999999999737
-19.750000000001155
-18.33999999999943
0.7570000000000006
-11.11399999999928
-8.419000000000773
-2.09599999999988
-14.72299999999728
4.125999999999713
12.980999999998245
-2.3759999999998493
0.0
0.0
0.0
0.0
0.0
0.0
-2.795999999999803
1.7829999999999144
0.8860000000000007
16.50599999999719
16.23599999999686
-19.576000000000942
-11.107999999999283
-6.440000000000485
-6.419000000000478
-0.6160000000000004
-11.34899999999915
-6.912000000000643
9.88599999999996
24.50800000000697
15.433999999996885
-8.199000000000895
2.7839999999998044
10.952999999999369
4.302999999999772
-4.6079999999998735
7.8360000000009515
10.954999999999368
0.2610000000000002
0.0
0.0
0.0
0.0
0.0
-4.23699999999975
-4.246999999999753
-0.5820000000000005
16.042999999996624
15.765999999996701
6.7910000000006026
-44.31499999998742
-21.217000000002948
-18.319999999999407
-4.765999999999926
-24.269000000006677
18.64999999999981
22.497000000004512
-8.322000000000827
15.603999999996791
-0.2240000000000002
-0.2920000000000002
-11.630999999998993
12.77399999999836
-10.80799999999945
-17.996999999999012
-3.751999999999698
7.92000000000098
0.2590000000000002
0.0
0.0
0.0
0.0
0.0
10.000999999999896
11.339999999999154
-8.361000000000805
-13.659999999997869
12.150999999998705
13.075999999998192
29.545000000013125
7.2550000000007575
-3.433999999999733
10.385999999999683
15.29999999999696
6.542000000000519
21.443000000003224
1.5649999999999384
-21.97100000000387
13.829999999997774
19.879000000001312
2.64299999999982
-13.955999999997704
19.34400000000066
16.356999999997008
2.4129999999998453
3.2729999999997506
4.929999999999981
0.0
0.0
0.0
0.0
0.0
10.000999999999896
6.809000000000609
-3.9909999999996715
-2.361999999999851
-17.158999999997988
26.634000000009568
7.425000000000814
13.499999999997957
12.8819999999983
15.609999999996788
-4.461999999999825
0.8350000000000006
-10.105999999999838
-8.999000000000452
-10.604999999999562
-20.321000000001852
-4.366999999999793
2.2659999999998615
-9.815
-16.757999999997498
-5.52700000000018
0.9730000000000008
16.156999999996764
-8.345000000000814
0.0
0.0
0.0
0.0
0.0
-0.017000000000000008
-3.2109999999997574
-4.6139999999998755
12.944999999998265
-7.866000000000962
15.728999999996722
2.922999999999789
7.519000000000846
11.477999999999078
12.090999999998738
2.5219999999998333
-11.81699999999889
-9.923999999999939
-3.7709999999996957
-16.943999999997725
6.578000000000531
5.025000000000013
-7.756000000000925
20.34300000000188
-10.063999999999862
16.52299999999721
3.660999999999708
11.230999999999215
-7.495000000000838
0.0
0.0
0.0
0.0
0.0
-0.017000000000000008
-4.44799999999982
-6.96400000000066
-3.659999999999708
0.8050000000000006
0.32900000000000024
4.214999999999742
14.754999999997262
24.690000000007192
2.6539999999998187
-5.722000000000246
16.884999999997653
3.27899999999975
18.423999999999534
29.416000000012968
-8.134000000000931
-4.320999999999778
2.5899999999998258
-7.494000000000837
-15.410999999996898
4.780999999999931
5.224000000000079
-5.610000000000208
-7.495000000000838
0.0
0.0
0.0
0.0
0.0
-0.017000000000000008
-0.01800000000000001
1.6159999999999328
-7.955000000000991
20.7700000000024
3.8979999999996817
1.4679999999999491
-16.124999999996724
-2.9289999999997884
13.182999999998133
8.29900000000084
2.424999999999844
15.161999999997036
2.9649999999997845
19.396000000000722
0.5090000000000003
2.0129999999998893
-4.391999999999801
16.01599999999659
20.240000000001753
16.075999999996665
1.8819999999999035
1.931999999999898
0.0
0.0
0.0
0.0
0.0
0.0
0.0
0.0
7.915000000000978
-0.5070000000000005
2.060999999999884
8.499000000000729
-0.9190000000000007
-3.4109999999997354
4.121999999999711
4.724999999999913
5.1710000000000615
4.033999999999682
13.541999999997934
-10.274999999999745
-1.9629999999998946
3.687999999999705
24.65500000000715
8.994000000000455
16.06499999999665
9.260000000000307
11.953999999998814
1.9299999999998982
-0.001
0.0
0.0
0.0
0.0
0.0
0.0
0.0
0.0
0.0
5.654000000000223
5.654000000000223
7.14300000000072
7.138000000000718
10.869999999999415
4.967999999999994
2.743999999999809
1.324999999999965
15.851999999996654
13.436999999997992
-2.785999999999804
3.3299999999997443
7.735000000000918
8.887000000000514
-0.04300000000000003
-0.001
-0.001
-0.001
0.0
0.0
0.0
0.0
0.0
0.0
0.0
0.0
0.0
0.0
0.0
0.0
0.0
0.0
0.0
-0.001
1.9149999999999
1.9069999999999008
1.9089999999999006
1.9089999999999006
-0.010000000000000002
6.451000000000489
6.451000000000489
6.45300000000049
6.45500000000049
-0.001
-0.001
-0.001
0.0
0.0
0.0
0.0
0.0
0.0
0.0
0.0
