-0.16700000000000012
0.0
0.0
0.0
0.0
0.0
0.0
0.0
-0.002
-0.001
0.0
-0.002
-0.001
0.0
0.0
0.0
0.0
0.0
0.0
0.0
-0.002
-0.013000000000000001
-0.014
-0.009000000000000001
-0.003
-0.004
-0.02700000000000001
-0.022000000000000006
-0.005
-0.001
0.0
0.0
0.0
-0.002
-0.005
-0.007
0.022000000000000002
-0.033
-0.020000000000000007
-0.021999999999999992
0.003
0.0020000000000000035
-0.008999999999999998
-0.02200000000000003
-0.016
0.0
0.0
0.0
-0.003
-0.005
-0.027000000000000024
-0.013999999999999995
-0.0010000000000000009
0.03500000000000002
0.036000000000000004
0.00800000000000001
0.01
0.0030000000000000035
-0.035
-0.02099999999999999
0.0
0.0
0.0
-0.001
-0.02800000000000001
-0.04900000000000003
-0.0070000000000000045
-0.004000000000000008
-0.021999999999999985
0.027999999999999987
-0.012999999999999998
0.01900000000000001
0.01199999999999998
0.024000000000000004
0.008
0.0
0.0
-0.002
-0.002
-0.020000000000000004
-0.03700000000000002
0.014999999999999996
-0.007000000000000003
-0.014000000000000004
-0.021999999999999992
-0.01600000000000002
0.05100000000000002
0.026000000000000016
0.04100000000000002
0.006
0.0
0.0
-0.003
0.005
-6.071532165918825E-18
0.027999999999999973
0.002999999999999994
-0.030999999999999986
-0.03199999999999999
-0.058000000000000024
-0.04400000000000001
-0.005999999999999995
0.004000000000000008
0.036000000000000004
0.005
0.0
0.0
-0.001
0.015000000000000003
0.013999999999999981
0.031000000000000003
0.004
-0.012999999999999994
-0.08100000000000004
-0.07700000000000004
-0.011000000000000003
-0.013000000000000005
-0.02000000000000001
0.01899999999999999
-0.002
0.0
0.0
-0.001
-0.04000000000000001
0.004000000000000011
0.03399999999999999
0.06400000000000003
0.012000000000000004
-0.07000000000000003
-0.08200000000000003
-0.007999999999999997
0.010000000000000002
0.02400000000000001
-0.008000000000000002
-0.008
0.0
0.0
-0.010000000000000002
-0.005
0.048000000000000015
-0.006999999999999993
0.018000000000000016
0.048000000000000015
-0.009000000000000005
-0.012000000000000007
-0.03700000000000002
0.005999999999999997
-0.028
-0.022
-0.005
0.0
0.0
-0.003
-0.006000000000000001
-0.023000000000000013
-0.011999999999999997
0.059000000000000025
0.03199999999999997
-0.006
0.005999999999999999
-0.02499999999999999
-0.04100000000000002
-0.003
-0.02
-0.007
0.0
0.0
-0.002
0.005000000000000002
-0.008
-0.016
0.020000000000000007
0.011000000000000003
0.013000000000000003
0.001999999999999999
-0.013000000000000006
0.008
-0.001
-0.015000000000000001
0.0
0.0
0.0
0.0
0.0
0.0
-0.007
-0.024000000000000007
-0.016
-0.034
-0.02800000000000001
-0.004
-0.002
0.0
0.0
0.0
0.0
0.0
