-0.6870000000000005
0.0
0.0
0.0
0.0
0.0
0.0
0.0
0.0
0.0
0.0
0.0
0.0
0.0
0.0
0.0
0.0
0.0
0.0
0.0
-0.004
-0.04500000000000002
-0.031000000000000014
-0.036000000000000004
-0.09700000000000006
0.015000000000000029
-0.09700000000000007
-0.057000000000000044
-0.011000000000000001
0.003
0.0
0.0
0.0
-0.018
-0.016
-0.03600000000000002
0.018000000000000023
-0.07700000000000004
-0.003999999999999997
0.05
0.028999999999999897
-0.01000000000000001
-0.016000000000000025
0.03000000000000008
-0.029000000000000012
0.0
0.0
-0.001
-0.024999999999999998
-0.04600000000000001
-0.001000000000000007
0.08000000000000002
-0.029000000000000012
0.02699999999999999
-0.017000000000000074
0.03300000000000007
0.009000000000000005
-0.02300000000000001
-0.06700000000000002
-0.07800000000000004
-0.016
0.0
0.0
-0.018999999999999996
-0.07700000000000004
-0.07000000000000003
-0.014999999999999996
0.05000000000000003
-0.003999999999999983
0.06600000000000002
0.07200000000000001
0.026000000000000002
0.03300000000000003
0.019999999999999987
-0.016999999999999987
-0.008
0.0
-0.002
-0.03099999999999999
-9.999999999999966E-4
-0.06500000000000003
0.023000000000000013
0.01199999999999999
-0.006
-0.08200000000000005
0.030999999999999958
0.04600000000000003
0.006000000000000081
0.07900000000000004
0.007
0.0
0.0
0.0
-0.024999999999999988
0.09700000000000004
0.03799999999999999
-0.017999999999999985
-0.024000000000000007
-0.041999999999999996
-0.09300000000000005
-0.08300000000000005
-0.02099999999999996
-0.022999999999999972
0.03099999999999999
-0.013000000000000001
0.0
0.0
-0.013000000000000005
0.015
0.03999999999999998
0.04100000000000009
0.01400000000000002
0.07400000000000002
-0.08200000000000005
-0.1530000000000001
0.014000000000000071
0.05000000000000002
-0.023999999999999987
0.006000000000000015
0.011
0.0
0.0
-0.003
-0.046000000000000034
0.03800000000000005
0.05100000000000003
-0.015000000000000005
0.07500000000000004
-0.11500000000000007
-0.02300000000000004
-0.02299999999999999
0.01200000000000001
0.03899999999999998
-0.028000000000000008
-0.014999999999999998
0.0
0.0
-0.02100000000000001
-0.08900000000000005
0.11100000000000006
-0.07800000000000003
0.01799999999999994
0.10800000000000007
-0.015000000000000017
-0.06400000000000003
-0.010000000000000037
-0.04600000000000001
-0.028
8.673617379884035E-19
-0.004
0.0
0.0
-0.04700000000000002
-0.05300000000000002
-0.015999999999999997
-0.00700000000000002
-0.003
0.06800000000000002
-9.999999999999922E-4
0.038000000000000034
-0.06700000000000003
0.025000000000000026
0.007000000000000014
-0.042000000000000016
-0.005
0.0
0.0
-0.004
0.06100000000000002
0.055000000000000035
-0.020999999999999963
0.038000000000000034
-0.00899999999999998
0.009000000000000006
-0.07000000000000003
-0.02
0.008000000000000016
-0.05600000000000002
-0.029
-0.005
0.0
0.0
0.0
0.0
-0.013000000000000003
-0.03900000000000002
-0.03800000000000001
-0.06900000000000003
-0.1360000000000001
-0.09900000000000006
-0.019
-0.02
-0.016000000000000004
-0.011000000000000001
0.0
0.0
0.0
