-0.07800000000000006
0.0
0.0
0.0
0.0
0.0
0.0
0.0
0.0
0.0
0.0
0.0
0.0
0.0
0.0
0.0
0.0
0.0
0.0
-0.003
-0.006
-0.006
-0.011000000000000001
-0.012
-0.031
-0.04600000000000001
-0.025000000000000005
-0.006
0.0
-0.002
0.0
0.0
0.0
0.0
-0.006
-0.009000000000000001
-0.011999999999999995
-0.005999999999999997
0.016
-0.009999999999999998
0.032
0.033
-0.017999999999999995
-0.008999999999999994
-0.008
0.0
0.0
0.0
-0.002
-0.008
-0.01
-0.003000000000000001
-0.004
0.016
0.01
0.03
0.024
-0.004000000000000002
-0.019
-0.004
0.0
0.0
-0.005
-0.012
-0.023
-0.031
-0.030000000000000002
-0.007
0.007000000000000001
0.015999999999999993
0.023000000000000013
0.014000000000000002
0.006999999999999995
0.011
0.006
0.0
0.0
0.0
-0.007
-0.008
-0.008000000000000005
-0.03799999999999999
-0.009000000000000005
0.008
-0.010999999999999989
-0.04500000000000001
-0.0069999999999999975
0.025999999999999975
0.012000000000000002
-0.001
0.0
0.0
0.0
-0.011000000000000003
0.033
0.016
0.006000000000000005
-0.002
-0.06500000000000003
-0.04600000000000001
-0.03900000000000001
-0.024999999999999998
0.032
0.019000000000000003
-0.003
0.0
0.0
0.0
0.007
0.023000000000000003
0.016999999999999994
0.03899999999999998
-0.008000000000000007
-0.05600000000000002
-0.047000000000000014
-0.014000000000000002
-0.017
0.0030000000000000113
-0.003
0.001
0.0
0.0
-0.002
-0.010999999999999992
0.02799999999999999
0.024
0.011000000000000003
0.001
-0.03900000000000001
-0.022000000000000002
-0.001
-0.014999999999999993
0.016000000000000004
0.010000000000000005
0.002
0.0
0.0
-0.005
-0.028000000000000008
0.008
0.02700000000000001
0.023999999999999994
-0.004
-0.0060000000000000045
-0.013000000000000001
-0.038000000000000006
-0.013000000000000001
0.018000000000000002
-0.026000000000000006
-0.01
0.0
0.0
-0.004
-0.019
-0.013999999999999999
0.005000000000000001
0.012000000000000004
0.01799999999999999
0.009000000000000001
0.011000000000000001
0.002
-0.003
-0.015000000000000003
-0.009000000000000001
-0.002
0.0
0.0
0.0
-0.001
0.0
0.006000000000000001
0.006
0.008
0.006
-0.004
-0.018000000000000002
-0.018000000000000002
-0.016
-0.009000000000000001
-0.002
0.0
0.0
0.0
0.0
0.0
0.0
-0.002
-0.005
-0.008
-0.003
-0.012000000000000004
-0.018
-0.007
-0.007
0.0
0.0
0.0
