-2.5359999999998317
0.0
0.0
0.0
0.0
0.0
0.0
0.0
0.0
0.0
0.0
0.0
0.0
0.0
0.0
0.0
0.0
0.0
0.0
-0.001
-0.018000000000000002
-0.034
-0.23000000000000018
-0.07700000000000005
-0.2980000000000002
0.14100000000000013
-0.07500000000000004
-0.12000000000000009
-0.031000000000000014
-0.024000000000000014
0.0
0.0
0.0
-0.003
-0.04400000000000002
-0.04000000000000001
-0.015000000000000003
-0.1140000000000001
0.12400000000000008
0.10600000000000004
-0.009000000000000055
9.99999999999993E-4
0.09200000000000007
0.05600000000000016
-0.08900000000000007
-0.001
0.0
-0.004
0.007000000000000004
-0.10300000000000006
0.050999999999999976
0.047
-0.12500000000000008
-0.09500000000000013
0.09700000000000004
-0.03299999999999986
-0.06200000000000004
-0.017000000000000022
-0.02799999999999994
-0.1500000000000001
-0.02700000000000001
0.0
-0.004
-0.02100000000000001
-0.22600000000000017
-0.12000000000000002
0.032999999999999974
0.054000000000000034
0.1130000000000001
0.047000000000000056
0.22100000000000017
0.04200000000000011
0.07000000000000017
0.12800000000000009
-0.039999999999999966
-0.013000000000000005
0.0
-0.003
0.017000000000000067
0.08600000000000006
-0.05800000000000004
0.07700000000000001
-0.019999999999999997
-0.07300000000000005
-0.05799999999999997
0.014999999999999599
0.1270000000000001
0.04300000000000015
-9.999999999999237E-4
-0.06000000000000004
0.004
0.0
-0.002
-0.01099999999999995
0.16100000000000012
0.02700000000000001
-0.11799999999999995
0.04300000000000005
-0.06200000000000003
-0.2960000000000002
-0.11900000000000013
-0.07700000000000001
-0.04600000000000003
0.09000000000000007
-0.12100000000000008
0.0
0.0
-0.006
-0.010999999999999979
0.1380000000000001
0.10300000000000012
0.018000000000000044
0.1450000000000001
-0.22800000000000017
-0.2620000000000002
0.05500000000000002
0.08500000000000002
-0.015999999999999983
0.13900000000000007
0.034000000000000065
0.0
0.0
-0.004
-0.20100000000000012
0.08900000000000008
0.0040000000000000695
0.12400000000000008
0.16000000000000014
-0.15400000000000008
0.010999999999999895
0.049999999999999975
-0.023999999999999924
0.05499999999999991
-0.05799999999999994
-9.999999999999792E-4
0.0
0.0
-0.05300000000000003
-0.15900000000000014
0.1800000000000001
-0.00899999999999986
0.07299999999999995
0.1430000000000001
-0.05700000000000002
-0.22300000000000014
-6.938893903907228E-18
-0.02499999999999993
0.04999999999999993
-0.11700000000000006
-0.08000000000000006
0.004
0.0
-0.004999999999999993
0.10000000000000006
-0.1470000000000001
-0.0710000000000001
0.2610000000000002
0.04499999999999993
0.017000000000000026
0.07400000000000004
-0.1380000000000001
-0.15700000000000008
0.10700000000000005
-0.09500000000000006
-0.02900000000000002
0.002
0.0
0.015000000000000006
0.060000000000000026
-0.06500000000000004
0.007000000000000254
0.05800000000000012
0.036000000000000004
0.06400000000000008
0.0020000000000000217
-0.049
-0.028999999999999984
-0.09400000000000007
-0.08600000000000006
-0.008
0.0
0.0
0.0
0.0
-0.002
-0.04900000000000003
-0.11100000000000007
-0.054000000000000034
-0.10500000000000007
-0.08300000000000005
-0.12600000000000008
-0.1240000000000001
-0.012
-0.011000000000000001
0.0
0.0
0.0
