-15.992999999996576
0.0
0.0
0.0
0.0
0.0
0.0
0.0
0.0
0.0
0.0
0.0
0.0
0.0
0.0
0.0
0.0
0.0
0.0
0.0
-0.009000000000000001
-0.20300000000000015
-1.0149999999999997
-0.3180000000000002
-1.7270000000000547
0.6910000000000006
0.2710000000000002
-0.16900000000000012
-0.005
-0.07000000000000005
0.0
0.0
0.0
0.0
-0.4240000000000003
-0.5940000000000005
0.38300000000000034
-0.5680000000000004
1.560000000000036
0.21700000000000025
-0.057000000000000065
-0.20900000000000019
0.5360000000000005
0.1460000000000001
-0.4080000000000003
-0.001
0.0
0.0
-0.32800000000000024
-0.2620000000000002
-0.3900000000000003
-0.09500000000000035
-1.0590000000000186
-0.2640000000000003
0.7230000000000005
-0.21699999999999972
0.22200000000000034
-0.26300000000000023
-0.006999999999999549
-0.6390000000000005
-0.004
0.0
-0.001
0.27700000000000025
-0.9610000000000007
-0.8740000000000007
0.2720000000000002
0.5450000000000008
0.17000000000000035
0.8190000000000006
0.8190000000000006
0.044000000000000344
0.6990000000000006
0.2930000000000002
0.19900000000000018
0.0
0.0
-0.001
0.2500000000000002
0.2150000000000002
-0.3890000000000003
-0.02300000000000017
-0.2570000000000001
-0.4270000000000004
0.10500000000000023
0.043999999999999456
0.8840000000000007
0.31700000000000045
-0.24300000000000016
0.35000000000000026
0.001
0.0
0.4160000000000003
0.06500000000000052
0.8810000000000007
-0.08500000000000045
-0.5370000000000003
0.10900000000000029
-0.36100000000000027
-0.5760000000000004
-0.7240000000000005
-0.5090000000000005
0.10200000000000031
0.6760000000000005
-1.3859999999999737
0.0
0.0
-0.25300000000000017
0.009000000000000417
0.8100000000000006
0.7090000000000006
0.5370000000000004
0.15300000000000002
-1.4800000000000169
-1.0570000000000308
0.22900000000000006
-0.28300000000000036
0.07400000000000005
1.0850000000000053
0.28000000000000025
0.0
0.0
-0.04300000000000003
-0.6470000000000005
0.23200000000000018
-0.23399999999999993
0.2620000000000003
0.9710000000000008
-0.5950000000000004
-0.012000000000000306
0.5040000000000003
0.37900000000000034
0.21600000000000014
0.04699999999999979
-1.3170000000000281
0.0
0.0
-0.10600000000000007
-1.0530000000000055
0.47000000000000025
-0.2479999999999998
0.4320000000000001
0.7870000000000006
0.06599999999999996
-0.7550000000000006
-0.061999999999999916
-0.5240000000000004
-0.6650000000000006
0.4260000000000004
-0.9370000000000007
0.001
0.0
0.18900000000000017
-0.2350000000000003
-0.28800000000000026
0.07299999999999998
0.44700000000000034
1.204999999999955
-0.45700000000000035
0.7190000000000005
-0.018999999999999406
-0.5090000000000003
0.44900000000000034
-0.8110000000000006
-0.2900000000000002
0.001
0.0
0.32000000000000023
0.3700000000000003
-0.021000000000000258
-0.7180000000000005
0.4500000000000004
0.4030000000000003
0.5710000000000004
-0.27700000000000047
0.11800000000000009
0.2240000000000002
-0.007000000000000004
-0.5880000000000004
-0.001
0.0
0.0
0.0
0.0
-0.014
-0.4250000000000003
-1.0920000000000083
-0.2700000000000002
-0.2980000000000002
-0.034
-0.2450000000000002
-0.10300000000000008
-0.02
-0.008
0.0
0.0
0.0
