-2.8659999999997954
0.0
0.0
0.0
0.0
0.0
0.0
0.0
-0.002
-0.001
0.0
0.0
0.0
0.0
0.0
0.0
0.0
0.0
0.0
0.0
-0.024000000000000014
0.002
-0.18600000000000014
-0.07900000000000006
-0.22800000000000017
0.04900000000000006
0.08600000000000006
-0.08300000000000005
-0.007
0.010000000000000002
0.0
0.0
0.0
-0.006
-0.08200000000000003
0.14800000000000005
-0.023999999999999955
-0.14400000000000007
0.2410000000000001
0.051000000000000045
-0.06900000000000008
0.004999999999999917
0.036000000000000046
-0.01399999999999988
-0.1570000000000001
-0.002
0.0
0.0
-0.05300000000000004
-0.06400000000000003
-0.1510000000000001
-0.012000000000000177
-0.15700000000000008
-0.08800000000000009
0.11300000000000006
-0.0029999999999999307
-0.08300000000000002
-0.008999999999999835
-0.001999999999999914
-0.2840000000000002
-0.014
0.0
-0.001
-0.032000000000000015
-0.16100000000000012
-0.20900000000000016
0.05500000000000001
-0.040999999999999745
0.1310000000000001
0.11200000000000004
0.14800000000000008
0.014000000000000245
0.1440000000000002
0.021000000000000154
-0.03899999999999996
-0.007
0.0
0.0
-0.075
0.22200000000000017
-0.08900000000000004
0.10000000000000003
-0.020999999999999887
-0.11200000000000004
0.08200000000000007
0.02399999999999981
0.07600000000000018
-0.09200000000000004
-5.551115123125783E-17
0.015000000000000006
0.001
0.0
0.06200000000000005
-0.0419999999999999
0.23100000000000015
0.045000000000000054
-0.126
-0.03200000000000003
-0.1480000000000001
-0.11900000000000008
-0.16500000000000012
-0.11500000000000007
0.09000000000000019
0.023
-0.03100000000000002
0.0
0.0
-0.06900000000000005
-0.056999999999999995
0.1530000000000001
-0.011999999999999959
0.16500000000000015
0.07100000000000005
-0.32600000000000023
-0.20100000000000015
0.02700000000000001
0.05500000000000016
0.006000000000000365
0.15900000000000009
0.020000000000000115
0.0
0.0
-0.04000000000000003
-0.1630000000000001
0.18300000000000013
0.026000000000000384
0.09300000000000005
0.1430000000000001
-0.024999999999999994
-0.10200000000000008
0.10500000000000008
0.06500000000000009
0.20100000000000012
-0.06699999999999999
-0.08300000000000003
0.0
0.0
-0.046000000000000034
-0.23300000000000018
0.11699999999999999
-0.038999999999999826
0.05800000000000001
0.2570000000000002
-0.062000000000000124
-0.08800000000000008
-0.055000000000000035
-0.25600000000000017
-0.05700000000000002
0.006000000000000066
-0.07700000000000005
0.001
0.0
0.017000000000000008
0.00899999999999989
-0.033000000000000015
-0.05799999999999994
0.18000000000000013
0.19600000000000012
-0.12200000000000005
0.18500000000000014
-0.020999999999999935
-0.1480000000000001
0.1520000000000001
-0.11100000000000007
-0.008
0.001
0.0
0.024000000000000014
0.1560000000000001
0.10600000000000008
-0.022999999999999958
0.10800000000000011
0.12200000000000011
0.19300000000000017
-0.03799999999999974
-0.019000000000000003
0.02399999999999996
-0.16100000000000012
-0.059000000000000025
0.0
0.0
0.0
0.0
0.0
-0.10500000000000005
-0.2490000000000002
-0.1580000000000001
-0.11900000000000008
-0.19500000000000015
-0.10100000000000008
-0.10400000000000006
-0.042
-0.012
-0.009000000000000001
0.0
0.0
0.0
