-26.63700000000957
0.0
0.0
0.0
0.0
0.0
0.0
0.0
0.0
-0.002
0.0
0.0
0.0
0.0
0.0
0.0
0.0
0.0
0.0
0.0
-0.007
-0.11500000000000009
-1.6579999999999322
-0.11900000000000008
-2.7320000000001405
0.8690000000000008
0.6630000000000006
-0.09700000000000006
-0.018000000000000002
-0.04200000000000003
0.0
0.0
0.0
-0.01
-0.9350000000000007
-0.4660000000000003
0.6610000000000005
-0.8840000000000007
2.3230000000001128
0.6270000000000004
-0.5460000000000003
-0.07599999999999998
1.0389999999999993
0.030000000000000478
-0.4070000000000003
-0.001
0.0
-0.002
-0.6270000000000004
-0.41800000000000026
-1.111999999999966
-0.3200000000000007
-1.567000000000216
-0.45700000000000046
1.022999999999991
-0.4830000000000003
0.030000000000000054
-0.45600000000000035
0.07100000000000017
-0.9190000000000007
-0.024000000000000007
0.0
-0.003
0.6270000000000006
-1.2770000000000081
-1.1190000000000029
0.462
0.7030000000000006
0.29400000000000026
1.1640000000000033
1.4029999999996892
0.07600000000000008
1.1139999999999723
0.44600000000000045
0.0320000000000001
-0.012000000000000004
0.0
-0.002
0.7130000000000006
0.5080000000000003
-0.36400000000000016
0.29400000000000015
-0.41900000000000026
-0.6450000000000005
-0.21999999999999997
-0.06500000000000056
1.3659999999996402
0.1260000000000001
-0.5520000000000003
0.5390000000000004
0.001
0.0
0.45700000000000035
0.3360000000000003
1.1970000000000647
-0.35599999999999976
-0.8820000000000007
0.24200000000000044
-0.3230000000000005
-1.1650000000001284
-1.0660000000000536
-0.9430000000000007
0.45400000000000046
1.1050000000000149
-2.043999999999941
0.0
0.0
-0.03800000000000003
0.14200000000000154
1.2820000000000111
0.9200000000000008
0.7030000000000006
0.7090000000000005
-2.668000000000211
-1.4950000000002588
0.3950000000000003
-0.18800000000000008
-0.08899999999999982
1.5890000000000832
0.48400000000000043
0.0
0.0
-0.01800000000000001
-1.088000000000036
0.5570000000000004
0.09700000000000296
0.5240000000000005
1.501000000000041
-0.8170000000000006
-0.35000000000000026
1.1629999999999858
0.32500000000000084
0.5640000000000005
-0.17100000000000007
-2.0650000000000794
0.0
0.0
-0.19500000000000015
-0.8010000000000006
0.8270000000000006
-0.3779999999999996
0.4830000000000004
1.3899999999999397
0.19699999999999987
-1.2410000000000805
0.11799999999999974
-1.0880000000000047
-0.5480000000000004
0.6660000000000006
-1.712999999999973
0.001
0.0
0.3710000000000003
-0.5490000000000004
-0.6890000000000005
0.2410000000000001
0.9080000000000007
1.9039999999999142
-0.8190000000000006
1.2149999999999843
-0.22000000000000008
-0.9810000000000008
1.2200000000000177
-1.4739999999999733
-0.2440000000000002
0.001
0.0
0.47100000000000036
0.8410000000000006
0.06599999999999949
-0.6520000000000005
0.3170000000000003
1.074
1.1839999999999797
-0.4590000000000002
0.29800000000000043
0.5160000000000003
-0.7030000000000005
-0.5840000000000004
0.0
0.0
0.0
0.0
0.0
-0.011000000000000003
-0.4010000000000003
-1.7950000000000488
-0.9380000000000007
-0.4830000000000004
-0.1830000000000001
-0.6540000000000005
-0.06300000000000003
-0.033000000000000015
-0.004
0.0
0.0
0.0
