-1.7159999999999218
0.0
0.0
0.0
0.0
0.0
0.0
0.0
-0.002
-0.003
0.0
0.0
0.0
0.0
0.0
0.0
0.0
0.0
0.0
0.0
-0.002
-0.06500000000000004
-0.10500000000000008
-0.012000000000000007
-0.15000000000000008
0.08400000000000007
-0.09000000000000007
-0.06700000000000005
-0.024000000000000014
-0.004
0.0
0.0
0.0
-0.004
-0.012000000000000004
-0.11000000000000007
-0.006999999999999969
-0.061999999999999986
0.18700000000000014
-0.06100000000000007
-0.03500000000000002
0.010999999999999985
0.09400000000000001
-0.0019999999999999792
-0.16000000000000011
0.0
0.0
-0.012
0.10200000000000008
-0.07600000000000004
-0.045000000000000026
0.016999999999999894
-0.11900000000000005
0.08500000000000003
0.1350000000000001
0.02200000000000034
-0.06599999999999996
0.03999999999999998
-0.05400000000000006
-0.02799999999999999
-0.006
0.0
-0.012
-0.029
-0.06800000000000002
-0.052000000000000005
-0.04600000000000003
0.026000000000000058
0.04200000000000011
0.06500000000000003
0.06899999999999998
0.024999999999999918
0.05100000000000006
0.03700000000000002
0.07200000000000005
-0.003
0.0
-0.001
0.03400000000000003
-0.06200000000000004
0.03299999999999992
-0.015999999999999917
-0.055999999999999994
-0.032
0.010000000000000064
0.043999999999999845
0.1310000000000001
0.04600000000000003
0.041999999999999996
-0.03100000000000003
0.002
0.0
0.058000000000000045
0.01100000000000005
0.1720000000000001
-0.06700000000000005
-0.033000000000000015
-0.05400000000000002
-0.09200000000000005
-0.24000000000000019
-0.15300000000000005
-0.03999999999999995
0.02299999999999993
0.12600000000000006
-0.005000000000000021
0.0
0.0
-0.037000000000000026
-0.01799999999999992
0.12700000000000009
-0.034999999999999976
0.19000000000000014
0.03400000000000003
-0.16200000000000012
-0.16600000000000012
0.059
-0.08400000000000003
0.034999999999999934
-0.01800000000000008
-0.0030000000000000174
0.0
0.0
-0.017000000000000005
-0.24000000000000019
0.19200000000000014
0.006000000000000088
0.046
0.10400000000000005
-0.17400000000000013
-0.09600000000000006
0.1560000000000001
-0.032999999999999946
0.1510000000000001
-0.006000000000000046
-0.10200000000000008
0.0
0.0
-0.09900000000000007
-0.06300000000000004
0.06499999999999992
-0.06199999999999997
0.06400000000000003
0.13900000000000007
-0.026000000000000016
-0.08400000000000013
-0.10500000000000007
-0.11500000000000006
-0.1460000000000001
0.006000000000000031
-0.009999999999999995
0.002
0.0
-0.04700000000000003
-0.012000000000000028
-0.06800000000000009
-0.05700000000000005
0.03900000000000002
0.15400000000000005
-0.11200000000000004
0.16600000000000012
0.07000000000000005
-0.16400000000000012
0.009999999999999972
-0.05100000000000002
-0.016000000000000007
0.002
0.0
-0.002
0.1330000000000001
0.03199999999999999
-0.012999999999999939
0.06800000000000006
0.12600000000000008
0.01
-0.016000000000000014
-0.08800000000000005
0.059000000000000025
-0.049000000000000016
-0.035
0.0
0.0
0.0
0.0
0.0
-0.037
-0.07900000000000004
-0.10100000000000008
-0.08900000000000005
-0.06600000000000003
-9.999999999999306E-4
-0.11400000000000007
-0.017
-0.007
-0.001
0.0
0.0
0.0
