-0.08100000000000006
0.0
0.0
0.0
0.0
0.0
0.0
0.0
0.0
0.0
0.0
0.0
0.0
0.0
0.0
0.0
0.0
0.0
0.0
0.0
0.0
-0.004
-0.017
-0.008
-0.023000000000000007
-0.023000000000000007
-0.014000000000000002
-0.005
-0.001
-0.001
0.0
0.0
0.0
-0.003
-0.004
-0.008
-0.019
0.010000000000000002
0.002999999999999999
0.019
0.04300000000000001
0.017
8.673617379884035E-19
0.014000000000000005
-0.004
0.0
0.0
0.0
-0.002
-0.019000000000000003
-0.016
-0.0010000000000000035
-0.02
0.006
0.023000000000000007
0.003000000000000008
-0.013000000000000003
-0.005
-0.007000000000000001
-0.021999999999999995
-0.002
0.0
-0.001
-0.013000000000000001
-0.03300000000000001
-0.03200000000000001
-0.009000000000000003
0.019
-0.018
0.03900000000000001
0.018999999999999996
0.016999999999999998
0.012000000000000005
0.014
-0.004
0.0
0.0
0.0
-0.014999999999999996
-0.005000000000000002
-0.012
0.0069999999999999975
-0.0020000000000000018
-0.018000000000000006
-0.003999999999999998
-0.02400000000000001
0.011000000000000003
0.030000000000000016
0.016999999999999998
0.007000000000000002
0.001
0.0
-0.002
0.0
0.025999999999999985
0.015999999999999997
0.014999999999999993
-0.006000000000000004
-0.04400000000000001
-0.037000000000000005
-0.032
-0.013999999999999999
-0.004999999999999997
0.030000000000000002
0.012
0.0
0.0
0.0
0.013000000000000001
0.033
0.016000000000000004
0.03599999999999999
-0.020000000000000018
-0.06700000000000003
-0.07900000000000004
-0.01400000000000002
-0.006
0.0019999999999999966
0.011000000000000001
0.004
0.0
0.0
-0.003
-0.02099999999999999
0.013000000000000003
-0.004
-0.001
-0.005
-0.06300000000000003
-0.04300000000000001
-0.021000000000000005
0.007
0.019000000000000003
-0.0049999999999999975
0.0
0.0
0.0
-0.007
-0.024000000000000004
0.003
0.02600000000000002
0.026
0.02499999999999999
0.007000000000000002
-0.020000000000000004
-0.029
-0.011
-0.023000000000000007
-0.015000000000000001
0.001
0.001
0.0
-0.006
-0.001
-0.002
0.002000000000000001
0.012999999999999996
0.006
-0.008
-0.013999999999999992
0.002000000000000001
-0.009000000000000003
0.006
-0.002
0.003
0.001
0.0
0.0
-0.008
-0.001
0.007999999999999997
0.018999999999999996
0.006
0.003
-0.002
-0.007
0.007
-0.009000000000000001
0.0
0.0
0.0
0.0
-0.001
0.0
-0.001
-0.007
-0.014
-0.001
-0.007
-0.011
-0.014000000000000002
-0.008
-0.009000000000000001
-0.006
0.0
0.0
0.0
