-0.3820000000000003
0.0
0.0
0.0
0.0
0.0
0.0
0.0
0.0
0.0
0.0
0.0
0.0
0.0
0.0
0.0
0.0
0.0
0.0
-0.001
-0.002
-0.019000000000000003
-0.06400000000000004
-0.044000000000000025
-0.07200000000000005
-0.0010000000000000009
-0.02700000000000001
-0.009000000000000001
0.0
0.0
0.0
0.0
-0.001
-0.007
-0.011000000000000001
-0.025
-0.04000000000000002
0.010000000000000002
0.06600000000000002
0.020000000000000018
-0.02599999999999998
3.469446951953614E-18
0.014999999999999998
0.017
-0.023000000000000007
0.0
0.0
-0.001
-0.001
-0.022000000000000006
-0.024000000000000028
-0.019999999999999993
-0.03199999999999997
0.09700000000000006
-0.009000000000000005
0.010000000000000012
-0.010000000000000002
-0.013999999999999978
-0.034
-0.06100000000000004
-0.018000000000000002
0.0
0.0
-0.023
-0.07000000000000003
0.011
-0.020000000000000004
-0.019999999999999955
0.013999999999999988
0.055000000000000035
0.053000000000000005
-0.03199999999999999
0.02899999999999998
0.01900000000000001
-0.01999999999999998
-0.009000000000000001
0.0
-0.002
0.003
0.024000000000000018
-0.017999999999999988
-0.013000000000000006
0.03700000000000002
0.006999999999999991
-0.028
-0.004
0.060000000000000026
0.01800000000000001
0.06600000000000003
0.005
0.001
0.0
0.003
0.012999999999999998
0.053000000000000005
-0.007000000000000002
-0.004000000000000015
0.02300000000000001
-0.08100000000000004
-0.1350000000000001
-0.050000000000000044
-0.029
-0.03499999999999996
0.05600000000000001
0.011
0.0
0.0
-0.015000000000000006
0.002
0.06700000000000002
-0.003
0.05500000000000002
0.03800000000000002
-0.08400000000000005
-0.07300000000000004
-0.017000000000000057
-0.05100000000000002
0.020000000000000025
-0.017000000000000008
0.004
0.0
0.0
-0.016000000000000007
-0.05100000000000002
0.06700000000000002
0.047000000000000014
0.01700000000000003
0.04200000000000001
-0.08100000000000004
-0.06500000000000003
0.036000000000000004
0.021000000000000022
-0.06500000000000003
-0.011
0.002
0.0
0.0
-0.009000000000000001
0.002
0.043
-0.016
0.01100000000000001
0.09600000000000006
-0.023000000000000013
-0.052000000000000046
-0.07800000000000003
-0.012999999999999946
-0.03700000000000002
-0.009000000000000008
-0.011000000000000003
0.001
0.0
-0.010000000000000002
0.0
-0.008
-0.01199999999999999
-0.00899999999999999
0.039999999999999966
-0.036000000000000004
0.033000000000000015
-0.006999999999999968
-0.029000000000000015
-0.0030000000000000053
-0.006
-0.001
0.001
0.0
-0.001
-0.028999999999999984
0.007999999999999997
-0.006
0.034000000000000016
0.043000000000000024
0.03700000000000005
-0.011999999999999997
-0.022999999999999996
-0.019999999999999997
-0.04300000000000001
-0.013999999999999999
0.0
0.0
0.0
0.0
0.0
-0.002
-0.022000000000000006
-0.06600000000000003
-0.07700000000000005
-0.07100000000000005
-0.008
-0.012
-0.012000000000000004
-0.016
-0.012
0.0
0.0
0.0
