-149.92500000035182
0.0
0.0
-2.0489999999998854
-1.9920000000000015
-14.59099999999814
-0.38199999999999945
-6.045999999999778
-0.8240000000000006
-0.001
-2.304999999999968
-1.110000000000184
3.0449999999963393
2.2339999999975237
-0.9399999999999876
2.726999999995999
-5.992999999997463
-0.1400000000000001
-0.025999999999998056
-1.7379999999987263
3.309000000000927
-0.7799999999999697
-2.497000000003373
1.2949999999988586
6.12000000000082
-0.015000000000000006
5.084999999998918
2.115999999999485
-0.16599999999999243
-4.712000000003168
0.586999999999977
0.7910000000000056
4.821000000000325
-0.17200000000000013
-0.5900000000000015
5.078999999999743
2.46399999999787
0.43200000000000527
0.4560000000000434
-2.362000000000631
-1.9500000000000017
-1.341000000000001
-2.7749999999989803
0.12400000000000817
-0.12699999999998984
1.1979999999994981
-2.484999999999451
-0.00499999999999991
-0.002
0.0
