-287.21100000012024
0.0
0.0
-4.111999999999769
-21.27099999999934
-13.816999999995266
-2.466000000000588
-0.2610000000000002
-2.4839999999996825
-0.3770000000000003
4.269999999998795
1.460000000000853
4.864999999993049
7.171000000006376
-2.261000000003764
7.172000000007667
-4.262000000001176
-0.007
-6.681000000000096
-2.253000000002182
5.723999999998547
4.7990000000002
-7.351999999995234
4.186999999993819
10.439000000003567
0.8320000000000006
5.346999999997944
4.459999999998948
-2.282000000005497
-9.073999999998422
-0.9579999999999967
-1.5670000000033126
5.459999999998614
-8.166000000000913
1.0939999999996695
9.651000000020424
4.273999999995771
0.9350000000000033
-0.7159999999999959
-6.245000000000394
-2.5400000000000045
-0.060000000000000046
-8.648999999991606
-1.2730000000001882
-1.9410000000026855
0.35500000000003845
4.132999999999428
-5.870000000000327
-0.009000000000000001
0.0
