-176.61500000047926
0.0
0.0
-0.1560000000000001
-8.318999999999448
2.0189999999999637
-2.202000000001044
-5.402000000000139
-1.7800000000021732
0.0
-0.8210000000000006
3.066000000000343
1.8740000000012473
3.5719999999999352
1.8029999999967485
2.0269999999975856
-6.671999999999914
-0.05300000000000004
-6.8890000000032305
-1.6209999999998153
2.8209999999995694
3.6280000000009105
-3.8570000000021114
3.39999999999759
3.373000000000063
0.005
8.001999999992252
3.5609999999966715
-2.860000000002609
-5.9820000000011895
-2.3700000000009163
-2.12399999999982
4.925999999999856
-0.02900000000000002
-1.5720000000008967
8.626000000003009
4.396999999998834
0.14800000000001529
-2.073000000001165
-4.6839999999942
-6.879000000000249
-2.8449999999997977
-4.165000000002912
-1.847000000000231
2.5589999999985387
-0.4399999999999798
4.230000000001332
-7.66700000000006
0.0
0.0
