-1102.7039999808364
0.0
0.0
-7.117999999999438
-73.96500000000951
-49.0319999999905
-6.528999999989932
-8.650000000000645
9.736000000002415
-0.008
-13.449000000001131
-4.679000000002237
15.168000000009398
26.903000000127257
-4.35100000001198
18.99700000009681
-15.71999999999761
-0.027000000000000017
-6.339000000005407
-11.053999999988827
10.539999999994237
22.514000000039825
-28.861999999924
16.33600000006658
34.437999999976164
-18.66699999999983
23.843999999949567
20.888000000042545
-11.691999999927944
-34.20699999990936
-0.03500000000060231
-2.620000000014123
27.89900000000499
-12.283999999998631
-2.767000000006006
35.31900000022385
20.049999999994885
5.8459999999927605
-3.5170000000056665
-20.46099999995048
-47.780000000011945
8.949000000001538
-20.789999999972693
-9.719000000007371
-1.3530000000043023
7.54199999998631
14.012999999971763
-34.43700000000706
-0.013000000000000005
0.0
