-142.56700000031668
0.0
0.0
0.0
-13.019000000001018
-12.097999999996334
0.5680000000000007
-0.3170000000000002
-4.389000000000149
-0.026000000000000016
-4.826999999999691
-2.8039999999995713
2.7969999999993056
4.134999999999478
-1.152000000000601
4.497000000000944
2.5760643618255585E-15
-1.8719999999999046
-1.2219999999999642
-2.671000000000014
0.48600000000000676
2.799000000000255
-3.8280000000003436
-0.22699999999989684
6.604000000001022
-0.1540000000000001
2.0620000000019814
3.1149999999980174
-2.2370000000029346
-3.8150000000030304
-0.2710000000000408
1.046999999999836
5.4190000000003105
-8.133000000000932
0.9739999999999943
3.801999999994689
1.5859999999976755
2.039999999998289
0.07400000000000918
-1.4889999999992936
-5.889999999999685
-1.5690000000000446
-4.636999999998348
-1.1270000000000933
-2.376000000000613
1.5709999999997195
3.514000000002862
-3.6709999999999843
-0.002
0.0
