-212.3540000006499
0.0
0.0
-5.407999999999626
-13.981000000000645
-3.4980000000011318
-7.965000000000764
-0.18100000000000013
-1.6060000000003078
-0.9030000000000007
-0.5520000000000004
-1.4399999999999087
3.598999999996218
4.728999999998459
-0.14399999999988827
5.919000000002057
-5.3670000000019265
-0.003
-0.07800000000000029
-1.432000000001803
4.01799999999758
3.3940000000021735
-6.341999999998163
2.180999999997137
4.559999999999717
-0.037000000000000026
2.8319999999999292
3.8349999999962656
-3.7779999999991194
-6.1240000000061325
-0.04600000000015133
-0.6910000000000018
6.111999999997349
-0.21100000000000016
0.8649999999999889
7.084000000011388
3.744999999994114
0.9260000000000038
-0.6220000000000053
-2.9360000000009596
-12.84600000000096
6.315000000000444
-7.323999999990735
-1.862999999999732
-0.5149999999999901
1.3379999999991836
-1.4840000000004208
-3.7109999999997023
0.0
0.0
