-0.6370000000000005
0.0
0.0
-0.02500000000000001
-0.1520000000000001
-0.4040000000000003
-0.34600000000000025
-0.01
-0.03399999999999999
0.0
-0.013000000000000005
-0.10600000000000032
-0.06600000000000007
0.37800000000000017
-0.2120000000000001
0.12700000000000092
-0.07799999999999996
-0.008
-0.08699999999999995
-0.10600000000000004
-0.02300000000000044
0.1290000000000005
-0.1320000000000009
0.053999999999999715
0.015999999999999938
-0.001
0.11800000000000035
0.14900000000000008
-0.29400000000000026
-0.46200000000000024
-0.18900000000000017
0.07200000000000001
0.06100000000000007
-0.025000000000000012
0.1690000000000001
0.30300000000000005
0.0949999999999998
0.007999999999999837
-0.14500000000000024
-0.20500000000000007
0.12500000000000003
-0.002
-0.20300000000000018
-0.025
-0.06899999999999987
-9.999999999997303E-4
0.060999999999999874
-0.21400000000000008
-0.001
0.0
