-4.373999999999795
0.0
0.0
0.0
-0.2880000000000002
-0.7100000000000005
-1.182
-0.06700000000000005
-0.095
0.0
-0.20500000000000015
-0.26600000000000024
-0.1539999999999987
0.3029999999999999
-0.3140000000000002
-0.006000000000000229
-0.27600000000000013
-0.003
-0.6280000000000004
-0.031999999999999515
-0.12700000000000133
0.16000000000000358
-0.29500000000000115
0.30700000000000155
0.6400000000000005
0.0
-0.11199999999999989
0.22299999999999953
0.07200000000000017
-0.23900000000000066
-0.06400000000000447
-0.31200000000000044
-0.10699999999999986
-0.32500000000000023
0.21800000000000003
-0.013000000000000556
0.12200000000000351
0.3320000000000006
0.13900000000000146
0.10600000000000016
-0.08600000000000006
-0.23500000000000018
-0.18200000000000036
0.07500000000000007
-0.19399999999999942
0.002000000000001758
0.046000000000000346
0.12500000000000006
0.0
0.0
