-308.7089999996119
0.0
0.0
-2.2779999999999707
-21.038999999999493
-10.83699999999869
-0.7210000000000005
-0.4300000000000003
-0.9920000000000001
0.0
-8.949999999999658
0.4660000000000045
5.631999999996322
8.0200000000013
-2.5060000000031404
4.9469999999948735
-3.8040000000080876
-0.013000000000000005
-4.3730000000003635
-3.669000000003249
3.0249999999960213
7.391000000002516
-9.112999999997164
4.368000000000952
7.752000000003033
-0.2740000000000002
6.976999999997587
6.835000000015797
-2.4500000000031847
-9.926000000002261
-0.9240000000000219
-1.8460000000023788
5.647999999997249
-9.83199999999999
3.5609999999985007
10.482000000010341
5.692000000002756
1.4169999999974394
-2.3700000000030137
-6.194000000003317
-15.790000000002415
-0.44300000000000034
-9.51399999998658
1.4249999999990621
-0.06099999999989528
2.9600000000009756
4.905000000002564
-9.69399999999995
-0.001
0.0
