-159.88200000039936
0.0
0.0
0.0
-5.683999999998823
-4.199000000000991
4.127999999997622
-0.4060000000000003
1.5729999999991582
-0.001
0.4810000000000033
-0.30600000000001654
0.9970000000000039
5.478999999992964
-0.656999999999997
3.3599999999969206
-2.1700000000000377
-0.013000000000000005
0.37499999999999933
-0.07999999999997182
1.9779999999984932
3.454999999997088
-1.8860000000004264
2.9469999999989964
5.561999999998991
-9.517000000000165
4.260000000000624
-0.3539999999999744
-1.8130000000026796
-4.616000000002757
-2.051000000000557
-0.24099999999995875
-0.0879999999999972
-0.18700000000000014
-1.495999999999963
5.271999999996196
-0.4779999999999882
3.342999999993072
-0.4889999999999859
-2.1190000000000966
0.03799999999999999
-0.2820000000000002
-2.943000000000134
-3.2269999999990135
0.12500000000002998
0.3050000000000009
1.0100000000000475
-3.9279999999996784
0.0
0.0
