-0.3880000000000003
0.0
0.0
0.0
0.0
0.0
0.0
0.0
0.0
0.0
0.0
0.0
0.0
0.0
0.0
0.0
0.0
0.0
0.0
0.0
0.0
0.0
0.0
0.0
0.0
0.0
0.0
0.0
0.0
0.0
0.0
0.0
0.0
0.0
0.0
0.0
0.0
0.0
0.0
0.0
0.0
0.0
0.0
-0.001
-0.001
-0.001
0.0
0.0
0.0
0.0
0.0
0.0
0.0
0.0
0.0
0.0
0.0
0.0
0.0
0.0
0.0
0.0
0.0
0.0
0.0
0.0
0.0
0.0
0.0
0.0
0.0
-0.001
-0.002
-0.002
-0.002
-0.008
-0.009000000000000001
-0.009000000000000001
-0.005
-0.004
-0.004
-0.003
0.0
0.0
0.0
0.0
0.0
0.0
0.0
0.0
0.0
0.0
0.0
0.0
0.0
-0.001
0.0
-0.009000000000000001
-0.009000000000000001
-0.011000000000000003
-0.013000000000000005
-0.007
0.008
-0.001
-0.010000000000000002
0.010000000000000002
0.004
-0.010000000000000002
-0.005
-0.008
-0.004
0.0
0.0
0.0
0.0
0.0
0.0
0.0
0.0
0.0
0.0
-0.003
-0.003
-0.001
-0.001
-0.003
-0.017000000000000008
-0.011000000000000003
-0.001
-0.004
0.014000000000000005
-0.003
0.02000000000000001
-0.005
0.009000000000000001
0.0
-0.01800000000000001
-0.003
-0.009000000000000001
0.001
0.007
0.001
-0.006
0.0
0.0
0.0
0.0
0.0
0.0
0.0
-0.003
-0.003
-0.008
-0.005
-0.001
-0.015000000000000006
0.004
-0.008
-0.009000000000000001
0.03300000000000002
0.001
0.011000000000000003
0.017000000000000008
0.022000000000000013
0.002
0.005
0.002
0.008
-0.002
-0.003
-0.006
-0.006
0.0
0.0
0.0
0.0
0.0
0.0
0.0
0.0
-0.004
-0.008
-0.002
-0.014000000000000005
-0.004
0.003
0.0
-0.01800000000000001
0.002
-0.028000000000000018
0.001
0.012000000000000004
0.008
-0.028000000000000018
-0.009000000000000001
-0.003
0.003
0.01800000000000001
-0.012000000000000004
-0.014000000000000005
-0.015000000000000006
0.0
0.0
0.0
0.0
-0.001
0.0
0.0
-0.004
-0.005
-0.006
-0.013000000000000005
0.0
-0.008
0.002
-0.008
-0.004
0.016000000000000007
0.006
0.013000000000000005
0.003
0.02100000000000001
0.005
0.012000000000000004
-0.010000000000000002
-0.002
0.002
-0.005
-0.013000000000000005
-0.012000000000000004
0.0
0.0
0.0
0.0
0.0
0.0
-0.001
-0.005
-0.003
-0.002
-0.01900000000000001
-0.009000000000000001
-0.02900000000000002
0.011000000000000003
-0.002
0.010000000000000002
0.002
0.024000000000000014
0.008
0.011000000000000003
0.016000000000000007
0.012000000000000004
0.008
-0.005
0.002
-0.002
-0.010000000000000002
-0.001
-0.015000000000000006
-0.001
-0.001
0.0
0.0
0.0
0.0
-0.001
-0.005
-0.004
-0.01900000000000001
-0.002
-0.008
-0.003
0.0
-0.003
0.001
-0.015000000000000006
-0.003
0.010000000000000002
0.011000000000000003
-0.009000000000000001
0.02000000000000001
0.009000000000000001
0.010000000000000002
-0.012000000000000004
0.01800000000000001
0.004
0.011000000000000003
-0.011000000000000003
-0.001
-0.001
0.0
0.0
0.0
0.0
-0.001
-0.007
0.002
-0.009000000000000001
0.005
0.004
-0.014000000000000005
0.005
-0.008
0.0
0.002
0.012000000000000004
-0.010000000000000002
-0.009000000000000001
0.01800000000000001
0.01800000000000001
0.005
0.010000000000000002
0.011000000000000003
0.011000000000000003
0.005
0.007
-0.009000000000000001
0.0
0.0
0.0
0.0
0.0
0.0
-0.001
-0.008
0.014000000000000005
-0.007
0.008
-0.010000000000000002
0.001
0.014000000000000005
0.014000000000000005
-0.007
0.005
0.001
-0.016000000000000007
0.011000000000000003
0.024000000000000014
0.010000000000000002
-0.001
0.02900000000000002
0.003
0.02000000000000001
0.009000000000000001
-0.006
0.002
0.001
0.0
0.0
0.0
0.0
0.0
-0.002
-0.009000000000000001
0.024000000000000014
0.009000000000000001
0.016000000000000007
0.002
0.004
-0.02100000000000001
0.008
-0.001
-0.013000000000000005
-0.010000000000000002
-0.014000000000000005
-0.026000000000000016
-0.007
0.001
0.013000000000000005
0.014000000000000005
-0.01800000000000001
0.02000000000000001
0.003
0.0
0.002
0.001
0.0
0.0
0.0
0.0
0.004
-0.005
-0.001
0.016000000000000007
0.01800000000000001
-0.008
-0.002
0.008
-0.001
0.004
-0.010000000000000002
-0.013000000000000005
-0.025000000000000015
-0.03200000000000002
-0.01800000000000001
-0.013000000000000005
-0.01800000000000001
-0.01900000000000001
-0.005
0.007
0.007
0.010000000000000002
-0.003
-0.001
0.001
0.0
0.0
0.0
0.0
0.0
-0.006
-0.004
0.02100000000000001
0.01800000000000001
0.012000000000000004
0.012000000000000004
0.006
0.014000000000000005
0.003
0.007
0.006
-0.04300000000000003
-0.027000000000000017
-0.024000000000000014
-0.009000000000000001
0.002
-0.007
-0.002
-0.014000000000000005
0.02000000000000001
0.007
-0.001
-0.002
0.0
0.0
0.0
0.0
0.0
0.0
-0.001
-0.004
0.013000000000000005
0.014000000000000005
0.03900000000000003
-0.005
0.03100000000000002
0.005
-0.003
-0.002
0.006
-0.06300000000000004
-0.028000000000000018
-0.017000000000000008
-0.008
-0.011000000000000003
0.007
0.017000000000000008
-0.006
0.013000000000000005
0.008
0.02000000000000001
-0.002
0.0
0.0
0.0
0.0
0.0
0.0
0.0
-0.016000000000000007
0.008
0.015000000000000006
0.014000000000000005
0.009000000000000001
0.025000000000000015
-0.001
0.009000000000000001
0.008
-0.059000000000000045
-0.05400000000000004
-0.015000000000000006
-0.014000000000000005
0.004
0.002
-0.007
0.008
-0.004
0.008
0.015000000000000006
0.015000000000000006
-0.003
0.0
0.0
0.0
0.0
0.0
0.0
-0.009000000000000001
-0.008
-0.006
0.01900000000000001
0.012000000000000004
-0.008
0.015000000000000006
0.02000000000000001
0.022000000000000013
-0.004
-0.028000000000000018
-0.003
-0.005
-0.006
0.005
0.013000000000000005
-0.010000000000000002
-0.003
-0.013000000000000005
0.003
-0.004
0.007
-0.011000000000000003
0.0
0.0
0.0
0.0
0.0
-0.001
-0.008
-0.022000000000000013
0.002
0.017000000000000008
0.010000000000000002
0.006
-0.004
0.015000000000000006
0.008
0.008
-0.02000000000000001
-0.022000000000000013
0.004
-0.015000000000000006
0.007
0.011000000000000003
-0.007
0.005
0.007
0.007
-0.012000000000000004
0.0
-0.003
0.0
0.0
0.0
0.0
0.0
-0.001
-0.012000000000000004
-0.002
-0.001
0.01900000000000001
0.010000000000000002
-0.006
-0.007
0.04100000000000003
0.02000000000000001
0.013000000000000005
-0.008
-0.01800000000000001
0.002
-0.02100000000000001
-0.003
0.005
0.009000000000000001
-0.013000000000000005
-0.001
0.005
-0.010000000000000002
-0.012000000000000004
-0.003
0.0
0.0
0.0
0.0
0.0
-0.001
-0.004
0.001
-0.008
0.0
-0.006
0.005
0.017000000000000008
0.027000000000000017
0.012000000000000004
0.022000000000000013
-0.002
-0.002
-0.009000000000000001
-0.014000000000000005
-0.007
-0.026000000000000016
-0.024000000000000014
-0.023000000000000013
0.002
-0.009000000000000001
-0.012000000000000004
-0.013000000000000005
0.001
0.001
0.0
0.0
0.0
0.0
0.0
0.002
-0.006
-0.005
-0.008
0.0
-0.009000000000000001
-0.007
0.012000000000000004
0.025000000000000015
0.007
-0.02000000000000001
-0.016000000000000007
-0.016000000000000007
-0.003
-0.028000000000000018
-0.013000000000000005
-0.010000000000000002
-0.010000000000000002
-0.001
-0.007
-0.016000000000000007
-0.004
0.001
0.001
0.0
0.0
0.0
0.0
0.0
0.003
0.008
0.02000000000000001
0.001
-0.004
0.009000000000000001
0.025000000000000015
0.004
0.025000000000000015
0.013000000000000005
0.026000000000000016
0.017000000000000008
0.008
0.016000000000000007
-0.016000000000000007
-0.001
-0.01900000000000001
0.005
0.003
-0.005
-0.009000000000000001
-0.006
0.001
0.001
0.0
0.0
0.0
0.0
0.0
-0.001
-0.005
0.006
0.004
-0.01800000000000001
0.010000000000000002
0.016000000000000007
0.03100000000000002
0.017000000000000008
0.023000000000000013
0.03200000000000002
0.01900000000000001
-0.002
0.005
0.005
-0.010000000000000002
0.012000000000000004
0.005
0.003
0.001
-0.006
-0.006
0.0
0.0
0.0
0.0
0.0
0.0
0.0
0.0
0.002
-0.003
-0.001
-0.011000000000000003
-0.014000000000000005
-0.011000000000000003
0.005
-0.001
-0.004
-0.01800000000000001
-0.008
0.005
0.003
-0.011000000000000003
0.008
-0.007
-0.006
-0.001
0.001
-0.001
0.0
0.0
0.0
0.0
0.0
0.0
0.0
0.0
0.0
0.0
-0.002
-0.004
-0.006
-0.011000000000000003
-0.009000000000000001
-0.014000000000000005
-0.006
-0.002
-0.024000000000000014
-0.009000000000000001
-0.001
-0.015000000000000006
-0.007
-0.005
-0.006
-0.006
-0.002
0.0
0.0
0.0
0.0
0.0
0.0
0.0
0.0
0.0
0.0
0.0
0.0
-0.002
-0.004
-0.004
-0.002
-0.002
-0.010000000000000002
-0.009000000000000001
-0.011000000000000003
-0.007
-0.006
-0.003
-0.002
-0.003
-0.003
-0.003
-0.003
0.0
0.0
0.0
0.0
0.0
0.0
0.0
0.0
0.0
