-1983.1259999600172
0.0
0.0
0.0
0.0
0.0
0.0
0.0
0.0
0.0
0.0
-0.056000000000000036
-0.027000000000000017
0.0
0.0
0.0
0.0
0.0
0.0
-28.673999999994987
-72.444999999994
-1.8839999999999095
-1.0120000000000218
84.28400000005048
42.48799999997478
68.12899999997869
39.85200000000524
0.010000000000000002
0.0
-0.001
0.0
0.0
0.0
11.038000000009212
32.27400000006048
3.123999999993689
-20.214000000003608
41.47600000002725
15.756000000123805
19.906000000016185
23.344999999963896
-43.83500000002518
-47.61699999995027
-59.5550000000744
-7.7640000000009275
0.0
-0.002
52.06099999996937
72.67699999995715
45.55999999999384
32.42799999997007
46.01400000017275
-11.629999999849208
44.90800000023114
19.772000000020483
23.051999999991384
15.506999999991436
-7.863999999949085
38.707000000006204
-107.59500000004465
0.0
-0.007
41.29099999999203
70.25799999996767
9.536000000009093
-27.403999999996007
-20.188000000004312
-21.210999999997444
34.23299999994017
56.05200000017879
-2.37300000000423
-0.14199999999999624
15.389999999974668
-22.693000000021634
-51.85400000001741
0.0
0.0
44.6389999999819
35.256000000010104
-15.559999999949481
-28.915999999980098
-42.25700000005131
-13.669000000044651
38.36499999999
68.34600000012951
18.0470000000499
34.77099999999287
-31.00000000003367
-26.90000000000896
-3.649999999999709
0.0
0.0
-9.386999999999805
-40.33900000000134
-51.07699999999537
-49.928999999993266
36.4769999999836
45.44100000013599
41.46400000006558
53.4590000002005
7.301000000030996
-19.8190000000044
-17.327000000014916
-30.8019999999809
9.235000000000426
-0.4940000000000004
0.0
-0.002
6.845000000007697
-8.776999999997102
-3.776999999999191
-10.02799999999183
37.75499999999784
14.458000000059958
35.20300000003216
1.7929999999782
33.15700000004281
33.03599999994761
27.81200000003582
13.959999999994128
0.0
0.0
48.957000000012506
12.451000000009449
-65.25699999999071
-26.807000000001256
-46.64899999994457
-41.10899999995203
-52.17499999972602
24.748999999988904
31.8169999998999
9.063000000105578
-18.298000000015158
-60.870000000096795
-19.76999999999936
-12.291999999998627
0.0
22.27399999999333
122.27900000032037
5.859000000052638
7.373000000000274
-18.831999999975586
-49.694999999920185
-25.50400000000842
40.43800000003776
-20.65300000000732
13.123000000111322
38.326999999998954
8.112000000010111
-46.19500000001159
-12.291999999998627
0.0
-26.518999999996307
32.786000000012585
52.72699999991732
-27.497000000096623
30.166999999872516
-5.079999999997152
1.1279999999971186
18.193000000063503
16.13699999994189
-2.126000000004717
-28.658000000006528
-24.187000000017214
-0.005
0.0
0.0
-17.514999999998423
-41.83799999996074
68.06899999997289
33.36300000007663
12.480000000007228
18.370000000003248
14.584000000044767
23.802999999924076
-17.881000000031843
70.27699999993129
-49.866999999982184
19.145000000000667
-0.004
0.0
0.0
30.04700000001374
10.198999999999787
-9.652999999999347
66.25900000003219
18.179000000005733
13.27799999998226
23.811999999988164
-38.63100000000221
-8.62599999999703
112.67499999998148
56.3399999999869
0.0
0.0
0.0
0.0
