-1.4729999999999486
0.0
0.0
0.0
0.0
0.0
0.0
0.0
0.0
0.0
0.0
0.0
0.0
0.0
0.0
0.0
0.0
0.0
0.0
0.0
0.0
-0.001
-0.014000000000000002
-0.014
0.002
0.006
-0.003
0.0
0.0
-0.005
0.0
0.0
0.0
-0.001
0.08600000000000008
-0.09900000000000006
-0.08900000000000009
0.023000000000000003
0.012000000000000104
0.04499999999999996
-0.1300000000000001
-0.08600000000000005
-0.1370000000000001
-0.03099999999999998
-0.10300000000000008
0.0
0.0
0.009000000000000001
-0.013000000000000001
0.026999999999999993
0.069
-0.012000000000000014
0.08900000000000005
-0.005000000000000039
-0.049000000000000016
9.99999999999955E-4
0.09800000000000006
-0.04000000000000005
-0.06800000000000006
-0.09200000000000005
0.0
0.0
-0.005
0.0020000000000000347
0.14900000000000008
-0.11500000000000003
-0.004000000000000004
-0.10500000000000005
-0.004
0.1420000000000001
-0.013
-0.03699999999999998
-0.05
0.030000000000000054
-0.01
0.0
-0.001
0.057000000000000044
0.07500000000000005
-0.08300000000000007
0.03700000000000005
-0.050999999999999976
0.09900000000000005
0.004000000000000019
0.09100000000000004
-0.028999999999999974
0.1900000000000001
-0.17500000000000013
-0.05500000000000002
-0.003
0.0
-0.004
-0.016
-0.04300000000000003
0.013999999999999947
-0.09400000000000006
0.006000000000000003
-0.06200000000000001
0.057999999999999996
0.13900000000000007
-0.06399999999999997
0.03799999999999994
-0.09000000000000007
-0.07200000000000004
-0.007
0.0
-0.003
-0.009000000000000001
-0.017
-0.0010000000000000295
-0.030000000000000044
-0.010000000000000092
0.13900000000000007
-0.06500000000000002
0.06599999999999999
0.041999999999999954
0.031
0.018999999999999902
-0.058000000000000024
-0.002
0.0
0.0
-0.003
-0.010000000000000009
-0.026000000000000023
-0.05300000000000006
-0.10900000000000007
0.014000000000000047
-0.08500000000000005
-0.07800000000000008
-0.04599999999999997
0.02500000000000001
-0.1410000000000001
-0.014999999999999951
-0.012000000000000004
0.0
0.0
0.022000000000000013
0.17600000000000013
0.028000000000000084
0.09400000000000013
-0.1400000000000001
-0.03599999999999995
-0.08500000000000005
0.06700000000000003
0.006000000000000072
-0.009999999999999978
0.005000000000000042
-0.07600000000000004
-0.05100000000000003
0.0
0.0
0.026000000000000016
0.06800000000000003
0.10200000000000009
-0.012999999999999975
0.08700000000000006
0.03500000000000003
-0.028999999999999918
0.005000000000000027
0.05200000000000002
0.06900000000000002
0.05300000000000005
-0.08100000000000004
-0.06100000000000004
0.0
0.0
0.0
0.1320000000000001
0.1760000000000001
-0.07500000000000004
-0.062
0.1520000000000001
-0.008000000000000014
-0.021000000000000033
-0.09900000000000005
0.10100000000000006
0.06500000000000007
-0.02700000000000001
0.0
0.0
0.0
0.0
0.06700000000000005
0.1230000000000001
0.04100000000000002
-0.10700000000000007
6.938893903907228E-18
-0.0029999999999999897
-0.036000000000000004
-0.01999999999999998
-0.02099999999999999
-0.1400000000000001
0.0
0.0
0.0
0.0
