-420.77099999696196
0.0
0.0
0.0
0.0
0.0
0.0
0.0
0.0
0.0
0.0
0.0
0.0
0.0
0.0
0.0
0.0
0.0
0.0
-0.007
-6.768000000000595
6.509999999999505
16.46099999999902
5.786000000000384
-4.817999999998682
10.835000000000274
13.63300000000242
-0.03100000000000002
0.0
-0.004
0.0
0.0
0.0
-2.6429999999994926
3.0279999999978
1.826000000001114
-2.6269999999997324
13.933000000011521
1.5760000000001115
6.2080000000011175
-1.3350000000007918
-8.674999999999903
-4.563999999998192
-4.8770000000008045
-3.349999999999742
0.0
0.0
9.980999999999908
21.51700000000425
-4.467000000001323
9.621000000002608
9.56900000000119
-2.3730000000031994
19.30100000001545
-9.46199999999656
11.483000000001578
3.4050000000007796
-3.7109999999955137
0.8690000000000005
-18.900000000000524
-0.001
-1.0119999999999993
-1.558000000000098
16.393999999994655
18.02000000000188
-10.98399999999781
1.5240000000007268
-9.524000000004955
9.98800000000284
14.508000000022562
1.8959999999982293
-2.511999999997105
0.18100000000000147
-2.409000000000503
-10.146000000000058
0.0
-0.002
9.970999999999913
-0.6420000000000006
-6.435000000002637
-5.195999999997136
-8.776999999991014
6.532999999996062
6.988999999986788
16.668000000010565
5.29899999999777
12.426999999996482
-12.877999999998718
0.27399999999999913
-0.009000000000000001
0.0
0.0
-0.032000000000000015
-13.165999999999986
7.013000000004808
-14.926000000003382
8.25800000000841
-2.333000000002412
6.583000000005375
8.979000000018356
2.2349999999978345
-5.191000000001496
-2.516000000000411
-13.884999999999927
-7.743999999999322
0.0
0.0
-0.025000000000000015
-11.143000000001251
-12.215999999988423
-2.225000000000904
1.54799999999828
13.585000000003587
-1.9149999999985443
12.573000000014245
2.1509999999972362
9.099000000021107
-1.7679999999985063
12.058999999998536
-2.5720000000003362
0.0
0.0
5.193000000000131
24.592000000001555
-13.80099999999998
0.9150000000000009
-18.20199999999477
-1.3380000000000973
-12.592999999993728
5.459000000011697
-3.7680000000036045
4.5510000000058275
-7.427000000001084
2.529999999998574
-4.05399999999992
0.0
0.0
4.275999999999137
29.90500000002112
-3.9919999999994533
6.052000000003115
-5.727000000003899
-14.153999999984082
-1.872999999997881
2.544999999997519
2.8229999999904067
1.0530000000000723
-4.329999999997595
-2.7680000000001543
-12.281000000001333
0.0
0.0
3.1909999999994563
7.025000000001213
11.360000000000714
-3.868000000010276
7.581999999989187
-2.2130000000035945
-1.5230000000021493
9.172000000022537
-1.6279999999992971
-0.7719999999999982
2.7690000000005957
-2.345000000000525
-4.998000000000004
0.0
0.0
0.011000000000000003
-3.3759999999983705
12.284000000000832
-2.7069999999980463
12.631999999995493
-0.6519999999999989
9.964999999993365
-4.508000000000175
3.173999999999449
15.253999999996216
1.591999999999396
2.301000000000248
0.0
0.0
0.0
0.010000000000000002
9.595000000000121
9.3200000000003
17.82900000000033
-7.223000000000034
9.373999999998247
-2.688000000000504
-10.249000000002827
-5.765999999998449
19.146999999999874
8.190999999999542
-0.009000000000000001
0.0
0.0
0.0
