-0.43700000000000033
0.0
0.0
0.0
0.0
0.0
0.0
0.0
0.0
0.0
0.0
0.0
0.0
0.0
0.0
0.0
0.0
0.0
0.0
0.0
-0.013999999999999995
-0.02600000000000001
-0.030000000000000013
-0.017
-0.016
0.002
-0.001
-0.002
0.0
-0.001
0.0
0.0
0.0
0.0
0.002
-0.01500000000000001
0.034
-0.010000000000000002
0.031
0.007999999999999997
-0.06400000000000004
-0.06200000000000003
-0.033000000000000015
0.001
-0.007
0.0
0.0
0.0
0.041
0.015
-0.019999999999999993
0.019
0.05100000000000003
-0.037000000000000005
0.02000000000000001
-0.016999999999999987
0.049000000000000016
0.011999999999999993
0.006999999999999993
-0.018000000000000006
0.0
0.0
0.016000000000000007
-0.007000000000000018
-0.036000000000000004
-0.03599999999999999
0.019999999999999976
-0.038000000000000006
0.028000000000000032
6.938893903907228E-18
-9.999999999999974E-4
0.03999999999999998
-0.009000000000000022
-0.08800000000000005
-0.006
0.0
0.0
0.0
0.004
-0.048
0.06700000000000002
-0.09300000000000005
-0.005999999999999987
0.003999999999999939
0.05000000000000002
0.022999999999999975
0.05000000000000002
-0.009000000000000011
-0.024999999999999974
-0.001
0.0
0.0
0.0
-0.011
-0.002000000000000021
-0.027000000000000017
0.023000000000000007
-0.0019999999999999983
0.05000000000000003
0.02400000000000003
0.024999999999999974
0.009000000000000001
-0.004
0.04300000000000001
0.024000000000000014
0.0
0.0
-0.004
-0.013999999999999999
-0.006000000000000004
-0.03899999999999999
-0.03900000000000006
0.00699999999999999
0.03900000000000001
-0.004000000000000001
-0.035
-0.037000000000000074
-0.04100000000000001
0.05500000000000001
0.015000000000000006
0.0
0.0
-0.004
-0.002
0.007000000000000006
-0.03399999999999994
-0.008000000000000028
-0.06400000000000003
-0.04000000000000001
-0.12400000000000008
0.05300000000000003
0.045
-0.045000000000000026
0.028000000000000004
0.011000000000000003
0.0
0.0
-0.005
0.05100000000000002
0.08800000000000004
0.03299999999999999
-0.09800000000000006
-0.015000000000000003
-0.023
-0.014000000000000009
0.023
-0.045999999999999985
-0.008999999999999994
-0.006999999999999996
-0.008999999999999998
0.0
0.0
0.022999999999999996
0.07200000000000005
-3.2959746043559335E-17
-0.024999999999999984
-0.035
-0.026999999999999923
0.058000000000000024
-0.01900000000000006
0.018000000000000002
0.033
0.010000000000000002
-0.01299999999999998
-0.018000000000000002
0.0
0.0
0.008
0.034
0.03400000000000001
0.03399999999999994
0.029000000000000012
0.018000000000000016
-0.0010000000000000035
-0.013000000000000001
-0.012000000000000005
0.049000000000000016
0.01299999999999999
-0.001
0.0
0.0
0.0
0.0
0.002
0.004
0.05200000000000003
0.013000000000000001
-0.06300000000000001
-0.005000000000000004
-0.03699999999999999
0.004
0.0
0.0
0.0
0.0
0.0
0.0
