-6.337000000000451
0.0
0.0
0.0
0.0
0.0
0.0
0.0
0.0
0.0
0.0
0.0
0.0
0.0
0.0
0.0
0.0
0.0
0.0
0.002
0.002
0.002
-0.1670000000000001
0.25000000000000017
0.1050000000000001
0.1490000000000001
0.03800000000000003
-0.003
0.0
-0.002
0.0
0.0
0.0
0.3960000000000003
0.22000000000000017
-0.1530000000000001
-0.23400000000000012
0.146
-0.13500000000000012
0.13199999999999998
-0.05000000000000002
-0.09800000000000007
-0.10300000000000006
-0.43700000000000033
-0.08800000000000006
0.0
0.0
0.2660000000000002
0.34600000000000025
0.004999999999999959
0.043
0.5810000000000004
-0.18500000000000005
0.06700000000000006
0.1020000000000001
0.27100000000000013
-0.24000000000000032
0.19200000000000014
-0.36000000000000026
-0.07700000000000004
-0.001
-0.008
0.17800000000000016
0.20200000000000015
0.06699999999999998
-0.3250000000000002
-0.019999999999999577
-0.05800000000000004
0.11200000000000025
0.38900000000000023
0.00599999999999986
0.006000000000000227
0.06100000000000025
0.10800000000000004
-0.015
0.0
-0.001
0.01800000000000001
-0.0029999999999999446
0.33200000000000024
0.03600000000000003
-0.28600000000000014
0.11200000000000013
0.11700000000000005
0.4090000000000003
-0.07199999999999969
0.16800000000000012
-0.3570000000000003
-0.23600000000000018
-0.036000000000000025
0.0
0.0
-0.014
-0.3800000000000003
-0.4830000000000004
-0.24100000000000016
0.029999999999999975
-0.061999999999999764
0.19500000000000015
0.17500000000000016
0.07299999999999983
-0.06599999999999999
-0.3760000000000003
0.1250000000000001
0.04300000000000009
0.0
0.0
0.0
-0.03800000000000003
-0.20200000000000015
0.07099999999999988
-0.014999999999999729
-0.04399999999999994
0.15300000000000016
-0.1110000000000002
0.1410000000000001
-0.24900000000000017
0.2850000000000002
0.23800000000000016
0.019000000000000013
0.0
0.0
0.33700000000000024
0.45200000000000035
-0.3930000000000003
0.1880000000000001
-0.24600000000000016
-0.5000000000000003
-0.07300000000000004
-0.11100000000000028
0.1780000000000001
0.27000000000000024
-0.33400000000000024
0.005000000000000031
0.047000000000000035
0.0
0.0
0.18800000000000014
0.24900000000000017
0.12200000000000011
0.1300000000000001
-0.29400000000000026
-0.10299999999999997
-0.3070000000000002
0.0940000000000001
-0.16100000000000006
-0.18200000000000022
0.46700000000000036
0.026000000000000405
0.02100000000000001
0.0
0.0
-0.018000000000000002
0.11800000000000008
0.2830000000000002
-0.06799999999999967
0.23000000000000012
-0.1310000000000001
0.4140000000000003
-0.006000000000000078
-0.007999999999999879
0.1730000000000002
0.12400000000000005
-0.4160000000000003
-0.11300000000000009
0.0
0.0
0.18900000000000014
0.43300000000000033
-0.03900000000000009
0.1380000000000001
0.12099999999999998
0.161
-0.1300000000000001
0.2600000000000002
-0.26600000000000007
0.35700000000000026
-0.2750000000000002
0.19100000000000011
0.0
0.0
0.0
0.19200000000000014
0.10800000000000008
-0.1380000000000001
-0.05500000000000003
-0.059000000000000025
0.032000000000000084
0.16400000000000015
-0.4080000000000003
0.03899999999999999
0.1500000000000001
0.3170000000000002
0.0
0.0
0.0
0.0
