-458.24399999607584
0.0
0.0
0.0
0.0
0.0
0.0
0.0
0.0
0.0
0.0
0.0
0.0
0.0
0.0
0.0
0.0
0.0
0.0
-0.009000000000000001
-7.77200000000093
-0.7760000000000007
0.12200000000000011
21.611000000002562
11.012999999998026
9.751000000000017
-2.714999999999923
-1.269999999999971
0.0
-0.003
0.0
0.0
0.0
6.096999999997502
7.929000000005711
-8.404000000001806
0.26900000000000107
10.42700000001546
4.155000000001374
10.066999999991863
-2.0319999999994733
-10.320000000001466
-2.6390000000002902
-20.412999999998497
-7.923000000000981
0.0
0.0
19.961000000001413
9.308999999994668
13.062000000005275
4.783000000002013
4.132999999990133
1.7369999999996224
5.228000000009206
3.4129999999896796
-1.3529999999984963
7.263000000003521
-0.897
3.94100000000349
-11.64300000000033
0.0
0.0
17.779999999998754
22.515000000005116
-2.9459999999998767
-1.831000000001733
-2.133999999999556
-3.3659999999982193
7.981999999991561
11.860999999999148
1.116000000000023
-0.20899999999999724
6.831999999993618
-10.647999999998602
-7.697999999999374
0.0
-0.011000000000000003
8.59800000000067
16.40299999999797
-4.7280000000034255
-9.435999999993305
-7.2969999999926785
-5.955000000003996
7.299999999983695
28.437999999981983
-0.9749999999999985
5.606000000001379
-7.2160000000055575
-7.401999999999628
-4.819999999999944
-0.003
0.0
-0.013000000000000005
-13.353000000000394
-22.590000000004057
-15.530000000000763
11.272000000008065
5.785999999996274
7.408000000017253
8.75900000002886
7.473000000002832
-3.1170000000002376
-9.024000000001537
-10.938000000001699
-3.0179999999997786
-0.001
0.0
-0.001
-19.34200000000016
1.30800000000028
1.5789999999969537
-4.414999999997262
11.831999999991384
-3.398000000005277
14.900999999991384
-2.9070000000127716
6.133000000011857
8.691999999997766
0.23200000000000037
-3.0179999999997786
0.0
0.0
20.346000000000007
12.327000000003514
-7.6479999999992785
-5.514000000000957
-15.01399999999326
2.14699999999746
-13.813999999958755
-1.9780000000039268
7.5740000000014405
0.00799999999998878
3.134000000002257
-20.60999999999936
-0.05500000000000004
0.0
0.0
5.680999999998363
20.34400000000359
-0.4620000000000004
-1.117000000000145
-8.641999999994368
-15.209999999980214
3.038999999998871
7.90200000001475
6.933000000002783
2.7100000000003526
9.72499999999632
-21.085999999996343
-0.9560000000000007
0.0
0.0
-4.0949999999998
4.927999999996032
23.14300000002016
-14.88300000000301
11.755999999997098
-0.27100000000000046
-6.200999999990099
3.953999999993151
-0.5079999999999972
1.907999999998419
1.4009999999993357
-17.93400000000071
-0.03900000000000003
0.0
0.0
1.042999999999996
-2.876999999998991
22.62899999999654
4.481000000008148
8.1789999999955
5.460999999993609
9.871000000001764
5.075999999994199
1.097000000000094
5.046999999998406
-2.9420000000002244
4.303000000000341
-0.017000000000000008
0.0
0.0
11.049999999999315
5.115000000000043
-7.861999999999356
14.962000000002277
-10.760999999999619
6.311000000000984
1.2830000000000195
-5.880000000000334
-4.076000000000059
31.16299999999835
15.221999999997118
-0.003
0.0
0.0
0.0
