-249.87600000082907
0.0
0.0
0.0
0.0
0.0
0.0
0.0
0.0
0.0
0.0
0.0
0.0
0.0
0.0
0.0
0.0
0.0
0.0
-7.783999999999365
-14.255999999999796
-0.6780000000000005
-6.535000000000542
6.662000000002974
6.8209999999995095
0.8390000000000006
-0.10400000000000008
0.0
0.0
-0.002
0.0
0.0
0.0
-0.9360000000000008
8.05900000000452
-0.14400000000000007
-0.3139999999999983
7.298999999998002
0.05700000000000094
2.2640000000007494
4.369000000001031
-9.451000000002097
-14.34499999999846
-10.054000000000379
-5.5110000000001
0.0
0.0
-0.001
6.143000000001127
3.072999999998233
6.0240000000020215
4.238999999995163
-1.9529999999992202
5.5720000000102035
-2.9950000000023507
2.5300000000019076
-2.655000000000605
6.655000000002387
3.545000000002796
-20.56700000000085
-0.002
-0.001
-2.978999999999783
5.574999999999342
2.544000000000406
-1.0649999999996622
-3.0180000000005545
-1.2459999999994602
3.750999999994472
5.5870000000052835
-2.270000000000588
1.324000000001486
-7.100000000003898
7.244000000001262
-12.502000000000844
0.0
0.0
-0.004
3.3399999999991974
-2.3019999999989476
-5.644999999999001
-11.558000000003064
1.1370000000002434
6.001999999998688
10.671000000016067
3.483999999995538
3.1599999999987034
2.4490000000012686
-1.1989999999996124
-2.1089999999998787
0.0
0.0
-0.004
-6.728000000000144
-6.43099999999916
-3.2640000000011646
6.322999999999401
5.482999999997764
4.524000000000765
0.4740000000000011
-1.3970000000021991
-0.029999999999999416
-5.5730000000021365
-14.70700000000079
-0.003
0.0
0.0
0.0
5.263000000000092
-13.84099999999726
4.768000000000605
-0.6530000000000004
8.179999999999724
1.9010000000008922
10.22400000000191
0.7190000000000003
1.1519999999997441
6.0610000000011315
-4.17500000000119
-4.427999999999813
0.0
0.0
0.0
10.6280000000003
-12.297999999992369
-11.428999999991467
-5.060000000003099
-4.79500000000666
-9.918999999995533
3.120999999997077
2.1110000000003173
-0.7470000000000009
7.377999999999336
-1.6490000000004188
-5.504000000000128
-1.867999999999905
0.0
-0.03000000000000002
18.726000000001527
8.209000000008103
-0.1409999999999996
-0.6030000000000002
-2.4830000000025243
-0.7020000000000005
4.219000000000781
-0.2819999999999999
4.798999999996163
-3.139000000001732
2.4700000000002476
-2.9849999999997823
-1.868999999999905
0.0
14.592000000000425
1.237000000000655
4.380999999998373
0.06900000000000099
3.43099999999541
-4.684999999998449
-0.9069999999999999
4.20299999999783
2.920999999999839
0.6570000000000005
-2.2699999999997207
-1.3339999999997694
-4.244999999999752
0.0
0.0
2.697999999999814
-10.2030000000002
16.4829999999946
6.69200000000025
0.9909999999999939
9.607000000009474
-1.1760000000000823
4.357999999999106
-3.533999999995753
13.168999999993325
-2.759000000000795
-4.287999999999889
0.0
0.0
0.0
4.371999999999795
5.5690000000001945
11.191000000000408
6.743999999998673
-2.807999999999415
1.2489999999996806
4.5930000000011475
-4.745999999998049
0.061000000000000124
19.609000000000012
-0.001
0.0
0.0
0.0
0.0
