-137.19200000029102
0.0
0.0
0.0
0.0
0.0
0.0
0.0
0.0
0.0
0.0
0.0
0.0
0.0
0.0
0.0
0.0
0.0
0.0
-0.8540000000000006
-4.021999999999971
6.992999999998809
6.983999999999495
2.631999999999641
-0.6110000000000004
5.961999999998878
9.293999999999604
0.012000000000000004
0.0
-0.001
0.0
0.0
0.0
3.2449999999998766
9.944999999999961
4.475999999999969
-3.019000000000027
1.4209999999996672
1.486000000000036
5.354000000004711
-3.007999999998731
-8.01499999999813
3.2510000000003365
-9.333999999999445
-4.078999999999697
0.0
0.0
1.903999999999901
8.036000000000698
4.777999999997399
7.958000000001602
3.6099999999985535
2.588999999999592
3.0449999999984123
-1.6850000000011018
-0.7870000000000006
0.22600000000000026
0.03200000000000186
-3.3669999999994404
-8.20500000000052
0.0
-1.0669999999999933
1.4259999999997888
4.207999999999276
-0.7160000000000009
-2.2449999999997203
0.8720000000000023
-2.912999999999869
3.00699999999836
3.5309999999992305
2.816000000000236
4.986000000001895
6.048999999998209
-10.6269999999994
-3.01299999999989
0.0
0.0
3.594999999999715
2.4909999999998367
0.11200000000000002
-8.098999999997984
-0.6230000000000007
-0.41999999999999915
5.244999999997734
5.020000000000647
0.06799999999999584
-4.736000000000283
2.556999999999757
-7.369000000000663
-0.001
0.0
0.0
0.0
0.5410000000000005
1.5029999999999761
-2.2049999999993637
0.7750000000000008
-2.108000000000867
8.424000000002355
4.584000000000338
3.099999999998522
-3.2170000000011263
-6.639999999998805
-4.19599999999969
-0.015000000000000006
0.0
0.0
-0.001
4.01999999999958
0.34900000000000037
0.04000000000000012
0.1360000000000016
3.0659999999990566
-3.828000000002508
3.475999999999916
-6.205000000000449
11.113000000010578
-3.195999999999316
6.882000000001027
-4.0509999999996875
0.0
0.0
0.2720000000000002
3.991000000000864
-7.084999999999963
-1.4560000000002509
-3.16400000000199
-1.8590000000014217
-4.855000000001232
2.676999999998872
4.270999999998896
0.3889999999999994
-5.5989999999990765
-6.454999999998996
-7.086000000000701
0.0
0.0
-0.2880000000000002
11.260000000002444
8.491000000001128
-5.1410000000031415
3.7379999999984963
-5.536000000002845
-5.292999999999984
-0.4750000000000005
-3.0570000000028354
-4.288000000000197
6.769000000001048
-7.512999999999139
-0.7940000000000006
0.0
0.0
0.9270000000000007
-3.1420000000011727
4.395000000000659
1.4880000000005749
1.0150000000000103
-0.16399999999999787
0.6150000000000005
5.091999999998199
1.1599999999999389
1.4480000000001196
-10.978999999998711
-3.7449999999998087
-0.3820000000000003
0.0
0.0
-2.5219999999998333
4.393000000000316
6.5999999999999615
2.3009999999992314
2.5259999999988203
1.3760000000002415
-0.2610000000000001
-1.724999999999194
-3.418000000000512
5.412999999999144
-5.824999999998767
-0.007
0.0
0.0
0.0
0.006
0.006
-3.3910000000001843
12.421000000000715
6.251999999998192
-11.96600000000007
0.16900000000000015
-1.575000000000296
-2.912000000000253
12.29400000000089
-2.2549999999998627
0.0
0.0
0.0
0.0
