-588.1739999930035
0.0
0.0
0.0
0.0
0.0
0.0
0.0
0.0
0.0
0.0
0.0
0.0
0.0
0.0
0.0
0.0
0.0
0.0
-11.218000000000416
-21.290000000000965
1.8150000000000015
-5.615999999998704
28.58900000001125
12.164999999995393
26.29800000000599
13.277000000002644
0.03400000000000002
0.0
-0.006
0.0
0.0
0.0
8.755999999996394
16.72999999999582
0.9280000000000022
-3.561000000005353
10.423000000008685
13.163000000030985
4.181000000006526
4.823000000001379
-21.582999999994296
-10.58299999999595
-26.293000000005506
-7.038000000000685
0.0
-0.003
8.109000000000945
7.851999999998509
6.589000000000488
6.914000000003927
11.867000000017649
-5.056000000008514
12.275000000038718
3.7139999999870756
5.956999999996677
9.179999999996898
-0.7800000000000012
11.902000000007348
-24.183000000002114
0.0
-2.2399999999998643
3.2559999999990143
18.493999999996266
6.592000000004464
-10.563000000003617
-2.6740000000002473
-2.9999999999971285
9.947000000000548
15.653000000041557
1.4309999999995686
-2.492999999996764
7.479999999991682
-11.912999999995233
-12.650000000000894
0.0
0.0
9.909999999999947
12.807999999996651
-4.44200000000082
-7.6529999999964105
-15.338000000012695
-6.860000000005857
13.04199999999723
23.046999999999116
6.044999999991774
10.520000000012338
-15.177999999996754
-13.118999999995733
-4.273999999999762
0.0
0.0
-0.06800000000000005
-22.656000000000745
-12.441999999994234
-15.54699999999748
9.451000000009573
12.970000000027735
17.734000000025084
14.089000000036824
1.7309999999963543
-4.4480000000043995
-3.943000000000362
-8.189999999998172
-2.749999999999993
0.0
0.0
-0.005
-5.758999999998474
1.052000000000114
3.163999999999489
-7.670999999984895
7.682999999992362
6.31499999998501
9.53200000001487
-1.470000000002363
17.895000000009222
6.229999999998216
9.12800000000188
-1.8540000000000014
0.0
0.0
17.54800000000143
10.496000000004468
-23.993000000006152
-10.768999999992177
-7.603999999989227
-13.479999999973872
-19.546999999998693
6.384000000023532
5.936000000001958
3.871000000007563
-7.923000000003754
-11.74200000000251
-8.887000000000514
-1.0279999999999976
0.0
4.592999999999351
34.927000000010885
-0.03299999999999127
2.736999999995295
-11.389999999987355
-11.738999999985614
-4.542000000004504
10.53200000001255
-5.112000000006474
0.42800000000000016
11.2449999999991
-1.3100000000008902
-20.02100000000073
-1.0279999999999976
0.0
-18.74400000000036
8.263999999995644
20.847000000004865
-5.5260000000056095
10.923000000014323
-3.6870000000049017
-1.098000000000742
3.7019999999898827
7.482000000002127
-1.4460000000010937
-8.19499999999555
1.5290000000007067
-0.028000000000000018
0.0
0.0
-2.697999999999814
-10.68099999999894
22.235999999999937
4.068000000012472
-1.404999999998219
11.997000000005999
10.427000000013049
1.5640000000017724
1.1059999999997183
20.95600000000282
-16.054000000001974
10.78800000000067
0.0
0.0
0.0
0.007
5.6470000000002205
1.2589999999997574
22.781999999995566
1.4540000000001498
5.77000000000011
4.494999999999217
-7.126999999999891
-3.94600000000065
37.30400000000069
24.080000000002876
0.0
0.0
0.0
0.0
