-522.5719999945547
0.0
0.0
0.0
0.0
0.0
0.0
0.0
0.0
0.0
0.0
-0.030000000000000013
-0.015000000000000006
0.0
0.0
0.0
0.0
0.0
0.0
-0.09500000000000007
-11.254999999999203
-3.606999999999869
1.34399999999966
23.551000000001807
11.375999999997015
22.86300000000193
13.240000000001706
-0.002
0.0
0.0
0.0
0.0
0.0
-3.2299999999991686
21.047000000004484
-8.568999999999729
5.910999999995953
13.271000000004358
-5.143000000005432
14.800999999962537
8.567000000003821
-18.164000000000605
-6.060000000000448
-16.88300000000385
-4.4669999999997305
0.0
0.0
10.687999999999516
16.94999999999803
11.887000000001384
4.04800000000168
10.238000000013535
1.8899999999976484
9.831000000046716
2.8969999999909146
2.458000000000556
3.209000000000312
4.720000000002725
12.328000000006302
-14.055999999999056
0.0
0.0
11.216999999998436
17.115999999994134
1.9659999999985607
-2.759000000002777
-7.037000000008682
-3.1499999999976485
14.219999999999043
12.273000000023575
-4.075000000003816
1.9670000000012637
-2.9569999999993506
2.908999999998909
-6.63700000000014
0.0
0.0
4.164999999999059
9.543999999997709
-5.102000000002494
-10.360999999998555
-12.080000000002242
-2.844000000001019
3.525999999995998
25.049999999998267
5.614999999998518
5.951000000003384
-4.665999999996903
-12.532999999999051
-0.07000000000000005
0.0
0.0
-5.55799999999961
-7.620000000000108
-6.766999999999721
-14.580999999997353
7.566000000001424
12.338000000029862
14.555000000021185
16.647000000037124
2.1279999999965624
3.4430000000011516
-4.407999999999341
-12.829000000005179
-0.11400000000000009
-0.012000000000000004
0.0
-0.002
-3.970999999999915
-7.067000000003243
1.1109999999989821
-1.915000000002318
5.761999999992917
7.895999999992953
5.044000000006636
4.782999999997447
8.440000000024407
4.713999999996008
10.44499999999939
-0.20900000000000016
0.0
0.0
15.077000000001275
12.064000000001439
-20.307999999998813
-6.71699999999359
-16.85899999999627
-4.09800000001202
-15.818999999965506
5.855000000014595
10.76200000000861
2.593999999997757
-5.48400000000346
-9.892999999998855
-7.10600000000071
-2.1669999999998724
0.0
2.3620000000004566
31.773000000022975
3.789999999998033
-1.418000000000971
-9.071999999995544
-11.388999999979998
-7.332000000007045
7.281000000017002
-8.16099999999585
8.248000000017107
10.650999999995632
-2.723000000001377
-5.961000000000067
-2.1669999999998724
0.0
-9.978999999999928
2.9969999999981947
11.262999999996103
-6.190999999999821
9.394000000000181
-6.603999999992633
1.4879999999972708
1.0379999999995575
7.716000000002559
-5.248000000000873
-7.8729999999989495
-10.393999999999272
-1.1449999999999847
0.0
0.0
-2.0459999999998857
-14.516999999992496
20.804000000002077
7.042000000015059
12.252000000003427
-2.6420000000048973
8.309999999992726
6.359999999993237
-7.078999999996319
15.376999999981836
-3.6210000000003646
-2.911999999999999
0.0
0.0
0.0
10.015999999999888
6.134000000000383
-1.662000000000352
16.994000000005165
-1.1059999999992323
13.568999999998026
0.37200000000000105
-12.048000000003091
-11.172000000001251
19.925999999999835
-0.016
0.0
0.0
0.0
0.0
