-309.19699999960034
0.0
0.0
-10.648000000000291
3.626000000000689
21.360000000003012
-1.3150000000006627
-0.002
-14.972000000000632
-0.04000000000000003
-1.1940000000001052
2.1080000000010775
2.6489999999991856
7.619999999996749
-3.3290000000013453
0.8859999999999794
6.323999999998927
0.4630000000000004
10.438000000000404
-6.227000000008115
-0.6039999999999771
7.892999999996662
4.450999999995275
-1.7339999999980231
1.6210000000000904
-0.04000000000000003
-9.299999999999438
-2.6130000000022195
5.023000000000444
-2.9140000000030635
3.5859999999985237
-1.755999999999094
7.9469999999966054
4.890000000000074
3.0649999999996664
-7.077999999994307
-2.758999999998295
0.6799999999999949
1.9330000000004686
2.813999999999316
-11.688999999992834
-8.74800000000059
9.139999999993615
4.380000000002632
6.366999999996748
4.284999999992474
-0.06699999999999828
10.610999999998711
0.0
0.0
