-750.5969999891627
0.0
0.0
-10.304999999999728
9.393999999999432
29.74100000000831
-6.322000000000477
-0.10300000000000006
-8.724000000001373
0.0
10.203999999993462
5.3080000000054905
6.403000000009766
11.557999999993001
-7.423999999975145
2.239000000009297
-4.448000000000532
9.314000000000306
16.950000000009815
-12.126000000014216
-4.0570000000134865
20.153000000012554
13.907999999972139
-12.7439999999814
-12.664000000009215
-19.912999999999844
-14.01100000000321
-12.135999999995976
17.02999999992768
-10.580000000027228
6.523999999987728
6.2759999999979765
-21.653999999989217
16.723000000003218
19.011999999992405
-12.864000000000797
-9.094000000018259
4.262999999989761
6.465999999987796
1.604999999999291
-23.627000000008408
-10.628999999999618
21.863000000053294
11.75500000000133
14.5760000000035
8.647999999994518
0.6190000000000031
24.834999999997386
0.0
8.292000000000844
