-466.0439999958914
0.0
0.0
-0.048000000000000015
0.22100000000000009
20.901000000004537
9.977999999997273
-0.045000000000000026
-1.1879999999992505
0.0
3.1669999999997405
1.2639999999952665
3.817999999986513
7.447000000003851
-7.975999999994478
2.091000000004572
-9.252000000000345
0.3240000000000003
12.083000000011287
-9.026000000005963
-3.071000000013237
13.671000000000785
8.178000000022537
-6.672000000001486
-16.37400000000731
-0.002
-8.872999999997306
-9.394999999993363
9.757999999995521
-5.055999999999809
5.016999999997988
4.230999999997692
-14.130000000004324
-9.611000000000113
9.817999999994255
-6.457999999998713
-3.885999999996847
0.725999999999985
4.384999999994457
2.0510000000014266
-18.334999999998054
-5.831000000000288
14.26899999998366
8.383000000002268
11.285000000016359
5.919999999989307
3.061000000001299
17.423000000003416
0.0
16.20199999999682
