-336.3939999989572
0.0
0.0
-14.925999999997195
10.931000000000074
14.185999999999712
-2.526000000000588
-1.5610000000000013
3.3489999999999123
0.0
12.952000000003991
4.804000000003457
0.35800000000002297
5.65599999999454
-1.6870000000038907
1.1500000000004904
-8.049000000003106
-9.498000000000175
5.34200000000292
-1.5320000000009744
-3.1220000000047463
8.133999999994066
5.987000000002039
-2.385000000001125
-7.219000000001986
-3.802999999999692
-3.606000000003153
-6.4370000000031355
8.658000000000062
-3.891000000011156
2.9369999999947436
-1.3400000000006087
-8.248000000001118
0.001
8.492000000001184
-5.4090000000025995
-1.846999999999645
1.891999999998056
4.444000000000395
0.049000000000004616
-11.1769999999995
-10.533999999999622
8.197000000005037
4.042000000000696
3.54200000000307
3.1099999999998995
-1.834000000002306
11.379000000000358
0.0
0.0
