-447.16399999633785
0.0
0.0
-10.03099999999988
-2.1569999999999703
7.349000000000646
-9.719000000000726
-0.003
-15.526000000008628
0.0
5.604999999998122
6.999000000008193
3.504999999996257
8.94100000000653
-8.556999999990547
-0.4540000000000206
9.985000000003847
3.773999999999548
17.164999999996795
-8.721000000014506
0.1519999999999989
10.3009999999943
9.137000000004319
-9.120000000012778
-0.1399999999999998
-0.055000000000000035
-4.815000000001519
-7.439999999992483
10.878999999976521
-7.629000000012221
5.650999999999206
0.5059999999999651
0.49500000000000155
30.023000000001026
11.259000000001224
-8.125999999998461
-1.492999999998645
0.22399999999994435
3.3409999999951623
-2.24800000000071
-16.234999999989924
0.2260000000000002
11.937999999974569
8.148000000004412
11.037000000013903
4.59899999999435
-2.9119999999978012
13.197000000004552
-0.003
9.930999999999935
