-147.6370000003409
0.0
0.0
-0.1620000000000001
-3.9839999999997833
8.99000000000044
-1.5739999999999765
-0.002
0.5479999999999997
0.0
9.283999999999594
1.8770000000000766
0.30100000000009275
4.124000000001397
-2.968000000002596
1.921000000002517
-6.597000000000155
-0.017000000000000008
-4.4590000000009615
-0.4099999999999984
-0.46899999999999276
4.801999999998221
2.1659999999993618
-3.5590000000016824
3.114000000000879
-0.022000000000000006
-8.808999999998901
-3.5590000000011397
2.604999999998969
-2.868000000000422
2.2819999999995755
1.7429999999983676
-1.7550000000004384
-0.001
5.446999999998926
-2.498000000000114
-0.3380000000000155
-0.31800000000009854
0.23500000000002613
0.0889999999999696
-3.5850000000011315
-8.049999999999342
4.542999999999157
2.1949999999985113
3.6470000000001566
1.078000000000034
2.741000000000687
-2.195999999999735
-0.003
0.0
