-2355.11200002105
0.0
0.0
-29.89200000001355
4.19799999999987
105.45300000004403
3.1769999999873964
0.11100000000000008
-17.018000000003823
-0.009000000000000001
39.88799999999321
20.34699999996638
30.454000000128094
33.121000000347436
-24.284000000014878
5.821000000004509
-16.481999999985803
28.74900000004568
62.834999999997244
-40.77499999997337
-9.581000000015278
61.242000000561106
45.694000000109476
-42.47499999994177
-46.64700000008731
-60.057000000027436
-46.58399999999959
-32.630999999943754
52.00900000046009
-33.12699999975429
22.03600000002296
17.295999999912425
-65.00600000019931
59.89000000002767
55.971999999951365
-40.90499999988805
-23.853000000075298
8.870999999898714
17.472000000088155
-3.1699999999996074
-80.89800000004715
-41.99399999999446
69.01599999979835
50.813000000025156
38.507000000022
32.53399999984329
-5.739999999981683
67.24900000002124
-0.013000000000000005
47.02399999998111
