-558.9139999936954
0.0
0.0
-4.444999999999819
6.023999999999318
14.89699999999934
8.681999999997126
0.1470000000000001
-17.97600000000322
-0.012000000000000004
13.25699999998904
6.475000000010675
5.183000000004577
9.335999999991316
-7.677999999978943
-1.0189999999997994
-5.342000000000812
4.414999999998938
14.44100000001247
-11.021000000022559
-2.873000000009907
11.484999999994171
9.405000000001479
-7.137999999998111
-15.009000000006129
-10.248000000000092
-15.765000000000708
-8.385000000002757
13.000999999969077
-6.863000000010458
6.057999999997526
0.8529999999999812
-20.7969999999894
20.194000000000127
15.686000000001979
-6.462000000001985
-5.709000000006732
4.792999999986983
4.240999999989324
2.3400000000048005
-32.117000000025094
-0.2060000000000002
10.799999999996095
16.544999999989255
12.136999999986827
9.386000000012642
3.9349999999997993
-16.13399999999873
0.0
10.689999999999515
