-23.19200000000536
0.0
0.0
-1.682999999999976
-2.273000000000002
-0.8520000000000006
-0.017
0.0
-1.0500000000000003
0.0
0.4480000000000006
0.4879999999999999
0.7080000000000009
1.3129999999998934
-0.7259999999999988
-1.168999999999966
1.1019999999999894
-0.33400000000000024
0.32900000000000007
-0.6880000000000027
-0.4910000000000013
0.11599999999997614
0.34100000000000513
-0.5600000000000003
-2.301999999999976
0.0
1.5109999999999284
0.15299999999999547
0.23599999999999433
-0.6080000000000005
-0.0950000000000039
-0.4139999999999958
-1.1800000000001531
-0.001
1.0399999999999963
0.08000000000001928
-1.7210000000001
0.4729999999999972
0.6740000000000004
-0.0370000000000166
2.2559999999999003
-0.05000000000000002
1.6090000000000435
-0.7640000000000005
1.8959999999998571
0.21400000000000108
0.675
0.6120000000000005
0.0
0.0
