-698.4229999903964
0.0
0.0
-11.57599999999831
4.114999999998624
29.409000000007637
1.7619999999999156
-4.786999999999933
-4.9169999999982466
-0.006
19.99200000000087
4.7210000000073915
8.499000000011687
9.490999999987391
-8.057999999979028
3.605000000010745
-7.296000000003421
9.971999999998848
19.891999999998262
-14.206000000016967
-2.098000000007947
17.968000000003947
13.104999999950733
-10.206000000006632
-18.609000000004116
-19.961999999999815
-17.66200000000488
-11.08000000000235
16.5179999999525
-9.292000000019263
6.924000000009737
3.0719999999961525
-9.671000000000605
0.05600000000000004
18.147999999990397
-14.2850000000295
-5.2020000000040145
1.109999999999136
5.248999999993422
-0.6540000000001495
-20.382000000003273
-17.621999999998614
19.32300000003481
13.970999999995598
12.996000000000727
8.69100000000091
-1.0030000000026733
15.96800000000678
0.0
12.707999999998396
