-430.3309999967359
0.0
0.0
0.0
0.0
0.0
0.0
0.0
0.0
0.0
0.0
0.0
0.0
0.0
0.0
0.0
0.0
0.0
0.0
0.0
0.0
0.0
0.0
0.0
0.0
0.0
0.0
0.0
0.0
0.0
0.0
0.0
0.0
0.0
0.0
0.0
0.0
0.0
0.0
0.0
0.0
0.0
0.0
0.0
0.0
0.0
0.0
0.0
0.0
0.0
0.0
0.0
0.0
0.0
0.0
0.0
0.0
0.0
0.0
0.0
0.0
0.0
0.0
0.0
0.0
0.0
0.0
0.0
0.0
0.0
0.0
-0.001
-0.001
-0.001
0.0
0.0
0.0
0.0
0.0
0.0
0.0
0.0
0.0
0.0
0.0
0.0
0.0
0.0
0.0
0.0
0.0
0.0
0.0
0.0
-3.7389999999996992
-3.7389999999996992
-8.206000000000891
2.9449999999997867
2.940999999999787
-3.3439999999997427
1.0229999999999981
13.486999999997964
11.33099999999916
12.474999999998525
3.64199999999971
12.97199999999825
4.798999999999937
4.0569999999996895
9.557000000000142
-0.025000000000000015
-0.003
0.0
0.0
0.0
0.0
0.0
0.0
0.0
0.0
0.0
0.0
0.0
-4.261999999999758
-2.949999999999786
7.02200000000068
10.488999999999626
14.05299999999765
-3.5739999999997174
-6.330000000000449
6.587000000000534
14.803999999997234
-12.04999999999876
7.735000000000918
17.26699999999812
20.800000000002438
-7.091000000000703
0.4940000000000004
-7.7010000000009065
-9.428000000000214
-9.468000000000192
-6.1920000000004025
-0.001
0.0
0.0
0.0
0.0
0.0
0.0
0.0
8.343000000000815
2.3749999999998495
-0.4010000000000003
8.507000000000724
2.3019999999998575
-8.103000000000948
-6.892000000000636
11.704999999998952
6.104000000000373
8.897000000000508
4.86699999999996
-0.009000000000000001
5.7010000000002385
1.8209999999999102
-1.6999999999999236
4.50799999999984
0.33100000000000024
-6.058000000000358
-6.760000000000592
-8.38900000000079
-7.136000000000718
-3.6009999999997144
0.0
0.0
0.0
0.0
0.0
0.0
0.0
18.343999999999436
6.408000000000475
8.53400000000071
-0.2970000000000002
12.237999999998657
13.00699999999823
-0.8480000000000006
13.153999999998149
6.344000000000453
-3.467999999999729
-5.04600000000002
9.583000000000128
7.595000000000871
20.362000000001903
2.36999999999985
2.4949999999998362
5.829000000000281
9.815999999999999
-4.952999999999989
-3.087999999999771
-10.976999999999355
-6.220000000000412
-0.001
0.0
0.0
0.0
0.0
0.006
0.0
12.313999999998614
10.702999999999507
-0.48100000000000037
11.900999999998843
14.038999999997658
16.94899999999773
10.450999999999647
-5.865000000000293
-3.0209999999997783
8.088000000000957
5.97400000000033
7.8060000000009415
-4.351999999999788
0.30000000000000027
5.519000000000178
3.4289999999997334
-14.406999999997455
3.430999999999733
6.57400000000053
-5.1560000000000565
4.756999999999923
-11.862999999998864
-8.283000000000849
0.0
0.0
0.0
0.0
0.0
-1.9369999999998975
11.439999999999099
14.05299999999765
7.747000000000922
16.350999999997
-19.12400000000039
-22.785000000004864
-1.0629999999999937
10.406999999999671
-6.7820000000005995
2.37199999999985
-6.606000000000541
7.574000000000864
11.783999999998908
13.345999999998043
0.18100000000000013
-9.150000000000368
-2.45899999999984
12.985999999998242
-8.074000000000964
6.200000000000405
9.691000000000068
-12.332999999998604
-8.285000000000847
0.0
0.0
0.0
0.0
0.0
-1.9359999999998976
15.60499999999679
9.713000000000056
-4.810999999999941
20.496000000002066
-5.7070000000002405
1.6129999999999332
-4.608999999999874
-13.612999999997895
-2.2039999999998683
-8.509000000000723
10.603999999999562
-2.850999999999797
24.659000000007154
7.983000000001001
16.86499999999763
-4.0659999999996925
-4.832999999999949
12.30299999999862
10.523999999999607
3.0259999999997778
-11.904999999998841
-9.721000000000052
-5.6740000000002295
0.0
0.0
0.0
0.0
0.0
-1.9359999999998976
8.06400000000097
4.4789999999998305
3.5899999999997156
-1.586999999999936
-7.170000000000729
7.970000000000996
-17.853999999998837
-9.811000000000002
-0.6480000000000005
-1.8469999999999074
-6.888000000000635
14.796999999997238
1.9829999999998924
23.366000000005574
2.950999999999786
-0.03800000000000003
4.590999999999868
-0.9750000000000008
-0.8300000000000006
-3.6459999999997095
-11.823999999998886
-5.6800000000002315
-0.001
0.0
0.0
0.0
0.0
0.0
-1.9369999999998975
4.979999999999998
1.994999999999891
-6.878000000000632
-5.669000000000228
-14.21599999999756
2.542999999999831
-13.160999999998145
-15.578999999996805
12.536999999998491
-3.841999999999688
16.89099999999766
17.6589999999986
-4.5569999999998565
24.00200000000635
-3.087999999999771
-3.140999999999765
6.587000000000534
-0.8520000000000006
7.828000000000949
-6.936000000000651
-7.3120000000007765
-1.7739999999999154
0.0
0.0
0.0
0.0
0.0
0.0
-1.9369999999998975
-5.020000000000011
-8.008000000001001
-4.051999999999688
-7.705000000000908
-1.7929999999999133
-1.09599999999999
5.382000000000132
-5.679000000000231
12.115999999998724
7.674000000000897
-0.7720000000000007
10.19299999999979
16.933999999997713
14.83099999999722
16.93999999999772
8.348000000000813
7.157000000000725
-7.8270000000009485
-2.4369999999998426
-12.766999999998363
-12.460999999998533
-1.767999999999916
0.0
0.0
0.0
0.0
0.0
0.0
0.0
-3.0839999999997714
-5.85600000000029
-2.397999999999847
7.559000000000859
-10.632999999999546
-7.916000000000978
-4.771999999999928
5.0360000000000165
3.8079999999996916
1.6349999999999307
11.837999999998878
20.07300000000155
5.633000000000216
1.7919999999999134
11.70999999999895
0.3400000000000003
5.486000000000167
13.302999999998066
-4.521999999999845
-4.771999999999928
-5.000000000000004
-1.54999999999994
-1.5479999999999403
0.0
0.0
0.0
0.0
0.0
0.0
-3.0839999999997714
-2.8729999999997946
0.1210000000000001
2.815999999999801
-10.545999999999594
-4.217999999999743
7.499000000000839
4.128999999999714
-4.721999999999912
10.086999999999849
-2.425999999999844
1.5469999999999404
21.838000000003706
-10.271999999999746
2.522999999999833
-15.842999999996659
0.13200000000000012
2.4109999999998455
-11.277999999999189
-7.844000000000954
-10.903999999999396
3.7079999999997026
-1.5479999999999403
0.0
0.0
0.0
0.0
0.0
0.0
-5.812000000000276
4.187999999999733
-1.4919999999999465
-0.036000000000000025
-12.102999999998731
1.09599999999999
0.2610000000000002
-8.637000000000652
2.035999999999887
13.6039999999979
12.371999999998582
9.497000000000176
-7.706000000000908
16.164999999996773
4.461999999999825
-6.787000000000601
5.130000000000048
-4.86599999999996
10.511999999999613
3.2569999999997523
0.47900000000000037
3.705999999999703
-1.5479999999999403
0.0
0.0
0.0
0.0
0.0
0.002
-2.724999999999811
15.921999999996615
1.6929999999999243
6.500000000000505
-0.2570000000000002
-14.01799999999767
7.53200000000085
-2.306999999999857
3.4619999999997297
-2.832999999999799
-23.17400000000534
14.153999999997595
12.305999999998619
7.3090000000007755
2.7839999999998044
2.8729999999997946
-0.7820000000000006
1.8029999999999122
-1.5839999999999363
4.863999999999959
-10.162999999999807
1.9489999999998961
-3.740999999999699
0.0
0.0
0.0
0.0
0.0
0.002
2.505999999999835
11.142999999999263
-1.1129999999999882
4.0929999999997015
-10.037999999999876
-5.337000000000117
-3.776999999999695
-22.903000000005008
-1.2659999999999714
-7.013000000000677
-3.986999999999672
-14.205999999997566
1.4269999999999536
7.128000000000715
14.315999999997505
15.85699999999665
5.100000000000038
3.4019999999997363
-10.305999999999727
13.966999999997698
-14.713999999997284
-1.5299999999999423
-3.740999999999699
0.0
0.0
0.0
0.0
0.0
-2.516999999999834
5.308000000000107
16.338999999996986
-0.18000000000000013
11.416999999999112
-13.47599999999797
-4.166999999999726
-13.305999999998065
-6.489000000000502
-4.967999999999994
-5.902000000000306
-2.196999999999869
-14.814999999997228
3.9949999999996715
8.826000000000548
-6.875000000000631
-8.229000000000879
11.711999999998948
1.4859999999999471
-11.457999999999089
7.265000000000761
-16.19599999999681
-9.379000000000241
-3.740999999999699
0.0
-0.004
0.0
0.0
0.0
-1.4829999999999475
4.621999999999878
4.65699999999989
1.7919999999999134
10.06799999999986
11.806999999998895
8.879000000000518
-7.700000000000906
-24.014000000006366
-13.74599999999782
-3.430999999999733
-5.498000000000171
5.265000000000093
12.890999999998295
-2.7289999999998105
-10.430999999999658
-9.770000000000024
10.757999999999477
-9.492000000000179
7.997000000001005
1.0299999999999974
-9.833999999999989
-6.696000000000571
-7.777000000000932
0.0
-0.004
0.0
0.0
0.0
-1.2729999999999706
4.80699999999994
9.298000000000286
30.012000000013696
0.5650000000000004
4.594999999999869
-5.607000000000207
10.166999999999804
-12.920999999998278
-5.917000000000311
-7.02200000000068
-6.796000000000604
1.522999999999943
15.56899999999681
5.956000000000324
5.133000000000049
9.32600000000027
9.564000000000139
2.724999999999811
5.655000000000223
6.751000000000589
-4.680999999999898
-2.359999999999851
-9.190000000000346
0.0
0.0
0.0
0.0
0.0
2.524999999999833
6.1620000000003925
-8.982000000000461
3.997999999999671
12.08699999999874
-2.2009999999998686
-0.3910000000000003
-2.132999999999876
-4.162999999999725
0.8990000000000007
-6.681000000000566
6.15400000000039
18.71599999999989
4.331999999999781
9.50700000000017
2.8819999999997936
-6.521000000000512
5.579000000000198
0.5520000000000004
7.036000000000684
-7.992000000001004
2.4729999999998387
-7.629000000000882
-1.4129999999999552
0.0
0.0
0.0
0.0
0.0
0.003
0.21800000000000017
3.239999999999754
-15.547999999996822
-10.017999999999887
-0.8610000000000007
11.730999999998938
12.605999999998453
5.848000000000288
3.2479999999997533
-0.8710000000000007
-28.688000000012078
6.7790000000005985
-0.001999999999999993
7.2010000000007395
8.158000000000918
7.073000000000697
-2.1999999999998687
-8.599000000000673
7.450000000000823
-5.16600000000006
-1.449999999999951
-2.4089999999998457
-1.3819999999999586
0.0
0.0
0.0
0.0
0.0
0.003
10.009999999999891
17.10399999999792
13.176999999998136
-2.159999999999873
-0.9770000000000008
-11.76199999999892
12.458999999998534
0.36000000000000026
-2.3399999999998533
-3.9079999999996806
13.094999999998182
-0.05700000000000004
-3.7999999999996925
8.93100000000049
-2.051999999999885
-1.2359999999999747
9.224000000000327
9.630000000000102
-5.206000000000073
2.2109999999998675
3.3729999999997395
0.0
0.0
0.0
0.0
0.0
0.0
0.0
0.0
11.910999999998838
12.60999999999845
12.759999999998367
16.77699999999752
23.283000000005472
1.069999999999993
6.777000000000598
2.46099999999984
-5.1260000000000465
24.504000000006965
2.0109999999998895
12.360999999998588
-7.664000000000894
-5.061000000000025
11.379999999999132
7.496000000000838
3.6739999999997064
11.854999999998869
-0.6320000000000005
5.065000000000026
5.065000000000026
0.0
0.0
0.0
0.0
0.0
0.0
0.0
0.0
0.0
2.6909999999998147
-7.3090000000007755
-5.34600000000012
9.096000000000398
9.888999999999958
13.824999999997777
2.0299999999998875
-9.161000000000362
14.950999999997153
14.863999999997201
-6.376000000000464
-6.360000000000459
-4.678999999999897
-12.585999999998464
2.7839999999998044
10.324999999999717
10.324999999999717
3.4109999999997354
5.065000000000026
0.0
0.0
0.0
0.0
0.0
0.0
0.0
0.0
0.0
0.0
0.0
0.0
0.0
-0.001
-0.001
-0.004
9.989999999999903
8.050000000000978
1.6039999999999341
1.6129999999999332
-0.5940000000000005
4.151999999999721
1.1539999999999837
1.1559999999999835
3.3659999999997403
5.065000000000026
5.065000000000026
5.065000000000026
0.0
0.0
0.0
0.0
0.0
0.0
0.0
0.0
