-225.77100000071397
0.0
0.0
0.0
0.0
0.0
0.0
0.0
0.0
0.0
0.0
0.0
0.0
0.0
0.0
0.0
0.0
0.0
0.0
0.0
0.0
0.0
0.0
0.0
0.0
0.0
0.0
0.0
0.0
0.0
0.0
0.0
0.0
0.0
0.0
0.0
0.0
0.0
0.0
0.0
0.0
0.0
0.0
0.0
0.0
0.0
0.0
0.0
0.0
0.0
0.0
0.0
0.0
0.0
0.0
0.0
0.0
0.0
0.0
0.0
0.0
0.0
0.0
0.0
0.0
0.0
0.0
0.0
-0.001
-0.001
-1.3919999999999575
-1.3919999999999575
-1.3919999999999575
-1.3919999999999575
-1.3919999999999575
0.0
0.0
0.0
0.0
0.0
0.0
0.0
0.0
0.0
0.0
0.0
0.0
0.0
0.0
0.0
0.0
0.0
0.0
0.0
-0.6180000000000004
-0.6200000000000004
-6.461000000000492
2.387999999999848
2.3819999999998487
1.1859999999999802
1.260999999999972
10.33799999999971
4.174999999999729
3.594999999999715
1.5379999999999414
6.941000000000653
2.7209999999998113
2.7279999999998106
2.73199999999981
0.006
-0.002
0.0
0.0
0.0
0.0
0.0
0.0
0.0
0.0
0.0
0.0
0.4030000000000003
-6.81400000000061
-3.1569999999997633
5.273000000000096
-0.3960000000000003
4.122999999999712
-1.3399999999999632
2.495999999999836
2.8569999999997964
11.14899999999926
-4.424999999999812
4.430999999999814
8.464000000000748
4.127999999999713
1.6669999999999272
-1.7549999999999175
-4.32699999999978
-5.498000000000171
-0.4930000000000004
0.5240000000000004
-0.001
0.0
0.0
0.0
0.0
0.0
0.0
0.0
3.930999999999678
5.822000000000279
1.396999999999957
3.3459999999997425
1.632999999999931
-0.3950000000000003
-1.3759999999999593
4.834999999999949
-4.56799999999986
2.476999999999838
-1.4649999999999495
6.7490000000005885
1.495999999999946
0.25200000000000017
-4.617999999999877
-1.4129999999999552
-5.0960000000000365
-3.7569999999996972
-10.542999999999596
-4.725999999999913
-5.297000000000104
-2.8759999999997943
-0.001
0.0
0.0
0.0
0.0
0.0
0.0
3.930999999999678
1.9189999999998995
2.059999999999884
-2.325999999999855
7.877000000000965
5.546000000000187
1.8729999999999045
3.8349999999996887
0.1550000000000001
2.5909999999998257
-4.510999999999841
10.496999999999622
2.407999999999846
5.956000000000324
5.6500000000002215
3.896999999999682
5.85500000000029
2.2129999999998673
-0.48100000000000037
-0.43600000000000033
-8.826000000000548
-4.959999999999991
-0.002
0.0
0.0
0.0
0.0
0.004
0.0
3.7539999999996976
1.6899999999999247
-2.8279999999997996
-0.5970000000000004
0.8610000000000007
4.940999999999985
3.179999999999761
-7.511000000000843
5.772000000000262
10.459999999999642
-5.663000000000226
8.849000000000535
-4.444999999999819
-8.105000000000947
4.373999999999795
3.4459999999997315
-1.4079999999999557
1.5819999999999366
0.2730000000000002
-0.33200000000000024
2.9569999999997854
-4.95799999999999
-2.086999999999881
0.0
0.0
0.0
0.0
0.0
0.0
-0.1230000000000001
3.778999999999695
1.1839999999999804
9.335000000000266
-3.2009999999997585
-11.559999999999032
-5.351000000000122
6.942000000000653
0.008
-0.20400000000000015
-8.760000000000584
-2.8579999999997963
11.990999999998794
10.886999999999405
0.4300000000000003
-13.182999999998133
1.8969999999999019
-2.0829999999998816
7.006000000000674
-0.11700000000000009
4.160999999999724
-3.4889999999997268
-2.0849999999998814
0.0
0.0
0.0
0.0
0.0
0.002
6.69300000000057
2.570999999999828
-7.1950000000007375
16.45799999999713
-3.921999999999679
5.186000000000067
-2.6369999999998206
-7.7850000000009345
-6.293000000000436
-1.923999999999899
6.954000000000657
-1.587999999999936
18.266999999999342
1.5519999999999399
3.3439999999997427
-3.723999999999701
-2.723999999999811
-0.47500000000000037
1.604999999999934
-2.9359999999997877
-1.8929999999999023
-1.404999999999956
-0.007
0.0
0.0
0.0
0.0
0.0
0.002
6.6890000000005685
4.6079999999998735
3.7559999999996974
0.04300000000000003
-4.62699999999988
-0.1410000000000001
0.3750000000000003
-6.1170000000003775
-2.325999999999855
-0.6910000000000005
-4.5329999999998485
-1.7389999999999193
0.3990000000000003
18.64999999999981
2.2679999999998612
9.047000000000425
1.750999999999918
-7.405000000000808
-3.36999999999974
-8.970000000000468
-4.6379999999998835
-0.003
0.0
0.0
0.0
0.0
0.0
0.0
0.0
4.0899999999997005
2.0659999999998835
-5.953000000000323
-2.1039999999998793
-1.859999999999906
-1.6849999999999252
-6.0840000000003664
-4.134999999999716
-1.2079999999999778
3.114999999999768
8.377000000000796
11.541999999999042
-1.2279999999999756
16.110999999996707
-4.585999999999866
-0.9380000000000007
3.0369999999997765
-0.9220000000000007
5.091000000000035
-7.611000000000876
-3.558999999999719
-1.1089999999999887
0.0
0.0
0.0
0.0
0.0
0.0
0.0
-2.5449999999998307
-4.56699999999986
-5.949000000000321
-1.313999999999966
-3.7019999999997033
-2.4089999999998457
5.543000000000186
-0.8540000000000006
3.3569999999997413
-0.04300000000000003
2.9749999999997834
0.8500000000000006
11.567999999999028
6.819000000000612
10.145999999999816
9.70500000000006
-0.22200000000000017
3.659999999999708
-5.43700000000015
-6.628000000000548
-3.7919999999996934
-1.1089999999999887
0.0
0.0
0.0
0.0
0.0
0.0
0.0
-2.5449999999998307
-4.575999999999863
-5.1500000000000545
1.1189999999999876
3.1379999999997654
-4.184999999999732
-3.6839999999997053
2.3569999999998514
-0.023000000000000013
2.022999999999888
7.020000000000679
10.13799999999982
3.6079999999997137
-2.7989999999998028
9.283000000000294
1.2019999999999784
3.9349999999996776
6.451000000000489
-0.35700000000000026
-1.714999999999922
1.7579999999999172
-0.036000000000000025
0.0
0.0
0.0
0.0
0.0
0.0
0.0
-2.5449999999998307
-2.5449999999998307
-0.5740000000000004
0.2730000000000002
-3.739999999999699
-11.2569999999992
1.54999999999994
-4.6409999999998846
-0.6610000000000005
3.9799999999996727
-4.939999999999984
1.2129999999999772
13.995999999997682
2.5569999999998294
11.269999999999193
-5.059000000000024
0.9950000000000007
0.2410000000000002
1.2289999999999754
-3.8929999999996823
1.1379999999999855
4.89599999999997
-0.022000000000000013
-0.022000000000000013
0.0
0.0
0.0
0.0
0.0
-2.624999999999822
5.85600000000029
-2.7129999999998122
-1.5469999999999404
-2.7929999999998034
0.9200000000000007
4.739999999999918
0.6140000000000004
3.1759999999997612
7.433000000000817
-1.259999999999972
5.1620000000000585
-3.4909999999997265
8.15400000000092
-4.368999999999794
-4.83599999999995
2.877999999999794
-0.5430000000000004
5.46600000000016
-6.068000000000361
1.859999999999906
3.7909999999996935
0.0
1.7439999999999187
0.0
0.0
0.0
0.0
3.194999999999759
3.1169999999997677
9.685000000000072
1.0859999999999912
3.5719999999997176
-1.0089999999999997
-5.1740000000000625
1.042999999999996
5.818000000000278
2.833999999999799
-7.790000000000936
-6.332000000000449
3.0849999999997713
2.7179999999998117
5.383000000000132
2.340999999999853
3.4909999999997265
3.8259999999996896
5.442000000000152
-7.962000000000994
-4.542999999999852
-4.384999999999799
3.784999999999694
-0.6180000000000004
0.0
0.0
0.0
0.0
0.0
3.194999999999759
3.7189999999997014
6.339000000000452
3.387999999999738
-0.8710000000000007
0.2740000000000002
-8.369000000000801
-1.0639999999999936
-12.833999999998326
-2.168999999999872
-4.075999999999696
-0.8230000000000006
-4.307999999999773
2.0199999999998886
3.177999999999761
7.95100000000099
3.2099999999997575
2.2109999999998675
4.833999999999949
-8.76700000000058
2.652999999999819
-4.650999999999888
3.5169999999997237
-0.6180000000000004
0.0
0.0
0.0
0.0
0.0
3.1939999999997593
3.8089999999996915
13.648999999997875
7.314000000000777
5.846000000000287
-13.355999999998037
-10.021999999999885
-1.168999999999982
-1.6559999999999284
2.0469999999998856
-12.238999999998656
3.376999999999739
-10.06599999999986
7.096000000000704
5.131000000000048
-1.0439999999999958
-1.5799999999999368
-1.1639999999999826
-2.4909999999998367
-2.134999999999876
6.6140000000005434
-4.432999999999815
0.44500000000000034
-2.18799999999987
0.0
-2.340999999999853
0.0
0.0
0.0
1.6729999999999265
1.6729999999999265
13.322999999998055
5.643000000000219
1.8809999999999036
-0.23000000000000018
4.555999999999856
-1.9379999999998974
-13.770999999997807
-6.863000000000627
4.5509999999998545
-1.2129999999999772
0.8030000000000006
-0.9580000000000007
6.067000000000361
-8.360000000000806
-8.383000000000793
5.888000000000301
0.4930000000000004
-2.8169999999998008
-0.7240000000000005
-2.36999999999985
-4.174999999999729
-3.6839999999997053
0.0
-2.340999999999853
0.0
0.0
0.0
1.6719999999999267
1.6799999999999258
4.639999999999884
-2.4399999999998423
1.6489999999999292
10.529999999999603
1.0859999999999912
5.331000000000115
-4.671999999999895
-2.3309999999998543
-1.9069999999999008
-1.2269999999999757
-6.115000000000377
0.9880000000000008
0.9990000000000007
5.113000000000042
8.17200000000091
1.0769999999999922
9.713000000000056
2.587999999999826
7.417000000000812
0.8260000000000006
-4.629999999999881
-7.115000000000711
0.0
0.0
0.0
0.0
0.0
1.6719999999999267
1.6659999999999273
-2.9659999999997844
-0.4240000000000003
4.783999999999932
0.43800000000000033
1.423999999999954
2.9539999999997857
-3.7469999999996983
-2.404999999999846
-6.587000000000534
3.1389999999997653
9.278000000000297
8.954000000000477
5.343000000000119
0.16100000000000012
-2.1129999999998783
3.45799999999973
-3.196999999999759
5.873000000000296
-4.140999999999718
3.442999999999732
-10.520999999999608
-3.430999999999733
0.0
0.0
0.0
0.0
0.0
0.0
0.002
0.5310000000000004
-7.44300000000082
7.684000000000901
-3.739999999999699
-0.21100000000000016
0.9190000000000007
2.634999999999821
-2.0839999999998815
4.235999999999749
-7.50200000000084
0.8770000000000007
0.012000000000000004
6.745000000000587
-0.8090000000000006
5.972000000000329
3.4189999999997345
-9.735000000000044
-1.4649999999999495
-0.9370000000000007
-4.079999999999697
-5.025000000000013
-3.430999999999733
0.0
0.0
0.0
0.0
0.0
0.0
8.476000000000742
10.199999999999786
5.344000000000119
-3.7839999999996943
-0.16700000000000012
-3.9179999999996795
-1.3659999999999604
1.2759999999999703
6.700000000000572
0.35600000000000026
7.0840000000007
5.294000000000103
-9.185000000000349
-1.776999999999915
-2.0099999999998897
2.078999999999882
4.158999999999724
10.061999999999863
-0.9430000000000007
-5.609000000000208
-0.005
0.0
0.0
0.0
0.0
0.0
0.0
0.0
0.0
8.475000000000742
5.399000000000138
6.113000000000376
2.251999999999863
22.326000000004303
3.711999999999702
7.013000000000677
5.6050000000002065
3.3009999999997475
15.391999999996909
-0.8510000000000006
5.867000000000294
2.042999999999886
-7.760000000000926
3.0989999999997697
2.7839999999998044
3.9369999999996774
1.0219999999999982
-5.389000000000134
-1.8209999999999102
-0.001
0.0
0.0
0.0
0.0
0.0
0.0
0.0
0.0
0.001
0.001
0.001
0.002
3.9109999999996803
7.0840000000007
2.114999999999878
-3.841999999999688
-7.23200000000075
6.669000000000562
2.633999999999821
1.0319999999999971
-9.568000000000136
-6.7850000000006006
1.8129999999999111
4.804999999999939
2.561999999999829
2.561999999999829
-2.6199999999998225
-1.8179999999999106
0.0
0.0
0.0
0.0
0.0
0.0
0.0
0.0
0.0
0.0
0.0
0.0
0.0
-0.003
-0.003
-0.003
-0.005
-0.009000000000000001
-1.9149999999999
-1.9109999999999003
-0.7020000000000005
-0.003
-0.003
-0.003
0.0
0.0
0.0
0.0
0.0
0.0
0.0
0.0
0.0
0.0
0.0
0.0
