-388.5109999977248
0.0
0.0
0.0
0.0
0.0
0.0
0.0
0.0
0.0
0.0
0.0
0.0
0.0
0.0
0.0
0.0
0.0
0.0
0.0
0.0
0.0
0.0
0.0
0.0
0.0
0.0
0.0
0.0
0.0
0.0
0.0
0.0
0.0
0.0
0.0
0.0
0.0
0.0
0.0
0.0
0.0
0.0
0.0
0.0
0.0
0.0
0.0
0.0
0.0
0.0
0.0
0.0
0.0
0.0
0.0
0.0
0.0
0.0
0.0
0.0
0.0
0.0
0.0
0.0
0.0
-0.002
-0.002
-0.002
-0.002
-0.003
-0.003
-0.001
-0.001
-0.002
-0.001
-0.001
0.0
0.0
0.0
0.0
0.0
0.0
0.0
0.0
0.0
0.0
0.0
0.0
0.0
0.0
0.0
0.0
-0.34400000000000025
-0.34400000000000025
-0.34800000000000025
-8.962000000000472
5.55600000000019
5.5420000000001854
-1.3989999999999567
-3.4719999999997286
14.689999999997298
6.878000000000632
6.883000000000633
2.541999999999831
8.580000000000684
0.07700000000000005
-0.8490000000000006
-0.5550000000000004
-0.5500000000000004
0.0
0.0
0.0
0.0
0.0
0.0
0.0
0.0
0.0
0.0
0.0
-0.3110000000000002
-1.5349999999999417
3.831999999999689
12.469999999998528
3.5819999999997165
3.8179999999996905
-7.194000000000737
0.02800000000000001
8.257000000000863
19.964000000001416
-15.73299999999672
13.310999999998062
13.366999999998031
20.2780000000018
2.5399999999998313
-1.7579999999999172
-10.008999999999892
-12.987999999998241
-6.7520000000005895
-6.251000000000422
0.0
0.0
0.0
0.0
0.0
0.0
0.0
0.0
6.063000000000359
3.9439999999996767
-0.6650000000000005
7.792000000000937
0.8250000000000006
-12.75499999999837
-1.8309999999999091
20.944000000002614
-1.2559999999999725
4.283999999999765
2.2559999999998626
1.2129999999999772
1.169999999999982
1.27899999999997
-10.136999999999821
-3.106999999999769
3.775999999999695
-8.26200000000086
-3.330999999999744
1.9279999999998985
-4.947999999999987
-4.02799999999968
-0.014000000000000005
0.0
0.0
0.0
0.0
0.0
0.0
15.751999999996709
8.080000000000961
4.978999999999997
-3.7369999999996995
15.499999999996849
4.163999999999725
-3.3109999999997464
12.911999999998283
13.267999999998086
5.041000000000018
-3.1359999999997656
9.894999999999955
-5.215000000000076
19.807000000001224
5.5850000000002
-0.11000000000000007
-3.4209999999997343
5.898000000000304
2.91299999999979
-8.706000000000614
-8.35400000000081
-4.443999999999819
-0.4240000000000003
-0.4060000000000003
0.0
0.0
0.0
1.18799999999998
-0.001
7.05300000000069
10.767999999999471
-0.7440000000000007
12.172999999998693
14.730999999997275
4.073999999999695
6.532000000000516
-5.013000000000009
-8.681000000000628
11.405999999999118
-4.5179999999998435
10.597999999999566
1.7529999999999177
3.013999999999779
11.52799999999905
3.1089999999997686
-0.6500000000000005
-2.387999999999848
-2.55299999999983
-0.055000000000000035
4.230999999999748
-4.444999999999819
-0.4240000000000003
0.0
0.0
0.0
0.0
0.0
-1.1769999999999812
9.818999999999997
10.798999999999454
-4.099999999999704
9.064000000000416
-6.690000000000569
-18.70799999999988
-5.029000000000014
12.50099999999851
-0.7480000000000006
1.4629999999999497
-3.3449999999997426
8.796000000000564
2.314999999999856
9.069000000000413
-5.326000000000113
-8.880000000000518
-8.700000000000617
13.857999999997759
7.578000000000865
6.479000000000498
2.9479999999997863
-3.605999999999714
-0.005
0.0
0.0
0.0
0.0
0.0
-1.1759999999999813
18.515999999999647
13.252999999998094
-11.015999999999334
21.027000000002715
-4.141999999999718
4.012999999999675
-8.13700000000093
-10.286999999999738
-10.006999999999893
-2.178999999999871
12.28699999999863
-4.325999999999779
30.53900000001434
5.510000000000175
16.664999999997384
-4.383999999999799
7.56300000000086
9.663000000000084
9.632000000000101
3.040999999999776
-3.8099999999996914
-3.2029999999997583
0.0
0.0
0.0
0.0
0.0
0.0
-1.1769999999999812
8.51500000000072
5.082000000000032
6.75300000000059
-7.280000000000766
-8.48000000000074
9.763000000000028
1.859999999999906
-5.5810000000001985
-11.488999999999072
-4.5059999999998395
-10.388999999999681
1.4389999999999523
10.128999999999825
20.40000000000195
-3.966999999999674
8.431000000000767
2.0009999999998906
-4.0179999999996765
-6.031000000000349
-13.465999999997976
-3.414999999999735
-0.007
0.0
0.0
0.0
0.0
0.0
0.0
-1.1769999999999812
8.512000000000722
5.116000000000043
-6.137000000000384
-9.932999999999934
-14.74099999999727
2.7099999999998126
-12.189999999998683
-16.352999999997003
-0.5870000000000004
6.869000000000629
14.912999999997174
23.587000000005844
-3.6919999999997044
16.74199999999748
-0.10100000000000008
-12.728999999998384
1.1279999999999866
8.164000000000915
1.5219999999999432
-11.594999999999013
2.016999999999889
-3.0279999999997775
0.0
0.0
0.0
0.0
0.0
0.0
-1.1769999999999812
-1.505999999999945
-4.887999999999967
-5.04700000000002
-8.838000000000541
-6.2340000000004165
-6.355000000000457
4.066999999999693
-5.431000000000148
17.533999999998446
-5.023000000000012
-2.3859999999998482
4.620999999999878
17.296999999998157
13.564999999997921
25.626000000008336
13.202999999998122
-5.201000000000072
-6.778000000000598
-4.395999999999803
-7.308000000000775
-0.45900000000000035
-3.0279999999997775
0.0
0.0
0.0
0.0
0.0
0.0
0.0
-0.32900000000000024
-3.322999999999745
-0.7190000000000005
9.244000000000316
-4.95799999999999
-8.175000000000908
0.44200000000000034
7.706000000000908
3.0259999999997778
0.1400000000000001
17.108999999997927
3.384999999999738
2.6579999999998183
-1.1039999999999892
12.423999999998554
7.444000000000821
7.615000000000878
7.126000000000714
2.6749999999998164
10.378999999999687
-2.0129999999998893
-1.0050000000000001
0.0
0.0
0.0
0.0
0.0
0.0
0.0
-0.33100000000000024
-0.6390000000000005
7.044000000000687
0.8000000000000006
-10.400999999999675
-2.480999999999838
4.449999999999821
-7.585000000000868
2.1119999999998784
15.156999999997039
-2.296999999999858
9.21800000000033
16.190999999996805
-12.46799999999853
7.332000000000783
-10.82399999999944
-2.524999999999833
6.311000000000442
4.683999999999899
7.554000000000857
-4.5899999999998675
3.660999999999708
0.0
0.0
0.0
0.0
0.0
0.0
0.0
-1.6549999999999285
-1.6529999999999287
4.881999999999965
5.724000000000246
-14.311999999997507
-1.8699999999999048
10.447999999999649
-2.1859999999998703
-3.177999999999761
11.731999999998937
10.233999999999767
9.31000000000028
1.9699999999998938
12.061999999998754
-2.834999999999799
0.33700000000000024
5.722000000000246
-4.136999999999716
1.8039999999999121
-2.195999999999869
0.13500000000000012
2.298999999999858
0.0
1.6339999999999308
0.0
0.0
0.0
0.0
5.790000000000268
4.466999999999826
9.406000000000226
7.564000000000861
0.8860000000000007
2.470999999999839
-11.865999999998863
0.8280000000000006
-14.896999999997183
7.067000000000695
-3.0999999999997696
-18.357999999999453
10.5369999999996
11.892999999998848
-0.8750000000000007
3.3819999999997385
6.879000000000632
-1.2729999999999706
4.099999999999704
-7.325000000000781
-1.431999999999953
-10.509999999999614
2.2579999999998623
-1.4009999999999565
0.0
0.0
0.0
0.0
0.0
5.790000000000268
6.588000000000535
15.638999999996772
-2.1759999999998714
-10.683999999999518
-1.2839999999999694
-4.970999999999995
0.20600000000000016
-14.420999999997447
1.5009999999999455
-7.638000000000885
-5.933000000000316
-15.395999999996906
5.5750000000001965
3.3539999999997416
6.808000000000608
8.252000000000866
7.793000000000937
7.046000000000688
-12.026999999998774
16.30099999999694
-11.994999999998791
5.7130000000002426
-1.4009999999999565
0.0
0.0
0.0
0.0
0.0
5.789000000000268
10.579999999999576
13.73099999999783
-3.015999999999779
-0.016000000000000014
-7.904000000000974
-3.266999999999751
-9.83099999999999
-4.498999999999837
5.928000000000314
-16.07299999999666
4.451999999999821
-19.122000000000387
2.743999999999809
10.756999999999477
-6.1590000000003915
-3.805999999999692
5.149000000000054
-5.841000000000285
-6.848000000000622
8.499000000000729
-15.159999999997037
-0.32600000000000023
-1.3999999999999566
0.0
-0.002
0.0
0.0
0.0
1.1939999999999793
4.74799999999992
8.104000000000948
-1.3799999999999588
5.700000000000238
8.283000000000849
-0.6110000000000005
-1.9009999999999014
-39.36899999999895
-9.614000000000111
14.187999999997576
-2.1299999999998764
6.7550000000005905
16.618999999997328
0.022000000000000006
-5.834000000000283
-7.814000000000944
21.688000000003523
-11.287999999999183
10.492999999999624
8.471000000000744
-3.1999999999997586
-1.9899999999998916
-5.5990000000002045
0.0
-0.002
0.0
0.0
0.0
1.2039999999999782
5.432000000000149
16.756999999997497
10.000999999999896
0.6430000000000005
16.12099999999672
0.1440000000000001
9.300000000000285
-7.418000000000812
-10.551999999999591
-2.8759999999997943
-9.59900000000012
0.9870000000000008
13.40499999999801
4.881999999999965
1.0909999999999906
9.915999999999944
3.622999999999712
5.984000000000333
1.0759999999999923
9.48900000000018
-4.780999999999931
-3.632999999999711
-7.7520000000009235
0.0
0.0
0.0
0.0
0.0
1.2029999999999783
3.8619999999996857
-6.1650000000003935
1.1769999999999812
1.7399999999999192
-2.658999999999818
2.91499999999979
8.15300000000092
-11.862999999998864
0.45700000000000035
-5.16600000000006
4.210999999999741
8.146000000000925
8.746000000000592
7.515000000000844
-1.3279999999999645
-7.793000000000937
8.776000000000575
-15.650999999996765
6.089000000000368
-3.866999999999685
3.7089999999997025
-10.776999999999466
-2.152999999999874
0.0
0.0
0.0
0.0
0.0
0.009000000000000001
0.02000000000000001
4.812999999999942
-18.424999999999535
8.80500000000056
-1.3719999999999597
5.756000000000257
13.27899999999808
10.507999999999615
-8.428000000000768
-2.516999999999834
-23.365000000005573
-3.868999999999685
15.339999999996937
8.826000000000548
2.1859999999998703
3.1179999999997676
12.219999999998667
-16.229999999996853
4.658999999999891
-3.7439999999996987
0.011000000000000003
-5.1680000000000605
-2.152999999999874
0.0
0.0
0.0
0.0
0.0
0.0
9.649000000000092
11.859999999998866
10.161999999999807
-4.464999999999826
-5.140000000000051
-1.4159999999999549
7.603000000000874
2.4289999999998435
3.812999999999691
-4.14799999999972
17.836999999998817
15.01199999999712
-14.55899999999737
4.307999999999773
5.625000000000213
-6.461000000000492
13.148999999998152
8.179000000000906
-3.204999999999758
5.491000000000168
6.137000000000384
0.0
0.0
0.0
0.0
0.0
0.0
0.0
0.0
9.649000000000092
8.919000000000496
11.857999999998867
11.854999999998869
19.046000000000294
1.1359999999999857
5.912000000000309
-2.959999999999785
2.2039999999998683
15.140999999997048
-1.6359999999999306
11.36699999999914
-2.9459999999997866
-10.628999999999548
6.521000000000512
9.70500000000006
12.221999999998665
12.341999999998599
-2.343999999999853
5.806000000000274
6.137000000000384
0.0
0.0
0.0
0.0
0.0
0.0
0.0
0.0
0.003
0.003
-7.946000000000988
-5.6740000000002295
8.792000000000566
11.591999999999015
9.429000000000213
-1.5609999999999389
-12.883999999998299
10.545999999999594
9.241000000000318
0.5450000000000004
-7.342000000000787
-5.13700000000005
-4.725999999999913
6.90200000000064
7.47300000000083
7.476000000000831
-1.4929999999999464
6.591000000000536
0.0
0.0
0.0
0.0
0.0
0.0
0.0
0.0
0.0
0.0
0.0
0.0
0.0
0.0
0.0
-0.002
-0.011000000000000003
-1.2039999999999782
-1.5339999999999419
-1.5249999999999428
0.7950000000000006
-3.484999999999727
2.2669999999998613
2.268999999999861
2.2679999999998612
6.590000000000535
6.590000000000535
6.590000000000535
0.0
0.0
0.0
0.0
0.0
0.0
0.0
0.0
