-8.400000000000784
0.0
0.0
0.0
0.0
0.0
0.0
0.0
0.0
0.0
0.0
0.0
0.0
0.0
0.0
0.0
0.0
0.0
0.0
0.0
0.0
0.0
0.0
0.0
0.0
0.0
0.0
0.0
0.0
0.0
0.0
0.0
0.0
0.0
0.0
0.0
0.0
0.0
0.0
0.0
0.0
0.0
0.0
0.0
0.0
0.0
0.0
0.0
0.0
0.0
0.0
0.0
0.0
0.0
0.0
0.0
0.0
0.0
0.0
0.0
0.0
0.0
0.0
0.0
0.0
0.0
0.0
0.0
0.0
0.0
0.0
0.0
0.0
0.0
-0.001
-0.001
-0.001
0.0
0.0
0.0
0.0
0.0
0.0
0.0
0.0
0.0
0.0
0.0
0.0
0.0
0.0
0.0
0.0
-0.003
-0.10600000000000008
-0.10700000000000008
-0.1300000000000001
-0.01800000000000001
-0.04500000000000003
0.05100000000000004
0.04200000000000003
-0.05100000000000004
0.08700000000000006
0.08600000000000006
0.35400000000000026
0.35200000000000026
0.10700000000000008
0.11400000000000009
0.2630000000000002
-0.006
-0.005
0.0
0.0
0.0
0.0
0.0
0.0
0.0
0.0
0.0
0.0
0.011000000000000003
-0.060000000000000046
-0.057000000000000044
-0.07000000000000005
0.011000000000000003
0.17000000000000012
0.1210000000000001
-0.21200000000000016
0.08300000000000006
0.2690000000000002
-0.2860000000000002
0.08300000000000006
0.16600000000000012
0.35900000000000026
0.12000000000000009
-0.12200000000000008
-0.22100000000000017
0.035000000000000024
0.06500000000000004
-0.10800000000000008
-0.002
0.0
0.0
0.0
0.0
0.0
0.0
0.0
0.05000000000000004
-0.05100000000000004
-0.09600000000000007
0.014000000000000005
-0.03400000000000002
-0.012000000000000004
0.08900000000000007
0.33100000000000024
0.21800000000000017
0.17200000000000013
-0.22300000000000017
-0.02900000000000002
0.1470000000000001
0.1570000000000001
-0.22200000000000017
-0.1490000000000001
-0.05900000000000004
-0.04400000000000003
-0.1500000000000001
-0.1350000000000001
-0.047000000000000035
-0.03000000000000002
-0.002
0.0
0.0
0.0
0.0
0.0
0.0
0.33800000000000024
0.16800000000000012
0.1570000000000001
0.1330000000000001
0.16700000000000012
0.08800000000000006
-0.09700000000000007
0.17600000000000013
-0.03300000000000002
0.34300000000000025
-0.003
0.4250000000000003
0.23500000000000018
0.18400000000000014
-0.04500000000000003
0.1360000000000001
0.026000000000000016
0.1430000000000001
0.03200000000000002
-0.012000000000000004
-0.3090000000000002
-0.04400000000000003
-0.014000000000000005
0.0
0.0
0.0
0.0
0.036000000000000025
0.0
0.20000000000000015
0.3010000000000002
0.1460000000000001
0.2420000000000002
0.25000000000000017
0.23900000000000018
0.06500000000000004
-0.19400000000000014
0.07100000000000005
0.10200000000000008
-0.21200000000000016
-0.013000000000000005
0.05900000000000004
-0.008
0.023000000000000013
-0.09900000000000007
-0.09600000000000007
-0.08400000000000006
-0.025000000000000015
-0.046000000000000034
0.17000000000000012
-0.03900000000000003
-0.013000000000000005
0.0
0.0
0.0
0.0
0.0
-0.016000000000000007
0.4030000000000003
0.35700000000000026
0.014000000000000005
0.03400000000000002
-0.05400000000000004
-0.09300000000000007
-0.09400000000000007
0.1370000000000001
0.01800000000000001
-0.010000000000000002
0.04500000000000003
0.20000000000000015
0.03800000000000003
0.3060000000000002
0.22500000000000017
-0.1430000000000001
-0.07300000000000005
0.2900000000000002
0.03000000000000002
-0.05000000000000004
-0.046000000000000034
-0.09200000000000007
-0.006
0.0
0.0
0.0
0.0
0.0
-0.012000000000000004
0.4240000000000003
0.33700000000000024
-0.005
0.3160000000000002
-0.18900000000000014
-0.06900000000000005
0.09700000000000007
-0.10100000000000008
-0.2630000000000002
-0.1580000000000001
0.44700000000000034
-0.21200000000000016
0.5780000000000004
0.09200000000000007
0.10200000000000008
-0.20300000000000015
0.10200000000000008
0.20900000000000016
0.002
0.07600000000000005
0.004
-0.1310000000000001
-0.048000000000000036
0.0
0.0
0.0
0.0
0.0
-0.012000000000000004
0.1530000000000001
0.05000000000000004
0.1240000000000001
0.19900000000000015
-0.05700000000000004
0.44600000000000034
-0.5120000000000003
0.1350000000000001
-0.35400000000000026
-0.024000000000000014
-0.11000000000000008
-0.03400000000000002
-0.05200000000000003
0.5550000000000004
0.2670000000000002
0.17800000000000013
0.36400000000000027
-0.18600000000000014
-0.08700000000000006
0.1420000000000001
0.05100000000000004
-0.05100000000000004
-0.007
0.0
0.0
0.0
0.0
0.0
-0.017000000000000008
0.1490000000000001
-0.08300000000000006
-0.11100000000000008
-0.23700000000000018
-0.35800000000000026
0.04400000000000003
-0.07000000000000005
-0.35000000000000026
0.03400000000000002
-0.1340000000000001
0.4940000000000004
0.43400000000000033
-0.03200000000000002
0.4020000000000003
-0.06300000000000004
-0.3140000000000002
-0.1560000000000001
0.005
0.002
0.09300000000000007
-0.09500000000000007
-0.006
-0.006
0.0
0.0
0.0
0.0
0.0
-0.017000000000000008
-0.01800000000000001
-0.22900000000000018
-0.18400000000000014
-0.22400000000000017
-0.2940000000000002
-0.25200000000000017
0.035000000000000024
-0.25200000000000017
0.21300000000000016
0.1230000000000001
0.09900000000000007
-0.2950000000000002
0.19900000000000015
0.20900000000000016
0.2750000000000002
0.2860000000000002
-0.025000000000000015
-0.16100000000000012
-0.1440000000000001
-0.23700000000000018
-0.11000000000000008
0.0
0.0
0.0
0.0
0.0
0.0
0.0
0.0
-0.002
-0.06200000000000004
-0.17300000000000013
0.35900000000000026
-0.1310000000000001
-0.05600000000000004
0.06500000000000004
0.07600000000000005
0.18700000000000014
-0.06200000000000004
0.5330000000000004
0.47600000000000037
0.4210000000000003
0.10600000000000008
-0.03200000000000002
0.19300000000000014
0.09100000000000007
0.09700000000000007
-0.03100000000000002
0.06700000000000005
-0.04200000000000003
-0.028000000000000018
0.0
0.0
0.0
0.0
0.0
0.0
0.0
-0.003
0.003
-0.22100000000000017
0.34800000000000025
-0.23800000000000018
0.04900000000000004
0.1550000000000001
-0.009000000000000001
0.004
0.2770000000000002
-0.05300000000000004
0.20300000000000015
0.34100000000000025
-0.20700000000000016
-0.1590000000000001
0.005
0.32200000000000023
-0.06300000000000004
0.04500000000000003
-0.03900000000000003
-0.2650000000000002
0.06400000000000004
-0.11800000000000009
-0.11800000000000009
0.0
0.0
0.0
0.0
0.0
-0.006
0.35100000000000026
-0.33500000000000024
-0.16900000000000012
0.03800000000000003
-0.03400000000000002
0.06900000000000005
0.04500000000000003
-0.024000000000000014
0.1470000000000001
0.3070000000000002
0.06800000000000005
-0.03200000000000002
0.1430000000000001
0.23700000000000018
0.25200000000000017
0.048000000000000036
-0.4190000000000003
0.022000000000000013
0.1220000000000001
-0.16300000000000012
0.06700000000000005
0.0
0.005
0.0
0.0
0.0
0.0
0.04200000000000003
0.04500000000000003
0.11700000000000009
0.06800000000000005
0.011000000000000003
-0.33900000000000025
-0.3050000000000002
0.5380000000000004
-0.07400000000000005
-0.07500000000000005
0.17400000000000013
-0.2650000000000002
-0.023000000000000013
0.20000000000000015
0.013000000000000005
-0.06700000000000005
0.1370000000000001
-0.08600000000000006
0.20700000000000016
-0.1340000000000001
0.1510000000000001
-0.08100000000000006
-0.003
-0.10400000000000008
0.0
0.0
0.0
0.0
0.0
0.04200000000000003
0.08200000000000006
0.22000000000000017
0.19200000000000014
-0.2740000000000002
-0.05900000000000004
-0.03200000000000002
-0.017000000000000008
-0.3990000000000003
-0.23200000000000018
-0.09500000000000007
0.026000000000000016
-0.1360000000000001
-0.25600000000000017
0.3970000000000003
0.36900000000000027
0.3060000000000002
-0.11800000000000009
0.3000000000000002
-0.34500000000000025
0.22300000000000017
-0.4110000000000003
-0.10300000000000008
-0.10500000000000008
0.0
0.0
0.0
0.0
0.0
0.01800000000000001
0.036000000000000025
0.21900000000000017
0.1400000000000001
0.20400000000000015
-0.35000000000000026
-0.3060000000000002
-0.04300000000000003
0.10800000000000008
-0.04200000000000003
-0.21700000000000016
0.04200000000000003
-0.45700000000000035
0.11200000000000009
0.4100000000000003
-0.3720000000000003
-0.4090000000000003
0.22500000000000017
0.07400000000000005
-0.001
0.2990000000000002
-0.21400000000000016
-0.18500000000000014
-0.10400000000000008
0.0
0.0
0.0
0.0
0.0
-0.022000000000000013
0.023000000000000013
0.3850000000000003
0.1320000000000001
0.16300000000000012
0.2880000000000002
-0.03900000000000003
-0.18700000000000014
-0.5680000000000004
-0.11600000000000009
-0.1580000000000001
0.06100000000000004
0.2990000000000002
0.010999999999999996
-0.11600000000000009
-0.47400000000000037
-0.18500000000000014
-0.06000000000000004
-0.1540000000000001
0.19900000000000015
0.04500000000000003
-0.32400000000000023
-0.07300000000000005
-0.10500000000000008
0.0
0.0
0.0
0.0
0.0
0.023000000000000013
0.08000000000000006
0.05600000000000004
0.4160000000000003
0.028000000000000018
0.33100000000000024
0.10900000000000008
0.21900000000000017
-0.05900000000000004
-0.12700000000000009
0.06700000000000005
-0.17500000000000013
-0.1450000000000001
0.3830000000000003
0.34000000000000025
0.12800000000000009
0.25000000000000017
0.060000000000000046
0.20000000000000015
0.2700000000000002
0.18000000000000013
-0.17900000000000013
0.017000000000000008
-0.19000000000000014
0.0
0.0
0.0
0.0
0.0
0.002
0.06800000000000005
-0.017000000000000008
-0.08900000000000007
0.2700000000000002
-0.1550000000000001
0.004
0.21800000000000017
0.035000000000000024
-0.035000000000000024
-0.07500000000000005
0.18600000000000014
0.11500000000000009
0.17700000000000013
-0.05800000000000004
0.19100000000000014
-0.2940000000000002
0.05400000000000004
0.004
0.20800000000000016
-0.1370000000000001
0.04400000000000003
-0.16200000000000012
-0.08500000000000006
0.0
0.0
0.0
0.0
0.0
0.0
0.11800000000000009
-0.04400000000000003
-0.5840000000000004
0.04400000000000003
-0.19700000000000015
-0.04200000000000003
0.21000000000000016
0.1590000000000001
0.06600000000000004
0.057000000000000044
-0.2930000000000002
-0.05000000000000004
0.16000000000000011
0.18100000000000013
-0.05000000000000004
-0.003
-0.10700000000000008
-0.17400000000000013
0.2770000000000002
-0.1490000000000001
-0.06900000000000005
-0.12500000000000008
-0.06300000000000004
0.0
0.0
0.0
0.0
0.0
0.0
0.3070000000000002
0.3850000000000003
0.1400000000000001
0.09200000000000007
0.07500000000000005
-0.18800000000000014
-0.015000000000000006
0.19800000000000015
0.23500000000000018
-0.009000000000000001
0.17700000000000013
0.06900000000000005
-0.12500000000000008
0.16900000000000012
0.06700000000000005
-0.21600000000000016
-0.01900000000000001
0.21800000000000017
0.1350000000000001
-0.004
0.035000000000000024
0.0
-0.03300000000000002
0.0
0.0
0.0
0.0
0.0
0.0
0.2970000000000002
0.23900000000000018
0.2970000000000002
0.2570000000000002
0.4110000000000003
0.03400000000000002
0.17500000000000013
0.06400000000000004
0.32400000000000023
0.48000000000000037
-0.10700000000000008
0.09700000000000007
-0.11400000000000009
-0.08400000000000006
0.06700000000000005
-0.11800000000000009
0.03900000000000003
0.022000000000000013
0.037000000000000026
0.036000000000000025
0.06400000000000004
0.0
0.0
0.0
0.0
0.0
0.0
0.0
0.0
0.001
0.1330000000000001
-0.07000000000000005
-0.07800000000000006
0.2450000000000002
0.3850000000000003
0.18800000000000014
-0.22400000000000017
-0.10800000000000008
-0.10000000000000007
0.06300000000000004
0.047000000000000035
0.016000000000000007
0.09000000000000007
-0.1310000000000001
-0.011000000000000003
0.09200000000000007
0.09300000000000007
0.09400000000000007
0.09900000000000007
0.0
0.0
0.0
0.0
0.0
0.0
0.0
0.0
0.0
0.0
0.0
0.0
-0.001
-0.001
-0.010000000000000002
-0.012000000000000004
0.3150000000000002
0.2470000000000002
0.18400000000000014
0.18400000000000014
0.2480000000000002
0.22100000000000017
0.03300000000000002
0.002
0.08600000000000006
0.11800000000000009
0.11900000000000009
0.11900000000000009
0.0
0.0
0.0
0.0
0.0
0.0
0.0
0.0
