-1579.9019999695522
0.0
0.0
0.0
0.0
0.0
0.0
0.0
0.0
0.0
0.0
0.0
0.0
0.0
0.0
0.0
0.0
0.0
0.0
0.0
0.0
0.0
0.0
0.0
0.0
0.0
0.0
0.0
0.0
0.0
0.0
0.0
0.0
0.0
0.0
0.0
0.0
0.0
0.0
0.0
0.0
0.0
0.0
0.0
0.0
0.0
0.0
0.0
0.0
0.0
0.0
0.0
0.0
0.0
0.0
0.0
0.0
0.0
0.0
0.0
0.0
0.0
0.0
0.0
0.0
0.0
0.0
0.0
0.0
0.0
0.0
0.0
0.0
0.0
0.0
-0.001
-0.001
-0.001
0.0
0.0
0.0
0.0
0.0
0.0
0.0
0.0
0.0
0.0
0.0
0.0
0.0
0.0
0.0
-1.5039999999999452
-11.512999999999058
-11.514999999999057
-43.38499999998959
-1.64099999999993
-1.64099999999993
-9.97699999999991
9.116000000000387
44.308999999987435
40.6779999999959
40.66799999999592
16.81599999999757
56.08999999995998
21.770000000003623
27.605000000010754
29.997000000013678
0.002
0.0
0.0
0.0
0.0
0.0
0.0
0.0
0.0
0.0
0.0
0.0
-0.001
-14.474999999997417
3.360999999999741
17.360999999998235
27.972000000011203
37.72400000000278
2.2999999999998577
-14.18199999999758
-2.7189999999998116
69.06699999996573
-58.73299999995382
27.52700000001066
56.614999999958755
86.83300000005056
-4.331999999999781
-20.290000000001815
-36.251000000006215
-50.42899999997317
-29.90800000001357
-17.729999999998686
-0.001
0.0
0.0
0.0
0.0
0.0
0.0
0.0
27.77400000001096
14.087999999997631
6.6500000000005555
35.11500000000886
7.987000000001002
-31.74200000001581
-24.793000000007318
48.5279999999776
38.33100000000137
37.09700000000424
6.684000000000567
12.183999999998687
22.77400000000485
-15.508999999996844
-33.943000000011594
22.404000000004398
2.143999999999875
-11.122999999999275
-15.060999999997092
-17.865999999998852
-15.848999999996655
-10.091999999999846
0.0
0.0
0.0
0.0
0.0
0.0
0.0
57.77199999995606
22.435000000004436
30.93300000001482
6.1890000000004015
30.667000000014497
32.72100000001444
-2.1829999999998706
27.443000000010557
34.66700000000991
-0.5960000000000004
-5.043000000000019
60.36799999995001
19.260000000000556
51.27899999997119
31.713000000015775
-2.0949999999998803
-2.8489999999997973
23.948000000006285
5.807000000000274
-11.664999999998974
-36.375000000005926
-24.21300000000661
-0.006
0.0
0.0
0.0
0.0
3.221999999999756
-0.001
34.09200000001125
36.277000000006154
0.35100000000000026
52.06499999996936
49.39999999997557
42.661999999991274
38.93899999999995
-14.082999999997634
-32.943000000013924
44.07399999998798
-2.3279999999998546
21.71900000000356
14.104999999997622
1.6839999999999253
11.321999999999164
1.5539999999999397
-6.99300000000067
-0.06900000000000005
-8.138000000000929
-22.223000000004177
35.255000000008536
-43.36199999998964
-35.1410000000088
-0.001
0.0
0.0
0.0
0.0
-4.14799999999972
28.434000000011768
32.8240000000142
27.778000000010966
48.6159999999774
-34.21500000001096
-80.70300000002129
-15.466999999996867
47.80699999997928
-22.2410000000042
6.877000000000631
-33.4670000000127
12.161999999998699
50.598999999972776
45.33799999998504
-4.441999999999818
-9.223000000000328
-9.701000000000063
47.067999999981005
8.218000000000885
30.927000000014814
23.78900000000609
-39.67699999999823
-35.140000000008804
-0.001
0.0
0.0
0.0
0.0
-4.14899999999972
51.94499999996964
32.771000000014325
-42.08899999999261
54.36099999996401
-9.070000000000412
20.619000000002217
-3.6839999999997053
-37.440000000003444
-41.95699999999292
-24.914000000007466
51.950999999969625
1.3459999999999626
102.62700000012597
11.327999999999161
52.97899999996723
-10.834999999999434
-13.76699999999781
40.562999999996165
19.10800000000037
6.112000000000376
-17.23399999999808
-25.560000000008255
-21.02300000000271
0.0
0.0
0.0
0.0
0.0
-4.14699999999972
25.85800000000862
2.0019999999998905
7.451000000000823
-0.8690000000000007
-31.575000000015606
50.7599999999724
-49.48499999997537
-29.029000000012495
-24.74700000000726
-16.839999999997598
-30.76800000001462
23.942000000006278
4.92599999999998
83.96300000003686
30.151000000013866
21.569000000003378
28.259000000011554
2.622999999999822
-14.719999999997281
-15.284999999996968
-33.44700000001275
-21.026000000002714
-0.002
0.0
0.0
0.0
0.0
0.0
-4.14699999999972
25.845000000008604
-3.357999999999741
-20.608000000002203
-18.260999999999335
-52.18799999996907
0.004
-52.78199999996769
-71.25699999997619
57.99299999995554
-18.004999999999022
61.34699999994773
77.22300000000467
-6.973000000000663
79.0920000000136
-22.633000000004678
-42.85099999999083
3.2029999999997583
4.190999999999734
6.217000000000411
-22.74800000000482
-13.537999999997936
-12.976999999998247
-0.002
0.0
0.0
0.0
0.0
0.0
-4.14799999999972
-4.150999999999721
-33.35700000001296
-23.90300000000623
-31.559000000015587
-25.7610000000085
-13.401999999998012
12.193999999998681
-33.20100000001332
47.72299999997948
36.02500000000674
14.403999999997456
43.66799999998893
53.773999999965376
44.4529999999871
59.85199999995121
55.80999999996063
-2.379999999999849
-22.54500000000457
7.671000000000896
-32.17200000001572
-19.46800000000081
-12.974999999998248
0.0
0.0
0.0
0.0
0.0
0.0
-0.001
-0.003
-29.208000000012714
-23.89600000000622
34.904000000009354
-23.360000000005567
-32.82100000001421
-15.01199999999712
22.95300000000507
7.898000000000972
-7.080000000000699
46.47499999998239
55.38099999996163
31.319000000015293
9.6330000000001
31.748000000015818
26.6600000000096
5.771000000000262
42.53999999999156
-5.666000000000227
2.295999999999858
-30.160000000013877
-10.702999999999507
-10.693999999999512
0.0
0.0
0.0
0.0
0.0
-0.001
-0.003
-0.003
-1.8969999999999019
10.971999999999358
-48.24899999997825
-6.197000000000404
26.86500000000985
5.451000000000155
-0.8930000000000007
40.17399999999707
-17.858999999998844
0.9180000000000007
69.77799999996913
-43.832999999988544
22.07000000000399
-43.79199999998864
-12.227999999998662
20.32800000000186
-2.0489999999998854
-13.83799999999777
-47.56799999997984
9.285000000000293
-10.7159999999995
-0.022000000000000013
0.0
0.0
0.0
0.0
0.0
-4.661999999999892
25.33600000000798
-8.024000000000992
-5.214000000000076
-29.54200000001312
9.076000000000409
16.5969999999973
-21.911000000003796
10.746999999999483
38.39500000000122
66.86599999995522
13.185999999998131
-15.44299999999688
55.85199999996053
17.91199999999891
-4.432999999999815
15.300999999996959
-27.24200000001031
44.62899999998669
5.664000000000226
-0.6400000000000005
9.285000000000293
-10.693999999999512
3.7099999999997024
0.0
0.0
0.0
0.0
21.903000000003786
17.244999999998093
34.436000000010445
18.507999999999637
10.927999999999383
-16.404999999997067
-43.01899999999044
1.4099999999999555
-35.492000000007984
5.952000000000322
8.030000000000989
-69.79999999996923
35.84600000000716
24.63900000000713
22.221000000004175
1.0229999999999981
24.9420000000075
-11.055999999999312
11.568999999999027
-26.887000000009877
11.135999999999267
-38.76700000000035
7.218000000000745
-10.008999999999892
0.0
0.0
0.0
0.0
0.0
21.903000000003786
26.433000000009322
50.109999999973915
-12.364999999998586
-9.515000000000166
-7.586000000000868
-13.290999999998073
-34.003000000011454
-74.01899999998938
-4.114999999999709
-18.711999999999886
-12.203999999998675
-47.24999999998058
27.94500000001117
34.42100000001048
41.39199999999423
43.04899999999037
18.496999999999623
37.35900000000363
-28.424000000011755
64.32499999994309
-60.287999999950195
-4.17899999999973
-10.01099999999989
0.0
0.0
0.0
0.0
0.0
17.47199999999837
28.41200000001174
64.2029999999425
-17.812999999998787
26.748000000009707
-31.99500000001612
-14.569999999997364
-30.078000000013777
-30.344000000014102
-12.383999999998576
-50.65399999997265
21.61200000000343
-60.38399999994997
16.558999999997255
26.48900000000939
-4.651999999999888
-47.73199999997946
24.18900000000658
-15.012999999997119
-37.18800000000403
23.868000000006187
-48.64599999997733
-33.175000000013384
-22.206000000004156
0.0
-0.05500000000000004
0.0
0.0
0.0
-14.655999999997317
-0.5030000000000003
56.26399999995957
6.892000000000636
28.831000000012253
45.325999999985065
21.196000000002922
-7.211000000000743
-111.71300000016936
-31.919000000016027
1.6559999999999284
-25.312000000007952
35.05100000000901
43.562999999989174
-13.450999999997984
-55.0089999999625
-26.73400000000969
54.38099999996396
-24.67100000000717
26.944000000009947
-4.710999999999908
-22.49600000000451
-20.38300000000193
-22.213000000004165
-0.001
-0.05500000000000004
0.0
0.0
0.0
-14.653999999997318
4.606999999999873
54.63399999996337
67.64199999995893
-5.248000000000087
45.49499999998467
-1.786999999999914
44.82599999998623
-38.637000000000654
-35.5290000000079
-15.556999999996817
-21.216000000002946
1.5539999999999397
45.04399999998572
10.123999999999828
13.519999999997946
53.01599999996714
19.936000000001382
17.68399999999863
27.171000000010224
28.94300000001239
-7.23300000000075
-0.5090000000000003
-28.2160000000115
-0.001
0.0
0.0
0.0
0.0
0.09900000000000007
15.989999999996577
-16.52099999999721
38.41900000000116
2.5479999999998304
-29.559000000013143
-2.1409999999998752
5.278000000000097
-19.43500000000077
-2.5729999999998276
-14.462999999997423
9.644000000000094
60.96299999994862
17.472999999998372
30.164000000013882
6.940000000000652
-14.725999999997278
18.432999999999545
-15.524999999996835
36.33000000000603
-28.42900000001176
0.6630000000000005
-20.43300000000199
-6.00600000000034
-0.002
0.0
0.0
0.0
0.0
0.001
-2.3659999999998504
9.298000000000286
-63.95299999994165
-2.6099999999998236
-19.92500000000137
29.78700000001342
52.19299999996906
4.5149999999998425
0.5440000000000004
14.441999999997435
-75.28399999999542
20.70300000000232
47.30699999998045
15.629999999996777
10.677999999999521
23.590000000005848
-4.308999999999774
-58.493999999954376
31.085000000015008
-17.402999999998286
-2.894999999999792
-4.411999999999808
-2.196999999999869
0.0
0.0
0.0
0.0
0.0
0.0
30.002000000013684
54.975999999962575
35.96200000000689
-17.336999999998206
-2.09599999999988
-29.825000000013468
60.265999999950246
-6.0990000000003715
10.98799999999935
-3.067999999999773
36.10400000000656
20.13800000000163
-22.113000000004043
13.249999999998096
14.03699999999766
-17.168999999998
27.252000000010323
25.150000000007754
-16.68499999999741
-14.79399999999724
16.462999999997137
0.0
0.0
0.0
0.0
0.0
0.0
0.0
0.0
30.00800000001369
41.2359999999946
50.504999999972995
64.86699999994568
104.64900000013563
10.767999999999471
22.88700000000499
5.064000000000026
-7.374000000000797
68.05899999996092
-6.57500000000053
43.41499999998952
-20.435000000001992
-28.204000000011487
53.61499999996575
30.018000000013703
10.618999999999554
29.338000000012872
-3.6289999999997113
3.630999999999711
25.00700000000758
-0.002
0.0
0.0
0.0
0.0
0.0
0.0
0.0
0.001
16.983999999997774
-13.018999999998224
-3.6529999999997087
51.50199999997067
57.1549999999575
48.461999999977756
-12.225999999998663
-38.60100000000074
39.11899999999953
41.37699999999427
-3.811999999999691
-17.522999999998433
-9.05500000000042
-25.554000000008248
18.938000000000162
33.621000000012344
33.625000000012335
3.6279999999997115
3.6349999999997107
0.0
0.0
0.0
0.0
0.0
0.0
0.0
0.0
0.0
0.0
-0.001
-0.002
-0.002
-0.001
-0.001
-0.001
29.995000000013675
25.844000000008602
15.418999999996894
15.418999999996894
5.833000000000283
11.139999999999265
10.297999999999732
10.286999999999738
19.873000000001305
25.010000000007583
25.010000000007583
25.010000000007583
0.0
0.0
0.0
0.0
0.0
0.0
0.0
0.0
