-309.7519999995872
0.0
0.0
0.0
0.0
0.0
0.0
0.0
0.0
0.0
0.0
0.0
0.0
0.0
0.0
0.0
0.0
0.0
0.0
0.0
0.0
0.0
-0.012
-0.016
-0.008
-0.001
0.0
0.0
0.0
-0.21100000000000016
0.0
0.0
0.0
-0.001
-3.3849999999998417
5.835000000000207
2.9439999999985687
-16.627999999996486
0.38700000000000484
-3.7370000000004393
-16.267000000002813
-1.1909999999999876
7.57199999999937
2.5799999999992687
-0.22000000000000017
0.0
0.0
-0.023000000000000013
-1.5099999999999816
10.755000000002017
6.4470000000034045
-7.973999999998043
7.255000000004457
9.34099999999574
-0.6989999999999995
4.767999999997175
9.869000000000087
-7.010999999999739
1.6439999999998036
7.745000000000921
-0.11700000000000009
0.0
0.44900000000000034
-9.632000000001081
0.38899999999999973
11.488000000005893
2.021999999997038
0.7920000000000006
9.6830000000099
11.743000000032914
4.132999999994533
4.975000000003468
0.5590000000000004
17.739000000000857
8.196000000000897
0.0
0.0
17.107999999998114
15.256999999996303
3.182000000000387
-10.596999999997232
5.644000000003048
-2.368999999998868
13.871999999996678
24.752000000005204
18.414000000013505
13.389999999998862
4.0590000000038335
7.594000000000884
-7.132000000000716
0.0
0.0
11.935999999998824
-0.3660000000000005
-11.046000000003048
0.1640000000000028
4.147999999998453
-23.0090000000083
-0.5250000000000001
-5.905000000006606
0.05400000000000396
-7.980999999986263
-1.2309999999992949
-9.63699999999906
4.378000000000454
0.0
0.0
16.09699999999669
9.916999999999094
-0.128
-5.977000000002527
-9.432999999998561
-12.741000000007967
3.4809999999961665
-4.274000000004589
0.20900000000000035
22.213999999994456
15.366000000008619
-10.408999999998224
-2.0309999999994286
-0.001
0.0
10.465999999999639
0.498
-0.27000000000000207
16.037999999982024
-14.8019999999812
-10.257999999990439
2.6969999999986887
11.708000000008143
0.4490000000000029
3.425000000000603
2.252999999998732
-15.009000000001938
-0.007
-0.001
0.0
-4.848999999999954
-0.4320000000000004
-6.742999999995725
-27.666999999999828
0.016000000000001652
2.7159999999993234
3.5179999999985507
6.737000000005975
-10.901999999993295
0.43300000000000055
1.0129999999999804
-16.914999999999473
-0.004
-0.001
0.0
-0.017000000000000008
-8.548999999999547
-26.58500000000175
-9.14699999999965
-1.6189999999993456
1.6859999999995892
-5.95999999999433
-5.4359999999911786
8.974999999998024
-22.49699999999833
13.868000000004836
-10.265999999999872
0.0
0.0
0.0
-0.002
-8.696000000000037
7.912000000000055
14.891999999999925
-6.607000000001407
-4.110999999999132
-1.2570000000020125
0.7850000000000014
-6.357999999996038
-19.14899999999911
-0.3510000000000002
-16.42300000000051
0.0
0.0
0.0
-4.986
-1.1039999999999892
13.46000000000226
-0.7520000000000003
11.525999999995717
2.8219999999978853
9.924999999998512
10.926000000001356
16.821999999995832
17.561000000003272
4.178000000000541
8.00900000000077
0.0
0.0
0.0
