-1347.7759999750413
0.0
0.0
0.0
0.0
0.0
0.0
0.0
0.0
0.0
0.0
0.0
0.0
0.0
0.0
0.0
0.0
0.0
0.0
0.0
-0.056000000000000036
-0.08600000000000003
-1.0950000000000009
-1.0930000000000009
-0.5490000000000004
-0.004
-0.003
0.0
0.0
0.0
0.0
0.0
0.0
-0.003
-18.687000000000403
9.174000000002447
39.243000000004606
-37.17800000000091
-23.10000000000875
6.926999999993591
-40.39700000000347
-9.555000000000144
4.878999999999685
1.9449999999975038
-3.793999999999693
0.0
0.0
-0.006
19.483000000001994
28.441000000006877
12.17900000000255
-27.338000000056706
52.25300000011405
7.71300000000163
8.474000000006512
15.948999999997485
35.0510000000478
-20.174000000006558
24.079999999999064
26.35000000000922
-0.011000000000000003
0.0
33.106000000013545
-56.72699999993961
33.08099999993635
50.734000000037724
7.516000000035332
-4.072000000037536
35.38299999993808
69.40200000031571
12.944000000001843
15.978000000083014
23.734999999967222
31.306999999943663
25.143000000008204
0.0
0.0
99.00600000010868
82.07500000002764
-38.26000000000188
-22.851999999998114
18.16599999998915
2.0410000000011825
51.327999999918454
110.04499999982035
93.64599999973807
39.36799999999359
24.820999999955657
56.500999999920616
-26.693000000009043
-0.008
0.0
57.68599999995626
30.966000000023065
-28.8230000000004
-1.2960000000002139
3.9079999999902113
-105.05200000043054
-7.49599999998919
7.082999999991048
6.133000000033046
-11.702999999952322
0.7490000000000006
-33.25099999996792
6.64699999999894
0.0
0.0
28.014000000011254
37.9070000000004
-14.733000000019576
-22.56099999997903
-23.32599999997834
-68.99899999997157
-13.37700000003034
-15.25499999994188
26.98900000002377
52.72699999992503
63.92900000002273
-24.406000000002688
-17.0809999999942
0.0
0.0
23.62600000000589
12.154999999990581
11.378000000019592
70.24399999992237
-60.26399999978742
-37.17100000000707
23.97199999998779
29.477999999977406
-2.330000000002708
-21.267000000004302
16.58299999999322
-67.23900000004149
23.57600000000583
0.0
0.0
-18.356999999999452
4.141000000001131
-46.68000000005714
-115.7549999999437
-0.25700000000000023
6.435000000023096
-2.312000000003495
9.717000000067502
-9.34499999999559
-3.029000000009044
8.136000000006593
-59.68199999998208
-0.01900000000000001
-0.008
0.0
0.0
-14.813000000000411
-88.12899999997781
5.636999999995713
-1.5449999999938269
-0.6250000000000034
-5.871999999980552
-18.177999999994743
33.004999999961605
-83.94000000000672
30.97499999998936
-31.498000000008094
-0.024999999999999998
-0.008
0.0
0.0
-30.530999999997686
1.8919999999991757
37.34399999999821
-51.27499999999244
-5.144999999961671
-32.44099999993704
13.949999999996505
-30.080999999933496
-77.23699999999926
-27.392000000024254
-36.94800000000207
-0.001
0.0
0.0
-22.39000000000438
-0.009000000000000001
20.6200000000023
6.142000000002815
44.8699999999646
18.572000000020537
45.27799999987518
26.62599999997157
23.940000000015864
100.45800000011029
5.752000000002591
4.342999999998631
0.0
0.0
0.0
