-0.23800000000000018
0.0
0.0
0.0
0.0
0.0
0.0
0.0
0.0
0.0
0.0
0.0
0.0
0.0
0.0
0.0
0.0
0.0
0.0
0.0
0.0
-0.001
-0.004
-0.001
0.0
-0.002
-0.003
0.0
0.0
-0.001
0.0
0.0
0.0
0.0
-0.005
0.008000000000000002
-0.006
-0.02500000000000001
-0.03400000000000001
-0.04300000000000001
-0.03700000000000002
-0.016
-0.016
-0.004
-0.001
0.0
0.0
-0.019000000000000003
-0.007
-9.999999999999913E-4
0.04500000000000001
0.025000000000000012
0.011000000000000013
-0.008999999999999998
0.002000000000000001
-0.006
0.0020000000000000035
0.014999999999999993
-0.009000000000000001
-0.032
-0.007
0.0
-0.017
0.01899999999999998
-0.003999999999999986
0.018000000000000033
0.03200000000000001
-0.0029999999999999966
-0.014
0.03700000000000003
-0.016000000000000028
0.019999999999999997
0.04000000000000002
-0.016
-0.018000000000000002
0.0
0.0
0.023000000000000013
0.06200000000000003
0.041999999999999996
0.04200000000000002
-0.021999999999999992
0.03699999999999999
0.013999999999999993
0.05300000000000002
0.02300000000000004
-2.6020852139652106E-18
-9.999999999999983E-4
-0.003
-0.003
-0.001
0.0
0.016000000000000007
0.017999999999999988
-0.025999999999999995
-0.018000000000000006
-0.027000000000000034
-0.02699999999999998
-0.061000000000000026
0.022999999999999958
0.019000000000000024
-0.03
0.061000000000000026
-0.007000000000000003
-0.010000000000000002
0.0
0.0
0.007
0.03900000000000001
0.006000000000000005
-0.028999999999999984
0.045
-0.08600000000000005
-0.039999999999999994
-0.039999999999999994
0.017000000000000008
0.05400000000000002
0.010000000000000012
-0.015000000000000006
-0.012000000000000004
0.0
0.0
0.012000000000000004
-0.018999999999999996
-0.002000000000000001
0.04100000000000001
-0.06200000000000004
0.003999999999999993
0.01999999999999999
0.019000000000000006
-0.030000000000000016
-0.024999999999999974
-0.016999999999999984
-0.03200000000000001
-0.006
0.0
0.0
0.0
-0.009000000000000001
-0.05100000000000002
-0.05500000000000002
-0.011999999999999993
-0.004
-0.029
-0.023999999999999987
-0.044000000000000025
-0.013999999999999993
-0.049000000000000016
-0.02000000000000001
-0.002
-0.001
0.0
-0.001
-0.007
0.02399999999999999
-0.0020000000000000018
-0.026999999999999993
0.030000000000000016
0.0019999999999999957
-0.005
-0.04500000000000001
-0.018999999999999982
-0.026000000000000013
-0.017
-0.006
-0.001
0.0
0.0
-0.002
-0.006
0.001
0.010999999999999992
0.008999999999999987
0.023
0.03700000000000002
0.0010000000000000026
-0.04000000000000001
-0.040000000000000015
-0.021
-0.003
0.0
0.0
0.0
0.0
0.034000000000000016
0.039
-0.02800000000000001
-0.021000000000000005
0.03700000000000005
0.02200000000000002
0.022000000000000002
-0.015000000000000001
-0.005
-0.006
0.0
0.0
0.0
