-203.79800000060905
0.0
0.0
0.0
0.0
0.0
0.0
0.0
0.0
0.0
0.0
0.0
0.0
0.0
0.0
0.0
0.0
0.0
0.0
0.0
-0.002
0.0
-1.1740000000000008
-1.1740000000000008
-0.5870000000000004
0.0
0.0
0.0
0.0
0.0
0.0
0.0
0.0
-0.001
-0.3170000000000002
-6.985999999999093
14.473000000004747
-7.7179999999986375
0.4049999999999998
4.7579999999992255
-10.603000000000215
-3.6029999999997844
-1.448000000000001
3.6109999999995925
-0.02900000000000002
0.0
0.0
-0.001
0.15400000000000016
5.276000000001988
2.5619999999979193
-3.1150000000039837
8.374000000000564
3.6789999999990366
-0.49700000000000044
0.7190000000000006
5.711000000000893
-1.8359999999994072
-0.7150000000000004
0.6240000000000006
0.0
0.0
8.96600000000047
-7.464000000005644
10.950000000003014
12.616000000004757
0.1259999999999997
1.1600000000000916
7.1429999999954505
8.556000000009671
-1.550000000000932
7.452999999998168
9.484999999997484
1.5520000000001157
1.007
0.0
0.0
12.334999999998603
11.761999999997007
0.9780000000000005
-2.44499999999895
5.194000000000601
3.413999999999572
13.222999999999836
20.98799999999968
14.251000000016392
-0.9500000000000002
8.659000000001816
11.201000000000407
-2.0939999999998804
0.0
0.0
9.700000000000063
6.966999999995766
-13.782000000004128
2.8910000000001372
-4.887999999999512
-9.970999999989704
-11.521999999996932
0.25300000000000067
-0.4970000000000001
-9.607999999990245
2.1610000000002016
-10.337999999998308
-0.7260000000000005
0.0
0.0
0.007
8.884000000001135
-4.180000000002031
0.11300000000000066
-12.274999999992897
0.5820000000000014
-10.083999999996125
7.128000000004784
3.861999999996835
10.537000000001502
2.5570000000014477
0.5750000000000004
-5.465000000001022
0.0
0.0
-2.607999999999824
7.123000000000438
4.184000000001027
12.935999999996316
-6.582999999995116
-3.1079999999987025
-1.6320000000004828
-0.6140000000000009
-1.1049999999999478
-2.7329999999995644
-8.709999999997528
-4.118999999999135
8.784000000000571
0.0
0.0
-1.7629999999999166
7.705999999999364
-4.885999999999394
-21.813999999998877
1.4570000000008454
3.1140000000017207
-2.3440000000010213
0.3400000000000007
-3.29000000000016
5.199000000000412
-10.767999999999315
-3.737000000000122
-0.001
0.0
0.0
-0.1420000000000001
-2.7719999999998577
-13.14200000000111
-4.167000000002014
-4.443999999999455
2.1929999999987553
-5.424999999993713
5.657000000008463
-7.563999999997495
-19.111999999998286
-1.1069999999999323
-1.7960000000000829
-0.001
-0.001
0.0
-0.1380000000000001
-2.162999999999904
1.3500000000000325
0.7410000000000005
-3.1459999999980175
4.215000000000706
-1.8630000000023337
-0.03599999999998639
3.360000000000183
-22.965999999998957
-5.674000000001034
-2.150999999999874
-0.002
0.0
0.0
0.0
-0.03400000000000002
8.604000000000312
2.6759999999999593
5.16499999999914
1.3899999999991621
3.1739999999966293
1.5639999999999186
3.972999999999391
27.460000000009604
4.906000000000046
3.3090000000000144
0.0
0.0
0.0
