-14.443999999997434
0.0
0.0
0.0
0.0
0.0
0.0
0.0
0.0
0.0
0.0
0.0
0.0
0.0
0.0
0.0
0.0
0.0
0.0
0.0
0.0
0.0
-0.003
-0.004
-0.34100000000000025
-0.6780000000000005
-0.16900000000000012
0.0
0.0
0.0
0.0
0.0
0.0
0.0
-0.5630000000000004
-0.46800000000000036
0.8410000000000006
-0.19699999999999976
-0.5850000000000004
0.5420000000000005
-1.052000000000002
-0.34100000000000025
-0.09700000000000006
0.5870000000000005
-0.08400000000000006
0.0
0.0
-0.001
-0.17800000000000013
0.7670000000000006
0.9120000000000008
-0.23000000000000012
0.7360000000000005
-0.4300000000000003
0.4300000000000004
0.28900000000000015
-0.4500000000000006
-0.09400000000000043
0.3560000000000003
0.13800000000000012
-0.002
0.0
0.2750000000000002
-0.5290000000000004
0.6080000000000004
-0.3680000000000002
0.4870000000000003
0.6710000000000005
0.055000000000000035
1.4449999999998662
0.2020000000000002
0.7840000000000006
0.8450000000000006
-0.3220000000000004
0.12800000000000009
0.0
0.0
1.006
0.9520000000000007
-0.19100000000000014
-0.4880000000000004
0.47300000000000036
0.6010000000000004
0.31400000000000033
1.166999999999902
1.6949999999997039
0.08500000000000008
0.169
0.9020000000000007
-0.09000000000000007
0.0
0.0
0.7120000000000005
0.24500000000000016
-0.5730000000000004
0.07100000000000006
-0.39100000000000024
-1.3830000000000586
0.11299999999999975
-1.2700000000000387
0.2450000000000005
-0.4590000000000004
0.9730000000000008
-1.0240000000000016
0.4830000000000004
0.0
0.0
0.9060000000000007
-0.119
0.1760000000000005
-0.5800000000000004
-0.9340000000000007
0.08999999999999994
-0.10200000000000001
0.13099999999999992
0.27800000000000014
0.6940000000000005
0.2790000000000002
0.19300000000000017
-0.002999999999999934
0.0
0.0
-0.08700000000000006
0.2580000000000002
0.5410000000000004
1.6209999999999825
-1.9290000000000591
-0.5690000000000004
0.5760000000000004
-0.18700000000000014
-0.15699999999999997
0.6710000000000006
-1.1550000000000227
-1.375000000000001
-0.09400000000000007
0.0
0.0
-0.18100000000000013
0.4800000000000004
-0.328
-2.14999999999993
0.7380000000000005
-0.24900000000000017
-0.6770000000000005
0.189
-0.7500000000000006
-0.7450000000000006
-0.4890000000000004
-0.029000000000000015
-0.002
0.0
0.0
-0.09500000000000007
-0.46400000000000036
-1.3709999999999953
-0.6560000000000005
-0.2780000000000002
1.2399999999999944
-0.3740000000000003
-0.008999999999999396
-0.3950000000000003
-0.8690000000000007
-0.12700000000000003
-0.01900000000000001
-0.001
-0.001
0.0
-0.09400000000000007
-0.20000000000000015
0.34900000000000025
-0.5940000000000004
-1.175999999999989
-0.3860000000000003
0.12699999999999936
0.6050000000000004
0.010999999999999623
-1.5800000000000065
-0.6840000000000005
-0.06300000000000004
-0.002
0.0
0.0
-0.010000000000000002
0.0
0.8690000000000007
0.8080000000000006
-0.2920000000000002
-0.30300000000000027
-0.5940000000000004
-0.41600000000000037
0.2420000000000002
1.3360000000000012
0.21700000000000028
-0.1890000000000001
0.0
0.0
0.0
