-365.8409999982609
0.0
0.0
0.0
0.0
0.0
0.0
0.0
0.0
0.0
0.0
0.0
0.0
0.0
0.0
0.0
0.0
0.0
0.0
0.0
0.0
-0.009000000000000001
-0.018000000000000002
-0.009000000000000001
0.0
0.0
0.0
-0.002
-0.002
-0.001
0.0
0.0
0.0
-0.001
-5.960999999999566
5.805000000000571
19.376000000001575
-11.226000000000791
-11.651000000000025
2.257999999999587
-8.722999999998688
-7.028000000000682
5.8929999999995735
10.769999999999337
-0.6190000000000004
0.0
0.0
-1.4159999999999549
-1.1050000000002258
12.435000000000551
5.040000000000506
-10.618999999986976
14.052000000016962
4.841000000005481
2.792999999999347
4.944000000006267
3.4750000000020216
-6.501000000005569
8.95199999999965
6.015000000000343
-0.010000000000000002
0.0
6.90300000000064
-7.712000000004072
6.540999999997721
13.07100000001533
1.5959999999966201
-2.8070000000051505
10.29700000001509
21.27299999999417
12.816000000016405
3.0939999999949106
5.87399999999728
4.416999999999065
4.466999999999826
-0.001
0.0
27.41200000001052
28.026000000001353
-8.951000000001173
-7.3349999999947215
6.120999999993331
-1.8059999999995693
10.42500000000177
33.56899999998684
21.30100000000227
2.9109999999974345
6.3070000000003485
15.527999999993618
-8.344000000000815
0.0
0.0
21.56200000000337
15.409999999990815
-3.4339999999988904
-7.45899999999979
4.0559999999966685
-27.58200000003502
-7.246999999988561
8.739999999991287
1.9319999999956925
-0.42499999999999866
4.249000000002184
-10.529999999999399
3.113999999999768
0.0
0.0
7.881000000000967
5.742999999997928
6.08999999999172
-4.92100000000047
-7.463999999987866
-19.994000000004043
-2.9570000000013357
-4.208000000004822
12.531000000008634
13.667000000003735
11.975000000002046
-2.226999999999041
2.504000000000318
0.0
0.0
9.766000000000027
3.574000000000424
2.2090000000000853
17.2869999999904
-17.71499999998523
-14.305999999990968
5.167999999999009
0.4310000000000004
2.335000000000041
-7.073000000002513
-4.837999999998681
-17.074000000006155
9.858999999999975
0.0
0.0
-4.133999999999715
5.885999999999027
-3.1600000000012454
-22.460999999999476
-0.8700000000000007
6.315000000006563
-6.209999999998419
9.319000000017615
-8.580999999999326
-3.3520000000025427
-0.8380000000000011
-8.420000000000472
-0.004
0.0
0.0
-1.3769999999999591
-6.896999999999987
-30.789999999996148
1.1819999999998696
-1.0609999999998498
4.270999999994627
-4.345000000001818
-11.472000000000804
2.0569999999998143
-31.35200000000752
0.33899999999999986
-6.309999999999855
0.0
0.0
0.0
-0.001
-3.114999999999875
2.059999999999777
16.218000000000213
-20.923000000000346
3.087999999998808
-8.03299999998753
9.350000000001144
2.988000000000557
-16.86699999999683
-14.53399999999694
-7.315000000000373
0.0
0.0
0.0
-4.189999999999734
0.001
13.530000000000745
2.8089999999993083
17.082999999992442
1.7519999999979916
15.799999999984713
0.6680000000000007
9.089999999999671
20.518000000002825
7.349999999999301
7.96600000000019
0.0
0.0
0.0
