-2.2939999999998584
0.0
0.0
0.0
0.0
0.0
0.0
0.0
0.0
0.0
0.0
0.0
0.0
0.0
0.0
0.0
0.0
0.0
0.0
0.0
-0.001
0.0
0.0
-0.002
-0.002
0.0
0.0
0.0
0.0
0.0
0.0
0.0
0.0
0.0
-0.003
-0.05300000000000003
0.001000000000000052
0.10100000000000008
0.010000000000000064
0.17900000000000016
-0.2760000000000002
-0.08500000000000005
-0.04700000000000003
0.07200000000000005
-0.03800000000000003
0.0
0.0
-0.001
0.009000000000000003
0.07100000000000006
-0.019999999999999934
-0.0039999999999998405
-0.10600000000000008
0.013999999999999903
-0.09399999999999999
0.011000000000000029
0.03999999999999994
0.07600000000000003
-0.16200000000000012
-0.07000000000000003
-0.008
0.0
0.029000000000000012
-0.07899999999999999
0.019999999999999834
0.11600000000000003
0.08500000000000006
0.1730000000000001
0.10700000000000008
0.2410000000000002
0.03400000000000003
0.04400000000000012
0.21000000000000013
-0.08700000000000005
-0.02600000000000001
0.0
0.0
0.1450000000000001
0.24200000000000016
-0.1290000000000001
0.09800000000000011
0.02799999999999948
0.054000000000000076
0.12000000000000016
0.3110000000000002
0.4060000000000003
0.19200000000000014
0.14600000000000013
0.05400000000000004
-0.013999999999999999
-0.004
0.0
0.07700000000000005
0.2640000000000002
-0.2960000000000002
-0.09000000000000005
-0.10500000000000007
-0.2620000000000002
-0.0520000000000001
-0.047
-0.2620000000000002
-0.11700000000000008
0.0650000000000001
0.04800000000000003
-0.08500000000000005
0.0
0.0
-0.03900000000000003
0.09900000000000006
0.14200000000000013
-0.056000000000000036
-0.049000000000000155
-0.1860000000000001
-0.13200000000000006
-0.09000000000000007
0.2140000000000001
0.1490000000000001
0.01599999999999998
-0.1320000000000001
-0.028000000000000018
0.0
0.0
0.0
-0.1080000000000001
-0.22400000000000014
0.17700000000000013
-0.023000000000000027
-0.11600000000000006
0.19900000000000015
-0.017000000000000147
-0.16900000000000012
-0.17200000000000013
-0.07100000000000001
-0.2780000000000002
0.057000000000000044
0.0
0.0
0.0
-0.012000000000000004
-0.22900000000000018
-0.2570000000000002
0.011000000000000006
0.05299999999999998
-0.15500000000000008
0.12100000000000011
-0.1840000000000001
-0.12400000000000005
-0.1350000000000001
-0.17700000000000013
-0.004
-0.004
0.0
0.0
-0.03500000000000002
-0.1460000000000001
0.03600000000000003
-0.0030000000000000773
0.22200000000000014
-0.2900000000000002
-0.04000000000000005
0.16900000000000004
-0.23800000000000018
0.016000000000000014
-0.05600000000000004
-0.012
-0.004
0.0
0.0
-0.029000000000000012
0.026000000000000016
-0.1590000000000001
-0.2630000000000002
-0.08499999999999995
0.12800000000000009
-0.044999999999999915
-0.09100000000000008
-0.11100000000000006
-0.1290000000000001
-0.09400000000000006
0.0
0.0
0.0
0.0
0.0
-0.09300000000000004
0.06500000000000002
-0.046999999999999986
0.11200000000000015
-0.06000000000000012
-0.12500000000000006
0.06200000000000001
0.21900000000000017
0.044
0.06200000000000004
0.0
0.0
0.0
