-0.43900000000000033
0.0
0.0
0.0
0.0
0.0
0.0
0.0
0.0
0.0
0.0
0.0
0.0
0.0
0.0
0.0
0.0
0.0
0.0
-0.002
-0.002
-0.002
-0.002
-0.002
-0.003
-0.003
-0.001
0.0
0.0
0.0
0.0
0.0
0.0
-0.001
-0.006
-0.015
0.011
9.999999999999992E-4
-0.03700000000000002
-0.05700000000000004
-0.08100000000000006
-0.032000000000000015
-0.005000000000000001
-0.029000000000000012
-0.005
0.0
0.0
0.0
0.033000000000000015
0.07600000000000004
-0.020000000000000007
-0.014999999999999996
0.022000000000000016
-0.013999999999999988
0.015000000000000048
0.004000000000000002
-0.03299999999999993
3.469446951953614E-18
-0.003
-0.004
0.0
0.0
0.005
0.012999999999999984
0.01599999999999999
0.08300000000000005
-0.04700000000000003
0.008999999999999994
6.938893903907228E-18
0.03199999999999997
0.05200000000000003
0.05100000000000002
8.673617379884035E-18
0.003
-0.006
0.0
0.004
0.03800000000000001
0.028999999999999988
-0.003
-0.021999999999999978
0.020000000000000007
0.017000000000000015
0.03700000000000002
0.09900000000000006
0.01100000000000001
0.033000000000000015
0.015
0.026
0.0
0.0
0.004
0.04000000000000001
8.673617379884035E-19
-0.02499999999999999
-0.028000000000000014
-0.04199999999999998
-0.10500000000000007
-0.029
0.004000000000000007
-0.05899999999999998
-0.00899999999999997
0.04000000000000001
-0.03900000000000001
-0.026000000000000002
0.0
0.0
0.014000000000000005
0.026000000000000047
0.026999999999999996
-0.0029999999999999723
-0.024000000000000056
-0.09800000000000005
-0.06400000000000003
0.019999999999999993
0.07200000000000004
0.09400000000000006
0.03700000000000003
0.001
0.024000000000000007
0.0
0.0
0.0
0.032999999999999995
-0.014999999999999996
0.05400000000000002
-0.059000000000000025
-0.09100000000000005
0.05000000000000002
0.014999999999999982
-0.07900000000000004
-0.030999999999999986
-0.03899999999999999
0.018000000000000002
0.01800000000000001
0.0
0.0
0.0
0.041000000000000016
-0.047000000000000014
-0.09700000000000006
-0.013000000000000006
0.03900000000000002
-0.03599999999999996
0.009000000000000011
-0.021999999999999936
-0.02099999999999997
3.469446951953614E-18
0.019000000000000003
-0.005
0.0
0.0
0.0
-0.05700000000000002
-0.08400000000000003
0.008
0.003999999999999991
-0.025000000000000005
-0.03399999999999999
0.06500000000000003
-0.005000000000000007
-0.08100000000000003
-0.04500000000000001
-0.010000000000000002
-0.002
0.0
0.0
-0.004
-0.04700000000000001
0.006
0.020999999999999994
-0.031000000000000028
0.032
-0.04300000000000001
0.002
0.0049999999999999975
-0.061000000000000026
-0.024
-0.05
-0.002
0.0
0.0
0.0
0.004
0.06400000000000003
0.041000000000000016
0.06700000000000005
0.04300000000000001
0.04000000000000002
-0.002
0.009000000000000001
-0.015000000000000006
0.012
0.014999999999999993
0.0
0.0
0.0
