-130.98600000026138
0.0
0.0
0.0
0.0
0.0
0.0
0.0
-0.001
-0.002
0.0
0.0
0.0
0.0
0.0
0.0
0.0
0.0
0.0
0.0
-1.5560000000000012
-2.3339999999999774
-0.1230000000000001
-0.06700000000000005
-1.5660000000000012
-3.1260000000000026
-0.7820000000000006
0.0
0.0
0.0
0.0
0.0
0.0
0.0
-2.323999999999932
8.252999999999282
7.494999999999491
-5.308000000000167
-4.824000000000511
0.8310000000000007
-4.151999999999874
-4.534999999999754
-5.854999999999578
-3.0439999999999157
-0.001
0.0
0.0
-0.003
-5.082999999999583
-0.4880000000000002
2.569999999997757
-7.760999999992505
9.106999999999104
4.3619999999999255
-2.1780000000003854
3.249000000000529
-0.3949999999999992
2.808000000000848
-3.2219999999992077
2.18999999999987
0.0
0.0
1.6189999999999325
-0.06999999999999969
1.6759999999999076
1.6309999999989564
7.791000000000276
-4.55500000000322
9.298000000007228
1.7369999999984298
9.358000000000832
-5.466999999998274
2.3070000000005204
3.20100000000077
-0.7780000000000006
0.0
0.0
6.059000000000358
9.99799999999854
-1.3449999999995894
-3.512999999999422
1.4689999999999874
2.674000000000615
7.627000000002472
15.35000000000516
14.655000000005579
1.4339999999995066
8.29300000000257
1.6060000000001688
-0.7840000000000006
0.0
0.0
4.6019999999998715
4.931000000000729
-0.9810000000000012
-6.159000000000951
-3.75700000000074
-8.191999999997151
-8.94299999999343
-3.132000000000479
-1.512000000000791
-5.546999999994847
2.7530000000004273
-1.4320000000001287
0.3730000000000003
0.0
0.0
1.342999999999963
-4.72500000000041
2.1779999999993382
0.5540000000000007
0.9929999999999913
-2.6780000000003117
-6.592000000000721
1.9989999999991965
10.005000000005849
7.407999999999852
3.729000000001048
-7.125000000000537
0.11900000000000005
0.0
0.0
1.3389999999999636
5.261000000001122
0.7520000000000008
9.049000000000529
-13.247999999991944
1.6500000000006965
1.4569999999999932
-0.9900000000000018
-5.724000000000179
6.577999999999662
1.144999999999726
-10.914000000000305
-0.017000000000000008
0.0
0.0
-0.12600000000000008
1.6450000000001053
-1.1319999999999197
-16.761000000000017
-2.121000000000561
4.969000000000419
-4.176000000000426
4.592999999998148
-7.316999999999558
4.457999999998982
-8.70699999999887
-10.433000000000272
-0.003
0.0
0.0
-0.1240000000000001
-4.169999999999791
-13.181000000000152
-4.759000000000202
-1.2189999999998387
1.6110000000003089
-4.211999999997315
-4.106999999996886
-5.162999999999913
-8.37400000000107
4.975000000000027
-1.658999999999977
-0.001
-0.001
0.0
-0.1230000000000001
0.3120000000000003
2.427000000000002
-4.803999999999543
-7.611999999995914
0.4790000000000001
-1.9400000000009694
2.729999999999029
1.427999999999709
-7.420000000000904
-8.321999999999957
-3.775999999999695
-0.002
0.0
0.0
-0.001
-2.358999999999851
12.882000000001257
6.68900000000227
4.3740000000028
-0.18099999999999933
7.144000000003305
3.1689999999994285
-4.586999999998503
7.862000000000696
-4.638999999999587
-0.005
0.0
0.0
0.0
