-357.4719999984588
0.0
0.0
0.0
0.0
0.0
0.0
0.0
0.0
0.0
0.0
0.0
0.0
0.0
0.0
0.0
0.0
0.0
0.0
0.0
-3.5039999999998357
-5.257000000000088
-1.9089999999999006
-4.0769999999997735
-0.1330000000000001
0.0
0.0
0.0
0.0
0.0
0.0
0.0
0.0
-0.001
-10.624000000000217
-3.037000000000606
13.610000000002982
-5.587999999998628
-8.78700000000085
-1.14199999999995
-3.004999999999835
-3.326999999999755
-10.906000000000311
-4.1379999999998365
-1.7000000000000013
0.0
0.0
-0.012
-13.469000000002554
17.93099999999964
6.936000000009375
-5.29899999999276
10.889000000013732
6.540999999998373
5.652999999995123
4.705000000005326
2.9930000000008268
4.012999999996342
2.6729999999992766
8.523000000000888
0.0
0.0
8.430000000000767
-8.708000000004235
8.086000000000537
8.456000000017593
0.2930000000000002
-2.336000000003003
9.544000000018222
22.012999999985688
2.8089999999948225
8.198000000014634
3.5159999999983453
15.996000000002214
4.05499999999965
0.0
0.0
19.630000000001008
32.50000000000041
-11.368000000000391
-1.1299999999998676
0.8179999999999992
6.804000000000272
9.696999999992524
31.836999999996735
22.826999999994513
16.94399999999141
5.227000000000893
15.093999999997713
-8.201000000000894
0.0
0.0
9.620000000000108
8.843999999997482
-6.713000000002522
-5.60500000000674
-6.974000000001941
-25.516000000014717
-7.462999999993009
7.835999999994729
5.690000000006469
-5.071999999995181
3.122000000004633
-7.661999999995936
5.45500000000006
0.0
0.0
10.798999999999454
11.349999999996523
0.35000000000000187
-4.434000000002012
-3.688999999994511
-17.251000000000655
-6.6880000000017095
-2.6990000000053542
3.4599999999946602
19.827000000003554
10.637999999998705
-1.3999999999998445
-10.452999999999646
0.0
0.0
7.360000000000793
4.465000000003156
5.723000000001348
22.69300000001434
-26.02200000001246
-15.626999999987081
13.995999999995124
9.69200000001864
-1.1069999999999791
-4.524999999998474
1.7999999999994596
-18.939000000001922
7.7550000000009245
0.0
0.0
-6.2130000000004095
0.8500000000000006
-9.902999999999738
-32.77399999999224
7.414999999994498
-4.2710000000002735
-3.5019999999993883
-5.420999999993608
-7.939999999994941
-9.559999999999464
-2.7909999999991926
-10.3699999999999
-0.011000000000000003
0.0
0.0
0.0
-11.64900000000056
-30.7509999999958
2.394999999999789
-3.675999999998957
0.8379999999999995
-2.8900000000039987
0.4079999999999985
7.884000000000521
-22.0670000000024
4.651000000000589
-5.369999999999879
0.0
-0.001
0.0
-0.004
1.198999999999979
-0.6410000000000003
6.475999999999016
-16.935000000003637
-5.305999999988779
-12.184999999999798
6.026000000003473
-13.361000000005749
-16.42100000000166
-15.194999999998117
-11.69900000000033
-0.002
0.0
0.0
-6.284000000000433
-0.021000000000000005
0.21200000000000016
-0.7509999999999997
13.750999999996338
9.111000000007625
11.738999999999102
4.004000000000809
13.027999999998123
16.705000000002524
-4.686999999999657
2.1050000000000844
0.0
0.0
0.0
