-110.5080000001636
0.0
0.0
0.0
-0.007
-0.007
-0.001
0.0
-0.48000000000000037
0.0
0.39500000000000035
1.6159999999992816
0.5349999999999994
1.4520000000012034
0.9809999999999993
1.8739999999998085
4.3229999999995785
4.6859999999999
12.377000000002488
2.1019999999977266
2.2620000000011253
8.35399999998761
2.678999999999414
1.642999999999456
3.7849999999998065
4.070999999999419
6.105999999999025
-4.927999999999079
-5.949000000005959
0.8150000000000034
0.18000000000000382
-3.785000000002254
-4.730000000000066
8.908000000000502
5.053999999998295
-3.854999999998441
-2.667000000001449
-3.9250000000010714
-4.547000000002077
-11.532000000004965
-3.693999999999704
-0.001
-10.719000000000056
4.164000000000186
1.0749999999999464
4.138000000002592
1.606999999999646
-4.7950000000001305
3.539000000000023
0.0
