-0.35900000000000026
0.0
0.0
0.0
0.0
0.0
0.0
0.0
-0.04300000000000001
-0.001
-0.06999999999999999
-0.013000000000000081
0.02799999999999999
-0.02999999999999991
0.05499999999999993
0.030000000000000027
-0.1450000000000001
0.02000000000000001
0.19700000000000012
0.01700000000000005
0.023000000000000128
0.13000000000000017
0.030000000000000093
0.06599999999999996
-0.032
0.02000000000000001
-0.11900000000000019
-0.14799999999999994
-0.18199999999999988
-0.08700000000000013
0.11399999999999964
0.06999999999999994
-0.14900000000000008
0.0
0.06299999999999999
-0.024999999999999974
-0.11100000000000024
-0.10099999999999981
-0.1860000000000001
-0.3020000000000002
-0.008
0.0
-0.19600000000000012
0.1650000000000001
0.07700000000000025
0.058
0.1970000000000001
0.004999999999999998
0.0
0.0
