-1938.9569999610617
0.0
0.0
-0.45800000000000035
-43.283000000006965
-64.1670000000023
-0.6970000000000005
0.0
34.711000000009804
0.0
-58.8650000001042
25.941000000158716
21.01599999993084
25.977999999796857
-18.2159999999966
15.358000000079299
76.92000000000084
65.87299999995048
72.74600000004766
20.878000000076273
25.63000000029218
107.57700000010075
66.64400000067751
15.593999999990778
-26.982999999954757
137.48900000022277
-1.374999999997473
-23.375000000096332
-66.09000000010404
-0.4599999999997533
23.38200000025883
16.831999999960196
-30.99200000005348
9.065000000000415
65.7199999999297
-51.17500000021709
-38.9130000000046
-22.067999999839795
-41.65099999986219
-84.11399999989897
-41.33600000000917
-17.728999999998685
-111.55000000004074
28.665000000024722
-0.1439999999998871
4.309999999973581
5.212000000009489
-34.96899999997917
85.63200000001763
-30.001000000013683
