-376.63399999800566
0.0
0.0
-0.01
-8.846999999999625
-13.27300000000039
-0.022999999999999996
0.0
6.257000000000424
0.007
-31.545999999990084
8.12200000000568
7.796999999996888
7.6589999999975955
-8.054999999992681
4.103999999992388
9.0519999999934
2.7649999999998065
14.495000000006243
4.705999999988716
7.302999999980555
23.020000000004853
10.41499999997804
6.266999999985953
-7.7939999999998895
48.7379999999921
-5.576999999998441
-3.7420000000000093
-12.18899999999036
-0.6589999999999675
2.8439999999829753
8.756999999995216
-25.9210000000023
-6.63300000000055
13.182999999993323
-10.452999999993395
-8.477999999995566
-6.449999999996728
-13.518999999972964
-33.667999999992965
-18.402000000000882
-1.623999999999932
-15.407999999999431
-2.7039999999981017
1.0089999999999648
2.5529999999944772
1.1929999999999372
6.910999999995438
14.50799999999865
-9.985999999999905
