-196.31400000057332
0.0
0.0
-0.003
0.0
-0.027000000000000017
-0.10500000000000007
0.0
5.370000000000489
0.0
-13.67400000000123
3.4279999999989084
3.4550000000038485
4.48399999999584
-1.3660000000011878
1.870000000000237
9.85699999999672
-0.16600000000000012
11.79400000001241
3.307000000000636
3.0099999999982616
12.450999999984598
11.05899999999533
3.1139999999992916
-6.660999999998905
11.467999999998778
1.2380000000009235
-2.555000000001236
-9.259999999983666
-4.110000000003995
1.7969999999997794
0.6440000000000362
-12.381999999995685
5.79500000000027
8.73299999999766
-4.7850000000019
-2.4240000000009316
-5.517000000000242
-8.236999999996845
-12.64900000000439
-0.17000000000000012
-0.06600000000000004
-12.730000000002796
3.113000000000926
-1.4780000000010702
1.0379999999996095
-0.39099999999995283
-14.568000000001543
0.3720000000000003
0.0
