-576.8249999932718
0.0
0.0
-0.001
-10.133000000000054
-15.180000000000463
0.0
0.0
13.601999999997902
-0.001
-20.10499999999917
6.07899999999717
5.329999999999624
8.061999999991926
-6.04800000000263
1.857999999994174
18.802999999999514
17.976999999998988
21.5130000000097
5.371999999992534
7.217999999971356
32.23500000010404
18.62000000000281
5.166000000003018
-6.047000000000454
63.11899999997133
0.7879999999999834
-5.909999999996571
-20.553999999947678
0.11300000000004298
6.187999999988094
4.508999999996568
-3.1520000000021353
8.29800000000084
19.830999999996514
-15.93099999998755
-9.693999999986838
-6.480000000005529
-11.422999999972392
-23.062999999991813
-15.233000000003317
-6.467000000000494
-36.07699999999966
12.267000000009046
3.3529999999952946
4.439999999993486
4.106999999993643
-10.933000000003897
24.646000000003202
-9.999999999999897
