-234.34900000075493
0.0
0.0
0.0
0.0
0.0
0.0
0.0
6.053000000000554
0.002
-15.544000000003678
1.9609999999980687
6.728000000006634
6.683999999994693
0.5950000000000027
4.021999999995923
11.877000000001795
1.6399999999999302
18.783000000000534
2.9509999999992655
6.543999999992758
18.712999999990068
6.676999999987648
4.785999999998796
6.7900000000006635
12.825999999999839
8.791999999998708
-7.551000000009853
-9.24700000000514
0.6900000000000029
3.528999999993407
-3.422999999998053
-9.683000000001064
-3.4809999999997276
0.6589999999999999
-8.750999999995717
-9.209000000003812
-9.285999999998342
-10.843999999992349
-20.47800000000412
-13.002000000002223
0.0
-18.363999999999766
1.623999999999654
-1.0530000000002881
-0.9819999999999638
-1.7759999999983784
-10.085999999995877
19.044000000000608
-9.998999999999898
