-61.480999999947414
0.0
0.0
-3.5079999999998353
-5.262000000000088
-0.04800000000000001
-0.04800000000000001
0.0
-0.007
0.0
0.8910000000000007
2.0139999999995952
-1.1489999999998628
-0.6750000000000009
-2.3769999999991454
2.977999999998762
0.3030000000000002
2.196999999999869
1.6139999999980277
4.460999999999371
0.41900000000001614
6.0549999999948945
2.5929999999992837
0.830000000000009
-2.4079999999998223
4.813000000000076
-1.1680000000000417
-4.323999999999897
-4.4399999999996895
-1.6720000000006838
1.8389999999999984
0.7260000000000129
-8.163000000000029
-0.04800000000000001
-1.3129999999999389
1.2879999999999039
-2.2490000000001262
0.07300000000001554
-2.620999999998792
-8.380999999999885
-0.4230000000000003
0.0
-8.987000000000238
1.30999999999991
-0.319000000000008
-0.17699999999999996
-3.6870000000036147
5.160000000000129
-2.6759999999999904
-2.46199999999984
