-435.3839999966164
0.0
0.0
-0.20800000000000016
-0.34200000000000025
-0.016000000000000004
-0.013000000000000001
0.0
9.115000000000386
0.0
-1.3780000000006571
6.110999999998846
2.054999999993726
8.70399999999789
-4.593000000002376
1.5849999999955664
16.06600000000352
11.512999999999058
15.182000000013753
3.9239999999926245
6.4129999999824845
23.82000000007097
15.61299999993902
0.6170000000000029
4.232000000000036
30.109000000013815
5.681999999999015
-4.6080000000019465
-16.556999999991486
0.23399999999999244
4.812999999988126
3.707999999999424
-11.577999999998626
9.989999999999903
5.445000000000105
-7.890999999990835
-10.20699999999196
-7.467000000007157
-9.289999999979054
-20.982000000002913
-14.355000000003743
-0.010000000000000002
-19.816000000000322
7.10899999999887
4.399000000001696
2.9469999999963985
2.1409999999972107
-5.672999999999983
27.808000000004206
0.0
