-519.0759999946374
0.0
0.0
-4.320999999999747
-6.502000000000135
-3.6039999999998247
-8.865999999999987
0.0
5.279000000000091
0.0
-12.385000000005594
7.547000000005476
4.564000000001201
7.421999999970115
-5.053000000000554
0.7150000000000014
18.211000000004155
8.725000000000604
24.16899999999081
5.674999999996898
8.481999999962786
27.216000000104042
18.41500000000757
3.3360000000021897
-8.143999999998824
35.74600000000638
1.2520000000002545
-5.11799999999909
-18.572999999987776
-3.0770000000090776
5.909999999982997
2.2049999999978445
-6.4120000000031085
0.5450000000000005
20.389000000002266
-7.913999999998124
-9.271999999993916
-5.262000000000825
-11.590999999970883
-25.069999999985214
-17.988000000001072
-5.351000000000122
-29.810999999999844
11.44500000001372
3.1409999999985665
1.8839999999941488
1.9419999999956368
-12.012000000003125
17.61999999999924
0.0
