-1097.4239999809613
0.0
0.0
0.0
0.0
0.0
0.0
0.0
0.0
0.0
0.0
0.0
0.0
0.0
0.0
0.0
0.0
0.0
0.0
0.0
0.0
0.0
0.0
0.0
0.0
0.0
0.0
0.0
0.0
0.0
0.0
0.0
0.0
0.0
0.0
0.0
0.0
0.0
0.0
0.0
0.0
0.0
0.0
0.0
0.0
0.0
0.0
0.0
0.0
0.0
0.0
0.0
0.0
0.0
0.0
0.0
0.0
0.0
0.0
0.0
0.0
0.0
0.0
0.0
0.0
0.0
0.0
0.0
-0.36700000000000027
-0.36700000000000027
0.0
0.0
0.0
0.0
0.0
0.0
-0.001
-0.001
-0.001
0.0
0.0
0.0
0.0
0.0
0.0
0.0
0.0
0.0
0.0
0.0
0.0
0.0
0.0
0.0
0.0
0.0
-0.36700000000000027
-0.36700000000000027
-0.36700000000000027
-4.665999999999893
-4.666999999999893
-4.666999999999893
-4.666999999999893
-4.665999999999893
-0.001
-0.001
-0.001
-0.001
-0.001
-0.001
-0.001
0.0
0.0
0.0
0.0
0.0
0.0
0.0
0.0
0.0
0.0
0.0
0.0
0.0
-4.406999999999806
-0.36700000000000027
-13.92799999999772
-13.92799999999772
0.31900000000000023
-1.9149999999999
-1.9179999999998996
-1.9209999999998992
-1.931999999999898
-4.6859999999999
-4.683999999999899
-4.679999999999898
-0.003
-0.003
-0.002
-0.001
0.0
0.0
0.0
0.0
0.0
0.0
0.0
0.0
0.0
-0.013000000000000005
-0.013000000000000005
-11.2569999999992
-15.666999999996756
-2.214999999999867
19.906000000001345
22.530000000004552
42.55099999999153
-27.023000000010043
-20.40800000000196
-16.976999999997766
12.73599999999838
-1.0619999999999938
29.34300000001288
-31.88200000001598
-48.88799999997676
-31.04700000001496
-6.883000000000633
0.3110000000000002
0.8500000000000006
-0.004
0.0
0.0
0.0
0.0
0.0
0.0
0.0
0.0
-0.014000000000000005
-11.2569999999992
-4.114999999999709
17.894999999998888
29.8510000000135
14.780999999997247
-5.323000000000112
16.549999999997244
-7.066000000000694
-11.756999999998923
35.547000000007856
15.995999999996576
-11.4389999999991
5.228000000000081
28.757000000012162
24.865000000007406
0.09000000000000007
4.114999999999709
-2.586999999999826
25.552000000008245
-1.5159999999999438
-0.16800000000000012
0.0
0.0
0.0
0.0
0.0
0.0
1.0619999999999938
5.401000000000138
-0.6330000000000005
-6.294000000000437
32.35600000001529
10.651999999999536
-33.286000000013125
14.05399999999765
-6.353000000000456
71.0699999999753
-29.45000000001301
31.63600000001568
25.69400000000842
5.52500000000018
31.355000000015337
10.088999999999848
-1.7459999999999185
19.744000000001147
7.938000000000986
-22.07000000000399
-17.93099999999893
0.9950000000000008
-0.1230000000000001
-0.008
-0.007
0.0
0.0
0.0
0.0
1.0619999999999938
12.924999999998276
-13.053999999998204
-4.712999999999909
42.017999999992774
32.86200000001411
76.664000000002
9.12900000000038
7.541000000000853
21.698000000003535
12.097999999998734
-7.7820000000009335
33.82000000001188
41.43499999999413
35.84100000000717
3.5989999999997146
21.475000000003263
-6.236000000000417
-16.108999999996705
-12.657999999998424
-13.794999999997794
6.1830000000003995
10.286999999999738
-0.008
-0.007
0.0
0.0
0.0
15.229999999996998
0.002
8.58700000000068
-8.520000000000717
-37.78100000000265
-9.881999999999962
41.686999999993546
-4.322999999999778
21.25200000000299
-14.383999999997467
8.961000000000473
16.049999999996633
26.50500000000941
10.80799999999945
36.29700000000611
40.64199999999598
70.28999999997157
-5.414000000000143
1.2739999999999705
47.1129999999809
53.8079999999653
52.70699999996786
47.603999999979756
10.287999999999737
-0.008
-0.007
0.0
0.0
0.0
0.0
6.370000000000462
48.993999999976516
88.35200000005781
17.69299999999864
7.343000000000787
19.10700000000037
-31.312000000015285
0.8790000000000007
4.308999999999774
0.8200000000000006
12.810999999998339
16.959999999997745
34.92000000000932
24.81000000000734
19.01000000000025
84.40200000003895
24.97500000000754
18.131999999999177
-3.8199999999996903
-17.50299999999841
-0.3820000000000003
34.22800000001093
9.751000000000035
0.0
0.0
0.0
0.0
0.0
0.0
6.371000000000462
54.5779999999635
42.48799999999168
6.974000000000664
-21.55400000000336
9.979999999999908
1.923999999999899
12.734999999998381
28.546000000011905
3.3619999999997408
32.20300000001565
59.87299999995116
44.54799999998688
93.74500000008356
54.61799999996341
51.62699999997038
116.44800000019197
31.670000000015722
20.18100000000168
3.0359999999997767
26.098000000008913
3.614999999999713
9.897999999999954
-0.001
-0.001
0.0
0.0
0.0
0.0
11.955999999998813
47.09299999998095
16.821999999997576
-1.1929999999999794
8.331000000000822
-30.25300000001399
7.085000000000701
20.08300000000156
18.194999999999254
-12.857999999998313
-78.0030000000084
-10.584999999999573
17.736999999998694
29.743000000013367
21.512000000003308
45.347999999985014
77.01000000000366
-6.318000000000445
-11.432999999999103
76.27600000000015
16.397999999997058
33.99500000001147
-9.568000000000136
-0.001
-0.001
0.0
0.0
0.0
0.0
5.5870000000002005
68.50399999996304
38.85300000000015
12.373999999998581
-44.153999999987796
-52.44199999996848
2.0649999999998836
-16.494999999997177
-20.74500000000237
-75.1759999999949
-29.04000000001251
-97.31600000010062
-9.100000000000396
-41.67599999999357
48.6579999999773
-11.290999999999181
26.98700000001
16.257999999996887
-17.310999999998174
-30.299000000014047
12.101999999998732
-29.191000000012693
-9.56200000000014
0.008
-0.001
0.0
0.0
0.0
0.0
5.5870000000002005
23.357000000005563
12.237999999998657
31.943000000016056
9.050000000000423
14.151999999997596
-4.843999999999952
5.460000000000158
-6.038000000000351
-54.94499999996265
-51.75499999997008
-23.169000000005333
-14.579999999997359
17.555999999998473
76.50600000000125
-60.742999999949134
12.471999999998527
4.923999999999979
-19.832000000001255
-19.776000000001186
33.10400000001355
-5.379000000000131
-3.941999999999677
0.027000000000000017
0.0
0.0
0.0
0.0
0.0
0.0
-6.6410000000005525
6.474000000000497
5.319000000000111
-6.925000000000647
11.487999999999072
-9.482000000000184
-19.134000000000402
-2.423999999999844
-0.9290000000000007
-46.41299999998253
-27.16900000001022
-12.91599999999828
-35.01800000000909
28.210000000011494
-3.4919999999997264
-3.5169999999997237
-4.838999999999951
23.92700000000626
44.80799999998627
0.4030000000000003
5.409000000000141
0.6570000000000005
-4.0119999999996745
-0.003
0.0
0.0
0.0
0.0
0.0
-2.7189999999998116
24.554000000007026
35.19000000000869
5.306000000000107
-24.817000000007347
43.510999999989295
2.00599999999989
-27.468000000010587
-13.939999999997713
39.55299999999852
-20.047000000001518
1.7139999999999223
-38.057000000002006
21.458000000003242
7.452000000000823
55.86099999996051
40.790999999995634
12.941999999998266
15.5889999999968
-14.785999999997244
-3.8999999999996815
-22.950000000005065
-4.037999999999683
0.0
0.0
0.0
0.0
0.0
0.0
2.3949999999998473
25.699000000008425
-17.006999999997802
28.504000000011853
9.193000000000344
3.5349999999997217
-19.449000000000787
-47.3689999999803
3.287999999999749
-2.997999999999781
-2.0559999999998846
8.548000000000702
74.46699999999151
4.29799999999977
8.529000000000712
12.723999999998387
-10.653999999999535
-3.657999999999708
-17.853999999998837
-15.65899999999676
-10.849999999999426
-0.4280000000000003
-4.030999999999681
0.0
0.0
0.0
0.0
0.0
0.002
2.3939999999998474
25.697000000008423
16.109999999996706
-8.213000000000887
-31.271000000015235
-50.82399999997225
-47.367999999980306
-36.63500000000532
-42.935999999990635
-10.75099999999948
-8.796000000000564
25.460000000008133
36.11000000000654
-8.824000000000549
-31.377000000015364
5.249000000000088
48.84999999997685
13.522999999997944
11.303999999999174
-12.206999999998674
-13.99999999999768
20.47500000000204
0.0
0.0
-0.009000000000000001
0.0
0.0
0.0
0.002
-4.663999999999892
-10.473999999999634
-15.508999999996844
-37.60000000000307
-46.0389999999834
-33.80200000001192
-15.671999999996753
-42.6079999999914
32.92300000001397
14.816999999997227
35.256000000008534
-6.6500000000005555
3.6469999999997094
-6.2130000000004095
0.1460000000000001
-16.793999999997542
-10.315999999999722
-20.174000000001673
7.1560000000007244
-38.72000000000046
-26.068000000008876
19.711000000001107
0.0
0.0
-0.009000000000000001
0.0
0.0
0.0
0.0
-0.003
-10.649999999999537
-22.747000000004817
-63.57999999994252
-21.45500000000324
29.462000000013024
10.659999999999531
-14.314999999997505
11.548999999999038
-1.2669999999999715
-14.211999999997563
-33.161000000013416
15.634999999996774
2.534999999999832
-34.94100000000927
-12.558999999998479
-27.24100000001031
-20.414000000001966
12.524999999998498
-13.991999999997685
-40.61199999999605
-1.6839999999999253
-0.001
-0.001
0.0
0.0
0.0
0.0
0.0
-0.5340000000000004
-6.45300000000049
-17.008999999997805
-20.411000000001962
-4.271999999999761
4.548999999999854
12.14099999999871
-45.377999999984944
3.415999999999735
23.941000000006277
-7.067000000000695
10.566999999999583
-46.8989999999814
-28.96000000001241
9.300000000000285
-27.652000000010812
-27.663000000010825
-27.277000000010354
5.46500000000016
-12.633999999998437
-14.314999999997505
-1.6819999999999256
-0.001
-0.001
0.0
0.0
0.0
0.0
0.0
-0.5340000000000004
-6.457000000000491
0.9160000000000007
-31.020000000014928
2.5179999999998337
25.339000000007985
-0.3110000000000003
-12.147999999998706
-4.71699999999991
13.685999999997854
-16.975999999997764
-7.792000000000937
40.202999999997004
9.84899999999998
0.48000000000000037
-33.861000000011785
-34.86300000000945
3.321999999999745
-4.5419999999998515
-23.8780000000062
-23.8780000000062
-0.001
-0.001
-0.001
0.0
0.0
0.0
0.0
0.0
-0.5350000000000004
-13.359999999998035
2.614999999999823
14.913999999997174
20.731000000002354
-43.21799999998998
-3.4259999999997337
-30.074000000013772
-15.06399999999709
36.418000000005826
-38.61200000000071
25.78600000000853
-1.9299999999998982
9.509000000000169
-28.36100000001168
-25.20400000000782
-49.380999999975614
-30.675000000014506
7.540000000000853
-22.849000000004942
-12.42999999999855
-0.001
0.0
0.0
0.0
0.0
0.0
0.0
0.0
-6.905000000000641
9.601000000000118
2.6669999999998173
39.28199999999915
51.60599999997043
17.188999999998025
8.612000000000666
-52.17099999996911
14.983999999997135
-27.12800000001017
-34.47800000001035
21.757000000003607
4.95799999999999
-22.188000000004134
24.407000000006846
-3.9749999999996732
-33.84900000001181
-29.240000000012753
7.529000000000849
-21.6690000000035
-18.098999999999137
-0.001
0.0
0.0
0.0
0.0
0.0
0.0
0.0
0.0
0.0
17.968999999998978
12.263999999998642
21.30100000000305
-26.59400000000952
15.107999999997066
43.54699999998921
28.948000000012396
18.260999999999335
27.301000000010383
21.705000000003544
21.364000000003127
25.836000000008593
-23.13300000000529
42.4779999999917
13.815999999997782
17.261999999998114
10.19299999999979
-10.420999999999664
-3.5659999999997183
-0.001
0.0
0.0
0.0
0.0
0.0
0.0
0.0
0.0
0.001
4.591999999999868
-12.788999999998351
-6.1560000000003905
5.1800000000000646
58.96799999995327
12.66599999999842
-0.5940000000000004
2.071999999999883
4.165999999999726
-4.190999999999734
54.05899999996471
42.167999999992425
50.42999999997317
67.82199999995979
44.214999999987654
18.619999999999774
17.06299999999787
26.436000000009326
-3.5649999999997184
0.0
0.0
0.0
0.0
0.0
0.0
