-1.4999999999999456
0.0
0.0
0.0
0.0
0.0
0.0
0.0
0.0
0.0
0.0
0.0
0.0
0.0
0.0
0.0
0.0
0.0
0.0
0.0
0.0
0.0
0.0
0.0
0.0
0.0
0.0
0.0
0.0
0.0
0.0
0.0
0.0
0.0
0.0
0.0
0.0
0.0
0.0
0.0
0.0
0.0
0.0
0.0
0.0
0.0
0.0
0.0
0.0
0.0
0.0
0.0
0.0
0.0
0.0
0.0
0.0
0.0
0.0
0.0
0.0
0.0
0.0
0.0
0.0
0.0
0.0
0.0
0.0
0.0
0.0
0.0
0.0
0.0
0.0
0.0
-0.002
-0.002
-0.002
0.0
0.0
0.0
0.0
0.0
0.0
0.0
0.0
0.0
0.0
0.0
0.0
0.0
0.0
0.0
0.0
-0.001
0.0
0.0
0.0
0.0
0.0
0.0
0.0
0.0
-0.003
-0.003
-0.003
-0.005
-0.003
-0.002
0.0
0.0
0.0
0.0
0.0
0.0
0.0
0.0
0.0
0.0
0.0
0.0
0.0
-0.001
-0.006
0.0
-0.002
-0.005
-0.005
-0.004
-0.006
-0.009000000000000001
-0.010000000000000002
-0.006
-0.007
-0.009000000000000001
-0.005
-0.003
-0.005
-0.002
-0.002
0.0
0.0
0.0
0.0
0.0
0.0
0.0
0.0
0.0
0.0
-0.009000000000000001
-0.01900000000000001
-0.022000000000000013
0.02900000000000002
0.008
0.025000000000000015
-0.047000000000000035
-0.04500000000000003
-0.07300000000000005
-0.04000000000000003
-0.04900000000000004
-0.01900000000000001
-0.015000000000000006
-0.05200000000000004
-0.04100000000000003
-0.02100000000000001
0.0
0.005
-0.003
0.0
0.0
0.0
0.0
0.0
0.0
0.0
0.0
0.0
-0.008
-0.036000000000000025
-0.011000000000000003
0.023000000000000013
0.05400000000000004
0.0
0.03400000000000002
-0.04300000000000003
-0.017000000000000008
0.04100000000000003
0.011000000000000003
-0.013000000000000005
-0.08300000000000006
0.008
0.012000000000000004
0.024000000000000014
0.028000000000000018
0.05000000000000004
0.009000000000000001
-0.02100000000000001
-0.014000000000000005
0.0
0.0
0.0
0.0
0.0
0.0
0.0
0.0
-0.014000000000000005
-0.02100000000000001
0.015000000000000006
0.04900000000000004
-0.01900000000000001
-0.01900000000000001
-0.06100000000000004
0.09000000000000007
0.03300000000000002
0.03100000000000002
0.010000000000000002
0.05100000000000004
0.017000000000000008
-0.006
-0.001
0.05400000000000004
-0.035000000000000024
-0.03200000000000002
0.013000000000000005
0.016000000000000007
0.002
-0.006
-0.004
0.0
0.0
0.0
0.0
0.0
0.036000000000000025
-0.007
0.011000000000000003
0.07100000000000005
-0.006
0.11500000000000009
0.09100000000000007
-0.006
0.046000000000000034
0.015000000000000006
0.025000000000000015
0.06500000000000004
0.06300000000000004
0.09400000000000007
0.04300000000000003
0.06900000000000005
0.007
-0.046000000000000034
0.03000000000000002
-0.017000000000000008
0.03400000000000002
0.0
-0.007
-0.004
0.0
0.0
0.0
0.03900000000000003
0.012000000000000004
0.05600000000000004
0.002
-0.01900000000000001
0.015000000000000006
-0.012000000000000004
-0.06700000000000005
0.10200000000000008
-0.09500000000000007
0.05400000000000004
0.07300000000000005
0.06900000000000005
-0.05100000000000004
0.028000000000000018
0.04300000000000003
0.1550000000000001
0.03800000000000003
-0.025000000000000015
0.05500000000000004
0.09200000000000007
0.12000000000000009
0.09400000000000007
0.004
-0.005
-0.004
0.0
0.0
0.0
0.0
0.012000000000000004
0.05600000000000004
0.07400000000000005
0.03000000000000002
0.024000000000000014
0.0
-0.059000000000000045
0.01800000000000001
-0.025000000000000015
0.08300000000000006
0.002
0.037000000000000026
0.04000000000000003
0.09000000000000007
0.07300000000000005
0.1420000000000001
0.08200000000000006
-0.007
-0.05100000000000004
-0.017000000000000008
-0.005
0.06800000000000005
-0.001
0.0
0.0
0.0
0.0
0.0
0.0
0.012000000000000004
0.057000000000000044
0.060000000000000046
0.02000000000000001
-0.012000000000000004
0.005
0.04000000000000003
0.015000000000000006
-0.04200000000000003
-0.03400000000000002
-0.014000000000000005
0.09500000000000007
-0.001
0.16800000000000012
0.10000000000000007
0.1210000000000001
0.19000000000000014
0.06600000000000004
-0.004
-0.005
-0.03400000000000002
0.022000000000000013
0.014000000000000005
0.0
0.0
0.0
0.0
0.0
0.0
0.0
0.014000000000000005
0.02900000000000002
-0.02100000000000001
0.03300000000000002
-0.09300000000000007
-0.004
0.003
0.009000000000000001
0.022000000000000013
-0.07900000000000006
-0.06100000000000004
-0.026000000000000016
0.07500000000000005
0.07800000000000006
0.06800000000000005
0.06800000000000005
-0.01800000000000001
0.046000000000000034
0.07000000000000005
-0.03300000000000002
0.05500000000000004
-0.023000000000000013
0.0
0.0
0.0
0.0
0.0
0.0
0.0
0.0
0.017000000000000008
0.06100000000000005
-0.008
-0.07000000000000005
-0.04500000000000003
-0.06300000000000004
0.015000000000000006
-0.04500000000000003
-0.06300000000000004
-0.1520000000000001
-0.07100000000000005
-0.08300000000000006
0.01900000000000001
-0.10100000000000008
0.03900000000000003
0.05100000000000004
-0.012000000000000004
-0.04200000000000003
-0.004
-0.05300000000000004
-0.037000000000000026
-0.003
0.0
0.0
0.0
0.0
0.0
0.0
0.0
0.03800000000000003
0.013000000000000005
0.004
0.017000000000000008
0.010000000000000002
-0.06400000000000004
-0.017000000000000008
-0.07800000000000006
-0.08600000000000006
-0.04000000000000003
-0.03000000000000002
0.03200000000000002
0.057000000000000044
-0.09000000000000007
0.014000000000000005
0.07800000000000006
-0.008
0.002
0.02900000000000002
-0.05600000000000004
-0.03000000000000002
0.012000000000000004
0.0
0.0
0.0
0.0
0.0
0.0
-0.001
0.036000000000000025
0.037000000000000026
-0.04300000000000003
-0.003
0.037000000000000026
0.016000000000000007
0.005
-0.01900000000000001
-0.11200000000000009
-0.05200000000000004
0.025000000000000015
-0.025000000000000015
0.025000000000000015
0.08000000000000006
0.03000000000000002
0.047000000000000035
0.05300000000000004
0.10100000000000008
-0.013000000000000005
-0.014000000000000005
-0.010000000000000002
0.010000000000000002
-0.004
0.0
0.0
0.0
0.0
0.0
-0.001
0.06200000000000005
0.07100000000000005
0.03000000000000002
-0.05200000000000004
0.007
0.046000000000000034
-0.006
0.027000000000000017
-0.017000000000000008
-0.01800000000000001
-0.08700000000000006
-0.04300000000000003
0.046000000000000034
-0.001
-0.04900000000000004
0.09000000000000007
0.09400000000000007
0.048000000000000036
-0.04500000000000003
0.017000000000000008
0.002
-0.004
0.0
0.0
0.0
0.0
0.0
0.0
0.014000000000000005
0.05400000000000004
0.001
0.003
-0.003
0.002
-0.04000000000000003
-0.057000000000000044
0.059000000000000045
-0.04200000000000003
0.02100000000000001
-0.047000000000000035
0.10300000000000008
-0.02900000000000002
0.022000000000000013
0.006
-0.011000000000000003
0.046000000000000034
-0.027000000000000017
-0.02100000000000001
-0.04000000000000003
-0.003
-0.005
0.0
0.0
0.0
0.0
0.0
0.012000000000000004
0.027000000000000017
0.046000000000000034
0.008
-0.014000000000000005
-0.06500000000000004
-0.05500000000000004
-0.1310000000000001
-0.06200000000000004
-0.048000000000000036
-0.013000000000000005
0.02000000000000001
-0.04400000000000003
0.048000000000000036
-0.05600000000000004
-0.05200000000000004
-0.02900000000000002
0.02000000000000001
-0.047000000000000035
-0.005
-0.07600000000000005
-0.05500000000000004
-0.003
0.0
0.0
0.0
0.0
0.0
0.0
0.012000000000000004
0.012000000000000004
-0.017000000000000008
-0.04500000000000003
-0.08100000000000006
-0.05300000000000004
-0.03400000000000002
0.010000000000000002
-0.002
0.02900000000000002
0.002
0.023000000000000013
-0.05600000000000004
0.027000000000000017
0.017000000000000008
0.03300000000000002
-0.03300000000000002
-0.04500000000000003
-0.02900000000000002
0.022000000000000013
-0.06400000000000004
-0.05600000000000004
-0.006
0.0
0.0
0.0
0.0
0.0
0.0
0.0
0.0
-0.01800000000000001
-0.047000000000000035
-0.07900000000000006
-0.03400000000000002
-0.001
0.01800000000000001
0.0
0.05600000000000004
-0.01800000000000001
0.02000000000000001
-0.06100000000000005
0.037000000000000026
-0.037000000000000026
-0.05500000000000004
-0.04400000000000003
-0.06200000000000005
-0.08500000000000006
-0.016000000000000007
-0.04300000000000003
-0.04000000000000003
0.0
0.0
0.0
0.0
0.0
0.0
0.0
0.0
0.0
-0.008
-0.03000000000000002
-0.04200000000000003
-0.06400000000000004
0.022000000000000013
-0.035000000000000024
0.005
0.017000000000000008
-0.04300000000000003
0.02000000000000001
0.004
-0.05500000000000004
-0.05100000000000004
0.01800000000000001
-0.04000000000000003
-0.07900000000000006
-0.05400000000000004
0.023000000000000013
-0.005
-0.001
0.0
0.0
0.0
0.0
0.0
0.0
0.0
0.0
-0.001
-0.008
-0.002
-0.008
-0.015000000000000006
0.012000000000000004
0.001
0.006
0.047000000000000035
0.04400000000000003
-0.07700000000000005
0.016000000000000007
0.012000000000000004
-0.008
0.004
-0.003
-0.11100000000000008
-0.005
0.02100000000000001
-0.012000000000000004
-0.010000000000000002
0.0
0.0
0.0
0.0
0.0
0.0
0.0
0.0
-0.001
0.0
0.02000000000000001
0.008
-0.016000000000000007
-0.06200000000000004
-0.017000000000000008
-0.04000000000000003
0.028000000000000018
0.08500000000000006
-0.026000000000000016
-0.010000000000000002
-0.028000000000000018
0.06100000000000004
-0.07900000000000006
-0.05500000000000004
-0.08000000000000006
-0.010000000000000002
-0.009000000000000001
-0.05200000000000004
-0.010000000000000002
0.0
0.0
0.0
0.0
0.0
0.0
0.0
0.0
-0.001
0.024000000000000014
0.026000000000000016
0.025000000000000015
0.07000000000000005
-0.011000000000000003
-0.008
0.004
-0.011000000000000003
0.010000000000000002
-0.05200000000000004
0.012000000000000004
-0.023000000000000013
0.02000000000000001
0.006
-0.03400000000000002
-0.06500000000000004
-0.004
-0.008
-0.05100000000000004
-0.027000000000000017
0.0
0.0
0.0
0.0
0.0
0.0
0.0
0.0
-0.001
-0.001
0.03300000000000002
0.07400000000000005
0.024000000000000014
-0.023000000000000013
-0.004
0.002
-0.03300000000000002
0.012000000000000004
0.006
0.11000000000000008
0.015000000000000006
0.022000000000000013
-0.06400000000000004
0.06600000000000004
-0.05200000000000004
0.005
0.001
-0.04100000000000003
-0.023000000000000013
0.0
0.0
0.0
0.0
0.0
0.0
0.0
0.0
0.0
-0.001
0.024000000000000014
0.025000000000000015
0.0
-0.02100000000000001
0.06200000000000004
0.03800000000000003
-0.01800000000000001
-0.028000000000000018
0.03000000000000002
0.002
0.01800000000000001
0.03000000000000002
0.07700000000000005
0.06800000000000005
0.012000000000000004
0.03100000000000002
0.01900000000000001
0.05300000000000004
-0.023000000000000013
0.0
0.0
0.0
0.0
0.0
0.0
