-142.5050000003164
0.0
0.0
0.0
0.0
0.0
0.0
0.0
0.0
0.0
0.0
0.0
0.0
0.0
0.0
0.0
0.0
0.0
0.0
0.0
0.0
0.0
0.0
0.0
0.0
0.0
0.0
0.0
0.0
0.0
0.0
0.0
0.0
0.0
0.0
0.0
0.0
0.0
0.0
0.0
0.0
0.0
0.0
0.0
0.0
0.0
0.0
0.0
0.0
0.0
0.0
0.0
0.0
0.0
0.0
0.0
0.0
0.0
0.0
0.0
0.0
0.0
0.0
0.0
0.0
0.0
0.0
0.0
-0.002
-0.002
-0.001
-0.001
-0.001
0.0
0.0
0.0
-0.001
-0.001
-0.001
0.0
0.0
0.0
0.0
0.0
0.0
0.0
0.0
0.0
0.0
0.0
0.0
0.0
0.0
0.0
0.0
-0.001
-0.002
-0.002
-0.002
-0.18200000000000013
-0.18200000000000013
-0.18200000000000013
-0.44500000000000034
-0.44500000000000034
-0.2650000000000002
-0.2650000000000002
-0.2650000000000002
-0.2650000000000002
-0.001
0.0
0.0
0.0
0.0
0.0
0.0
0.0
0.0
0.0
0.0
0.0
0.0
0.0
0.0
-0.001
-0.2910000000000002
-0.003
-1.904999999999901
-1.9069999999999008
-2.469999999999839
-2.73299999999981
-2.73399999999981
-2.7369999999998096
-2.7369999999998096
-0.45100000000000035
-0.44800000000000034
-0.44900000000000034
-0.2650000000000002
-0.2640000000000002
0.0
0.0
0.0
0.0
0.0
0.0
0.0
0.0
0.0
0.0
0.0
-0.4130000000000003
-0.4130000000000003
-2.00799999999989
-3.885999999999683
0.8600000000000007
1.9269999999998986
5.470000000000161
5.1290000000000475
-1.7529999999999177
-0.014000000000000005
-1.6369999999999305
0.9730000000000008
-4.995000000000003
-1.5949999999999351
-5.685000000000233
-4.822999999999945
-2.441999999999842
-0.5700000000000004
-0.44100000000000034
-0.17800000000000013
-0.007
-0.003
-0.003
0.0
0.0
0.0
0.0
0.0
0.0
-0.4130000000000003
-2.0089999999998898
-6.480000000000499
-3.711999999999702
3.568999999999718
1.7789999999999149
-2.09599999999988
2.7729999999998056
-1.6529999999999287
-3.3839999999997383
7.852000000000957
2.2729999999998607
-1.6909999999999246
-3.6649999999997074
2.5189999999998336
-0.013000000000000005
2.8219999999998002
-1.0030000000000003
-1.4529999999999508
0.4870000000000004
-0.9280000000000007
-0.8070000000000006
-0.001
0.0
0.0
0.0
0.0
0.0
0.0
1.0000000000000007
0.3940000000000003
-2.8379999999997985
1.7479999999999183
4.666999999999893
-3.702999999999703
2.831999999999799
1.8939999999999022
8.185000000000903
-4.161999999999725
2.4219999999998443
4.832999999999949
2.089999999999881
1.2029999999999783
1.941999999999897
1.6929999999999243
5.521000000000178
-4.000999999999671
-1.5389999999999413
-0.08600000000000006
1.0589999999999942
-0.9870000000000008
-0.17400000000000013
-0.007
0.0
0.0
0.0
0.0
0.003
1.0030000000000003
-1.1539999999999837
-0.3770000000000003
9.808000000000003
-0.017000000000000008
11.532999999999047
1.6519999999999289
0.4220000000000003
8.699000000000618
-3.3709999999997398
-1.8469999999999074
4.785999999999933
6.262000000000426
8.852000000000533
-0.8130000000000006
2.686999999999815
0.5520000000000004
-2.306999999999857
-4.585999999999866
-1.113999999999988
3.060999999999774
0.5720000000000004
-0.17400000000000013
-0.007
0.0
0.0
0.0
3.8089999999996915
0.003
0.21200000000000016
-1.5629999999999387
-6.271000000000429
-2.015999999999889
-0.43600000000000033
-1.2089999999999776
9.666000000000082
-5.853000000000289
4.977999999999997
2.2669999999998613
5.997000000000337
0.48000000000000037
3.7089999999997025
10.151999999999813
4.127999999999713
3.1989999999997587
-3.179999999999761
7.2490000000007555
3.131999999999766
5.79400000000027
6.175000000000397
0.7450000000000006
-0.007
-0.006
0.0
0.0
0.0
0.0
0.015000000000000006
6.996000000000671
10.035999999999877
3.1189999999997675
0.5000000000000003
1.0279999999999976
-8.870000000000523
2.2449999999998638
-4.844999999999953
7.798000000000939
0.8270000000000006
7.05400000000069
3.749999999999698
2.7809999999998047
3.6169999999997127
7.215000000000744
2.0579999999998844
-3.179999999999761
-3.0629999999997737
-1.4849999999999473
1.5579999999999392
5.425000000000146
0.3750000000000003
-0.004
0.0
0.0
0.0
0.0
0.0
0.013000000000000005
6.99300000000067
5.294000000000103
-1.8379999999999084
-2.55099999999983
1.2849999999999693
1.7799999999999148
3.596999999999715
3.9009999999996814
3.7899999999996936
3.3659999999997403
7.735000000000918
4.724999999999913
11.85199999999887
10.222999999999773
7.086000000000701
20.070000000001546
5.224000000000079
3.9659999999996742
1.2099999999999775
5.274000000000096
-0.1430000000000001
1.1759999999999813
-0.003
0.0
0.0
0.0
0.0
0.0
0.013000000000000005
6.786000000000601
2.569999999999828
-0.43800000000000033
-2.351999999999852
-8.510000000000723
2.2679999999998612
1.9349999999998977
-5.947000000000321
-2.968999999999784
-8.917000000000497
0.12600000000000008
4.311999999999775
4.906999999999973
5.489000000000168
5.529000000000181
11.071999999999303
-3.157999999999763
-0.35900000000000026
10.87799999999941
1.8279999999999095
4.378999999999797
-1.3989999999999567
0.0
0.0
0.0
0.0
0.0
0.0
0.0
9.726000000000049
6.829000000000615
2.414999999999845
-3.8809999999996836
-3.742999999999699
-0.6490000000000005
-2.1659999999998725
-2.2459999999998637
-12.21499999999867
-0.7590000000000006
-12.190999999998683
-4.140999999999718
-9.754000000000033
0.7390000000000005
-1.997999999999891
-4.14699999999972
3.668999999999707
-3.4259999999997337
-3.4119999999997352
0.9360000000000007
-2.0289999999998876
-1.5469999999999404
-0.1310000000000001
0.0
0.0
0.0
0.0
0.0
0.0
3.6169999999997127
4.009999999999674
6.407000000000474
2.452999999999841
2.5029999999998354
-4.160999999999724
3.9019999999996813
-5.738000000000251
-5.460000000000158
-2.197999999999869
1.5929999999999354
-4.289999999999767
-1.0889999999999909
3.950999999999676
-3.7549999999996975
-1.7009999999999235
1.6859999999999251
-0.7790000000000006
-4.290999999999768
2.4919999999998366
0.5530000000000004
-0.16100000000000012
-0.1370000000000001
0.0
0.0
0.0
0.0
0.0
0.0
-0.16200000000000012
-3.3459999999997425
-1.495999999999946
-0.6220000000000004
0.12200000000000008
-1.6029999999999343
0.16800000000000012
1.2669999999999713
-1.6359999999999306
-5.589000000000201
-8.378000000000796
0.08700000000000006
-3.841999999999688
4.959999999999991
4.779999999999931
-0.8750000000000007
-0.35800000000000026
-2.7579999999998073
6.073000000000363
-1.3299999999999643
0.22100000000000017
-0.1570000000000001
-0.2910000000000002
-0.001
0.0
0.0
0.0
0.0
-0.2640000000000002
0.22900000000000018
2.677999999999816
3.8259999999996896
1.9539999999998956
-0.10700000000000008
4.65699999999989
1.9919999999998914
-5.5480000000001874
0.25500000000000017
7.2250000000007475
-0.17800000000000013
-0.3170000000000002
-6.6500000000005555
5.711000000000242
7.62200000000088
4.783999999999932
7.299000000000772
5.0930000000000355
3.206999999999758
-3.593999999999715
-0.8320000000000006
-3.55199999999972
-0.2870000000000002
0.0
0.0
0.0
0.0
0.0
-0.2640000000000002
1.64199999999993
3.404999999999736
-2.5849999999998263
0.8490000000000006
-0.5820000000000004
2.1269999999998768
-1.4439999999999518
-6.60500000000054
3.3439999999997427
0.04100000000000003
4.483999999999832
3.6809999999997056
4.789999999999934
-3.986999999999672
0.35700000000000026
0.5360000000000004
0.8990000000000007
0.47800000000000037
-2.078999999999882
-2.9199999999997894
-3.6449999999997096
-3.5279999999997225
1.033999999999997
0.0
0.0
0.0
0.0
0.0
0.001
0.9670000000000007
0.9980000000000007
-0.8290000000000006
0.1370000000000001
-3.750999999999698
-5.76600000000026
-8.506000000000725
-8.381000000000794
-8.010000000001
-2.00699999999989
0.23600000000000018
2.195999999999869
5.801000000000272
-8.058000000000973
-9.054000000000421
-2.569999999999828
5.787000000000267
3.9079999999996806
2.1099999999998786
-3.4729999999997285
-3.221999999999756
-0.11800000000000009
0.0
0.0
-1.3009999999999675
0.0
0.0
0.0
0.001
-0.44600000000000034
-0.1310000000000001
-1.713999999999922
-4.65799999999989
-3.6749999999997063
-4.946999999999987
-1.0030000000000003
-4.758999999999924
3.91199999999968
2.1369999999998757
6.217000000000411
-2.606999999999824
3.1749999999997613
2.9489999999997862
-0.1490000000000001
-0.8150000000000006
-0.19600000000000015
-5.5990000000002045
1.8469999999999074
-5.357000000000124
-5.028000000000014
-0.002
0.0
0.0
-1.3009999999999675
0.0
0.0
0.0
0.0
-0.003
-0.44400000000000034
-3.678999999999706
-8.06500000000097
-4.803999999999939
3.5709999999997177
0.09500000000000007
-0.25300000000000017
6.666000000000561
-0.6810000000000005
0.18300000000000013
-6.582000000000533
3.304999999999747
-1.469999999999949
-4.400999999999804
0.2970000000000002
-3.521999999999723
-4.251999999999755
0.6740000000000005
-4.232999999999748
-4.231999999999748
-0.002
0.0
0.0
0.0
0.0
0.0
0.0
0.0
-0.003
-1.204999999999978
-2.259999999999862
-2.3639999999998507
-6.882000000000633
1.2029999999999783
1.1179999999999877
-1.9439999999998967
2.5819999999998267
-0.32200000000000023
2.131999999999876
0.3750000000000003
-3.7109999999997023
-0.4870000000000004
0.010000000000000002
-5.258000000000091
-8.951000000000478
-1.7849999999999142
3.5749999999997173
-0.8600000000000007
-0.8600000000000007
-0.002
0.0
0.0
0.0
0.0
0.0
0.0
0.0
-0.003
-1.204999999999978
1.377999999999959
-0.9470000000000007
0.2930000000000002
4.86799999999996
-1.676999999999926
2.3039999999998573
3.578999999999717
1.0639999999999936
-1.9189999999998995
0.1520000000000001
2.7899999999998037
1.5199999999999434
3.2259999999997557
-5.130000000000048
-6.909000000000642
1.6469999999999294
4.400999999999804
-2.4559999999998405
-2.4549999999998406
-0.001
0.0
0.0
0.0
0.0
0.0
0.0
0.0
-0.002
-1.2029999999999783
2.4269999999998437
0.9680000000000007
-1.595999999999935
-5.401000000000138
-5.152000000000055
-5.462000000000159
-4.754999999999923
9.036000000000431
-6.344000000000453
4.1079999999997066
-1.1739999999999815
2.851999999999797
-4.195999999999736
-1.6749999999999263
-6.660000000000559
-2.878999999999794
2.679999999999816
-3.657999999999708
-2.0729999999998827
0.0
0.0
0.0
0.0
0.0
0.0
0.0
0.0
-0.003
3.631999999999711
2.4369999999998426
2.423999999999844
5.977000000000331
-1.1629999999999827
0.2910000000000002
-5.193000000000069
1.5939999999999352
0.7560000000000006
-1.4799999999999478
0.8470000000000006
0.47600000000000037
-6.027000000000347
5.326000000000113
0.9280000000000007
-7.310000000000776
-2.879999999999794
2.6829999999998155
-3.1939999999997593
-1.5999999999999346
0.0
0.0
0.0
0.0
0.0
0.0
0.0
0.0
0.0
0.001
3.6439999999997097
5.484000000000166
1.82299999999991
1.2269999999999757
-1.2349999999999748
6.1590000000003915
-5.095000000000036
-0.9950000000000008
1.587999999999936
3.749999999999698
2.769999999999806
2.8309999999997992
-0.33700000000000024
5.743000000000253
-0.5940000000000004
0.6890000000000005
3.5649999999997184
-1.595999999999935
-1.586999999999936
0.0
0.0
0.0
0.0
0.0
0.0
0.0
0.0
0.0
0.001
1.6549999999999285
1.4949999999999461
1.1439999999999848
1.8989999999999017
8.558000000000696
2.5919999999998256
0.7900000000000006
2.651999999999819
1.985999999999892
-0.2990000000000002
2.8569999999997964
1.6269999999999316
8.607000000000669
6.63300000000055
4.789999999999934
2.380999999999849
3.6439999999997097
6.583000000000533
-1.5849999999999362
0.0
0.0
0.0
0.0
0.0
0.0
