-290.4720000000431
0.0
0.0
0.0
0.0
0.0
0.0
0.0
0.0
0.0
0.0
0.0
0.0
0.0
0.0
0.0
0.0
0.0
0.0
0.0
0.0
0.0
0.0
0.0
0.0
0.0
0.0
0.0
0.0
0.0
0.0
0.0
0.0
0.0
0.0
0.0
0.0
0.0
0.0
0.0
0.0
0.0
0.0
0.0
0.0
0.0
0.0
0.0
0.0
0.0
0.0
0.0
0.0
0.0
0.0
0.0
0.0
0.0
0.0
0.0
0.0
0.0
0.0
0.0
0.0
0.0
0.0
0.0
-0.005
-0.005
0.0
0.0
0.0
0.0
0.0
0.0
0.0
0.0
0.0
0.0
0.0
0.0
0.0
0.0
0.0
0.0
0.0
0.0
0.0
0.0
0.0
0.0
0.0
0.0
0.0
0.0
-0.005
-0.005
-0.005
-0.23500000000000018
-0.5380000000000004
-0.5380000000000004
-0.5380000000000004
-0.5370000000000004
-0.002
-0.002
-0.002
-0.002
-0.001
0.0
0.0
0.0
0.0
0.0
0.0
0.0
0.0
0.0
0.0
0.0
0.0
0.0
-0.001
-0.001
-0.6410000000000005
-0.006
-3.4019999999997363
-3.4019999999997363
-0.2840000000000002
-0.2950000000000002
-0.2950000000000002
-0.3080000000000002
-0.3920000000000003
-0.6370000000000005
-0.32200000000000023
-0.3180000000000002
-0.004
-0.002
-0.001
-0.001
-0.001
0.0
0.0
0.0
0.0
0.0
0.0
0.0
0.0
-0.04000000000000003
-0.04000000000000003
-2.3649999999998506
-3.131999999999766
1.1949999999999792
6.257000000000424
6.256000000000424
9.908999999999947
-8.852000000000533
-7.050000000000689
-2.179999999999871
2.0769999999998823
0.6480000000000005
10.810999999999447
-6.756000000000591
-13.53099999999794
-6.906000000000641
-1.4799999999999478
1.1579999999999833
1.3469999999999624
-0.002
0.0
0.0
0.0
0.0
0.0
0.0
0.0
0.0
-0.04300000000000003
-2.3669999999998503
0.04900000000000004
3.240999999999754
9.185000000000349
5.202000000000072
2.00699999999989
2.879999999999794
-5.977000000000331
1.1569999999999834
5.514000000000176
3.5999999999997145
0.06400000000000004
3.7109999999997023
7.930000000000983
3.2709999999997508
2.025999999999888
-4.115999999999709
0.7030000000000005
7.304000000000774
-0.23000000000000018
-0.7750000000000006
-0.001
0.0
0.0
0.0
0.0
0.0
1.0529999999999948
3.560999999999719
0.8030000000000006
-2.152999999999874
5.101000000000038
3.9069999999996807
-10.891999999999403
6.011000000000342
0.04200000000000004
14.533999999997384
-8.314000000000831
5.532000000000182
6.345000000000454
1.2809999999999697
6.525000000000514
3.5659999999997183
-1.259999999999972
4.5509999999998545
1.7219999999999211
-5.43700000000015
0.49700000000000033
4.415999999999809
2.1359999999998758
-0.002
-0.001
-0.001
0.0
0.0
0.0
1.0529999999999948
3.605999999999714
-4.370999999999794
-3.687999999999705
13.53199999999794
4.055999999999689
18.651999999999813
3.685999999999705
8.345000000000814
3.82299999999969
0.8800000000000007
1.805999999999912
9.332000000000267
9.647000000000093
10.84199999999943
3.315999999999746
3.675999999999706
1.4249999999999539
-2.5909999999998257
0.6010000000000004
-9.90499999999995
3.1359999999997656
0.9570000000000007
-0.001
-0.001
-0.001
0.0
0.0
4.44799999999982
0.003
1.09599999999999
-2.978999999999783
-9.826999999999993
-1.0219999999999982
10.15699999999981
1.2589999999999721
5.361000000000125
0.4950000000000004
1.9309999999998981
4.661999999999892
2.7559999999998075
1.0989999999999898
13.6039999999979
9.177000000000353
12.635999999998436
-1.7819999999999145
-2.1499999999998742
7.220000000000746
15.211999999997008
13.00699999999823
13.234999999998104
0.9600000000000007
0.0
0.0
0.0
0.0
0.0
0.0
3.013999999999779
13.953999999997706
18.9690000000002
6.579000000000532
2.5559999999998295
8.450000000000756
-8.200000000000895
-5.04600000000002
-5.0390000000000175
5.31500000000011
7.7520000000009235
0.4060000000000003
5.637000000000217
6.051000000000355
5.562000000000192
21.902000000003785
11.724999999998941
1.904999999999901
3.793999999999693
-4.464999999999826
-5.068000000000027
9.235000000000321
0.9550000000000007
0.0
0.0
0.0
0.0
0.0
0.0
3.014999999999779
14.366999999997477
7.7400000000009195
1.3529999999999618
-6.1860000000004005
0.3070000000000002
0.6950000000000005
3.5899999999997156
11.530999999999048
2.616999999999823
9.426000000000215
11.67099999999897
13.761999999997812
27.745000000010926
13.364999999998032
13.622999999997889
33.15400000001343
5.444000000000153
5.118000000000044
-0.43400000000000033
8.47900000000074
0.7960000000000006
-0.004
0.0
0.0
0.0
0.0
0.0
0.0
3.4279999999997335
15.041999999997103
4.152999999999722
2.105999999999879
0.5550000000000004
-7.769000000000929
1.068999999999993
2.768999999999806
5.335000000000116
-2.3269999999998547
-16.132999999996734
-1.8999999999999015
-1.1399999999999852
11.595999999999012
10.37199999999969
10.06799999999986
18.489999999999615
-0.6510000000000005
-1.0349999999999968
23.39700000000561
5.191000000000068
8.968000000000469
-1.9159999999998998
0.0
0.0
0.0
0.0
0.0
0.0
0.4160000000000003
20.379000000001923
10.284999999999739
2.253999999999863
-16.322999999996966
-10.385999999999683
-1.4369999999999525
-6.54400000000052
-4.594999999999869
-18.67399999999984
-9.6330000000001
-29.35300000001289
-2.6299999999998214
-14.006999999997676
9.804000000000006
-3.6369999999997105
6.562000000000526
6.122000000000379
-2.3469999999998525
-6.7840000000006
1.9999999999998908
-5.547000000000187
-1.9109999999999003
0.007
0.0
0.0
0.0
0.0
0.0
0.4160000000000003
5.743000000000253
3.6459999999997095
8.582000000000683
7.7280000000009155
7.029000000000682
-3.0639999999997736
0.45800000000000035
-2.352999999999852
-12.234999999998658
-13.273999999998082
-5.531000000000182
-1.4649999999999495
-0.33700000000000024
23.340000000005542
-11.471999999999081
2.297999999999858
6.028000000000348
-3.8729999999996845
-8.717000000000608
7.780000000000933
-1.2349999999999748
-1.3029999999999673
1.6349999999999307
0.0
0.0
0.0
0.0
0.0
0.0
-4.257999999999757
-1.9659999999998943
4.399999999999804
0.3970000000000003
-2.1089999999998787
0.35000000000000026
-10.57299999999958
6.407000000000474
1.7929999999999133
-21.888000000003768
-7.705000000000908
1.314999999999966
-7.016000000000678
4.651999999999888
1.4039999999999562
-2.55099999999983
0.11800000000000008
2.577999999999827
14.182999999997579
-1.1929999999999794
2.334999999999854
-0.3040000000000002
1.0010000000000006
-0.001
0.0
0.0
0.0
0.0
-0.001
0.17000000000000012
6.45400000000049
6.441000000000486
1.6699999999999269
-5.6740000000002295
9.150000000000368
5.0540000000000225
-5.273000000000096
-3.559999999999719
14.060999999997646
-5.089000000000034
-5.782000000000266
-8.747000000000591
4.901999999999972
4.445999999999819
10.348999999999704
13.378999999998024
3.0759999999997722
6.161000000000392
-4.090999999999701
-0.6580000000000005
-3.559999999999719
-0.6340000000000005
0.0
0.0
0.0
0.0
0.0
-0.001
1.6939999999999242
9.015000000000443
-6.848000000000622
3.00599999999978
3.9619999999996747
0.9640000000000007
-9.719000000000053
-11.994999999998791
2.1859999999998703
-3.1469999999997644
3.694999999999704
7.8060000000009415
18.618999999999772
-0.7130000000000005
5.179000000000064
4.909999999999974
-7.880000000000966
2.0939999999998804
-4.815999999999943
-3.742999999999699
-5.268000000000094
0.4050000000000003
-0.6330000000000005
0.0
0.0
0.0
0.0
0.0
0.003
1.6859999999999251
8.364000000000804
5.598000000000204
-0.7310000000000005
-10.098999999999842
-13.142999999998155
-11.260999999999198
-9.47000000000019
-13.835999999997771
1.4359999999999526
-10.866999999999416
11.819999999998888
4.730999999999915
-5.998000000000338
-6.163000000000393
3.0849999999997713
9.462000000000195
1.2999999999999676
5.173000000000062
-1.6669999999999272
-3.258999999999752
5.5630000000001925
-0.002
0.0
0.0
0.0
0.0
0.0
0.003
-0.23200000000000018
-3.069999999999773
-4.399999999999804
-11.577999999999022
-13.56799999999792
-9.852999999999978
-4.982999999999999
-6.804000000000607
9.514000000000166
-0.14000000000000012
8.939000000000485
3.5469999999997204
0.1400000000000001
-3.5809999999997166
3.022999999999778
-6.402000000000473
-4.170999999999728
-8.481000000000739
4.872999999999962
-9.577000000000131
-6.2190000000004115
4.269999999999761
-0.002
0.0
0.0
0.0
0.0
0.0
0.0
0.0
-2.843999999999798
-6.943000000000653
-18.45299999999957
-5.374000000000129
5.440000000000151
5.1800000000000646
-7.996000000001004
0.10800000000000008
4.719999999999911
-4.022999999999678
-11.576999999999023
4.337999999999783
-2.769999999999806
-2.3919999999998476
1.4309999999999532
-5.769000000000261
-3.3819999999997385
4.621999999999878
-3.3109999999997464
-8.3720000000008
0.0
0.0
0.0
0.0
0.0
0.0
0.0
0.0
-0.18800000000000014
-1.7829999999999144
-6.058000000000358
-6.45400000000049
0.46200000000000035
0.9420000000000007
3.5479999999997203
-14.59599999999735
1.522999999999943
4.724999999999913
1.5669999999999382
0.7800000000000006
-11.549999999999038
-5.419000000000144
0.33700000000000024
-9.29200000000029
-9.858999999999975
-5.862000000000292
0.6080000000000004
-3.3749999999997393
-3.3819999999997385
0.0
0.0
0.0
0.0
0.0
0.0
0.0
0.0
-0.18800000000000014
-2.3739999999998496
-0.1390000000000001
-8.012000000000999
-1.7029999999999232
7.398000000000805
-1.3119999999999663
-8.149000000000923
5.49600000000017
4.987
-10.709999999999503
1.8039999999999121
13.370999999998029
0.8200000000000006
2.433999999999843
-11.305999999999173
-9.473000000000189
0.8810000000000007
-1.6949999999999241
-5.6980000000002375
-5.7070000000002405
0.0
0.0
0.0
0.0
0.0
0.0
0.0
0.0
-0.18800000000000014
-4.647999999999887
1.2749999999999704
7.499000000000839
3.342999999999743
-8.200000000000895
2.9259999999997888
-10.736999999999489
-6.27300000000043
11.548999999999038
-8.87600000000052
7.605000000000874
-6.344000000000453
4.234999999999749
-8.217000000000885
-6.7070000000005745
-13.905999999997732
-6.348000000000455
2.670999999999817
-6.744000000000587
-2.331999999999854
0.0
0.0
0.0
0.0
0.0
0.0
0.0
0.0
-2.2759999999998604
2.8639999999997956
3.0119999999997793
13.753999999997816
9.969999999999914
5.0240000000000125
1.3759999999999593
-14.73999999999727
-0.16500000000000012
-3.3799999999997388
-6.435000000000484
7.236000000000751
-1.7649999999999164
-3.566999999999718
6.646000000000554
2.395999999999847
-10.104999999999839
-4.790999999999935
2.6729999999998166
-6.7490000000005885
-4.441999999999818
0.0
0.0
0.0
0.0
0.0
0.0
0.0
0.0
0.0
0.002
7.080000000000699
1.8169999999999107
1.6659999999999273
-3.303999999999747
3.27799999999975
11.701999999998954
6.027000000000347
2.087999999999881
6.810000000000609
5.6830000000002325
8.167000000000913
1.3469999999999624
-6.451000000000489
12.547999999998485
4.009999999999674
6.959000000000659
0.34000000000000025
-4.413999999999809
-2.295999999999858
0.0
0.0
0.0
0.0
0.0
0.0
0.0
0.0
0.0
0.002
2.3659999999998504
-4.5959999999998695
-2.7809999999998047
-1.3529999999999618
20.789000000002424
1.2259999999999758
0.48100000000000037
-0.3900000000000003
-1.6199999999999324
1.7429999999999188
11.65399999999898
7.580000000000866
12.59199999999846
17.972999999998983
12.03499999999877
8.042000000000982
2.45999999999984
7.703000000000907
-2.295999999999858
0.0
0.0
0.0
0.0
0.0
0.0
