-147.22600000033893
0.0
0.0
0.0
0.0
0.0
0.0
0.0
0.0
0.0
0.0
0.0
0.0
0.0
0.0
0.0
0.0
0.0
0.0
0.0
0.0
0.0
0.0
0.0
0.0
0.0
0.0
0.0
0.0
0.0
0.0
0.0
0.0
0.0
0.0
0.0
0.0
0.0
0.0
0.0
0.0
0.0
0.0
0.0
0.0
0.0
0.0
0.0
0.0
0.0
0.0
0.0
0.0
0.0
0.0
0.0
0.0
0.0
0.0
0.0
0.0
0.0
0.0
0.0
0.0
0.0
0.0
0.0
-0.005
-0.005
0.0
0.0
0.0
0.0
0.0
0.0
0.0
0.0
0.0
0.0
0.0
0.0
0.0
0.0
0.0
0.0
0.0
0.0
0.0
0.0
0.0
0.0
0.0
0.0
0.0
-0.001
-0.005
-0.005
-0.005
-0.01800000000000001
-0.01900000000000001
-0.02000000000000001
-0.02100000000000001
-0.02100000000000001
-0.002
-0.002
-0.001
-0.001
0.0
0.0
0.0
0.0
0.0
0.0
0.0
0.0
0.0
0.0
0.0
0.0
0.0
0.0
0.0
-0.001
-0.007
-0.005
-2.5359999999998317
-2.5369999999998316
0.44900000000000034
0.22000000000000017
0.21900000000000017
0.19800000000000015
-0.36400000000000027
-0.6690000000000005
-0.6470000000000005
-0.5810000000000004
-0.004
-0.003
0.0
0.0
0.0
0.0
0.0
0.0
0.0
0.0
0.0
0.0
0.0
0.0
0.0
-1.695999999999924
-2.223999999999866
-0.9030000000000007
0.3840000000000003
6.0990000000003715
5.363000000000126
-2.1109999999998785
-3.5379999999997214
0.7480000000000006
3.7089999999997025
1.213999999999977
5.235000000000083
-6.362000000000459
-6.7460000000005875
-2.8539999999997967
-0.20700000000000016
-0.007
-0.004
-0.004
-0.001
0.0
0.0
0.0
0.0
0.0
0.0
0.0
0.0
-1.695999999999924
-0.1580000000000001
2.0669999999998834
3.2029999999997583
3.3909999999997376
2.4359999999998427
3.7619999999996967
-2.3119999999998564
-3.6389999999997102
4.518999999999844
2.305999999999857
0.5440000000000004
1.7459999999999185
4.097999999999703
3.4119999999997352
-2.106999999999879
1.7209999999999213
0.18500000000000014
0.6870000000000005
0.05400000000000004
-0.007
-0.001
0.0
0.0
0.0
0.0
-0.001
1.4579999999999502
2.9539999999997857
2.4309999999998433
-1.4109999999999554
1.6629999999999276
-0.7950000000000006
-1.6849999999999252
-0.2640000000000002
-3.4019999999997363
7.799000000000939
-2.478999999999838
-0.9970000000000007
4.294999999999769
1.859999999999906
2.6459999999998196
2.7399999999998093
-2.1109999999998785
3.3389999999997433
-2.786999999999804
-8.423000000000771
1.750999999999918
-0.6230000000000004
-1.286999999999969
-1.2859999999999692
-1.2829999999999695
0.0
0.0
0.0
0.0
1.4579999999999502
2.9539999999997857
-1.7669999999999162
-0.4910000000000004
7.62100000000088
0.08400000000000006
10.947999999999372
6.495000000000504
1.7719999999999156
8.433000000000765
1.0299999999999974
-2.751999999999808
6.053000000000356
6.549000000000522
7.7010000000009065
-1.2349999999999748
3.540999999999721
-0.8590000000000007
-5.0420000000000185
3.0899999999997707
-4.967999999999994
-0.7690000000000006
-0.05600000000000004
-1.2859999999999692
-1.2839999999999694
-0.001
0.0
0.0
3.3739999999997394
0.1290000000000001
1.5889999999999358
-2.587999999999826
-1.2079999999999778
0.8900000000000007
1.241999999999974
1.4349999999999528
1.3189999999999655
-2.2829999999998596
2.5389999999998314
3.9079999999996806
4.531999999999848
-0.7220000000000005
5.366000000000127
7.062000000000693
5.902000000000306
0.5640000000000004
4.1019999999997045
8.239000000000873
6.218000000000411
9.870999999999968
5.6020000000002055
-0.45100000000000035
-1.2839999999999694
-1.2839999999999694
-0.001
0.0
0.0
0.001
0.1390000000000001
6.995000000000671
8.601000000000672
3.7839999999996943
1.0109999999999995
2.967999999999784
-2.289999999999859
-2.5839999999998264
1.6919999999999245
-2.5099999999998346
1.696999999999924
1.4299999999999533
5.427000000000147
6.715000000000577
-1.0369999999999966
10.358999999999698
6.528000000000515
-3.358999999999741
-0.2850000000000002
-3.787999999999694
-0.23100000000000018
6.397000000000471
-0.3030000000000002
-0.4020000000000003
0.0
0.0
0.0
0.0
0.001
0.1390000000000001
6.997000000000671
6.2460000000004205
-0.22200000000000017
0.5320000000000004
1.9929999999998913
0.17800000000000013
1.1279999999999866
4.175999999999729
-0.4290000000000003
1.3849999999999583
13.684999999997855
4.548999999999854
14.232999999997551
6.7830000000006
9.025000000000437
14.854999999997206
3.6839999999997053
2.850999999999797
0.7700000000000006
1.696999999999924
4.5059999999998395
-0.44600000000000034
-0.4020000000000003
0.0
0.0
0.0
0.0
0.001
0.010000000000000002
7.008000000000675
3.8979999999996817
0.21900000000000017
-3.0479999999997753
-4.339999999999784
-0.03400000000000002
2.240999999999864
6.805000000000607
-2.9089999999997906
-12.747999999998374
-1.8929999999999023
1.142999999999985
7.602000000000873
5.688000000000234
6.950000000000656
11.828999999998883
0.7890000000000006
-2.8719999999997947
7.498000000000839
3.5649999999997184
2.9259999999997888
-2.7729999999998056
0.0
0.0
0.0
0.0
0.0
0.001
0.001
6.151000000000389
4.17699999999973
2.143999999999875
-3.949999999999676
-6.068000000000361
-6.398000000000471
-3.469999999999729
0.16500000000000012
-8.974000000000466
-1.4549999999999506
-15.328999999996944
-5.923000000000313
-6.881000000000633
0.054000000000000034
0.47000000000000036
0.8420000000000006
0.7050000000000005
0.030000000000000013
-0.9140000000000007
3.778999999999695
-4.135999999999716
-3.121999999999767
0.002
0.0
0.0
0.0
0.0
0.0
0.0
-0.7170000000000005
0.5450000000000004
3.067999999999773
4.693999999999902
-0.20700000000000016
0.6950000000000005
-0.3730000000000003
-0.17800000000000013
-5.880000000000298
-5.831000000000282
-1.514999999999944
0.23700000000000018
-1.4549999999999506
8.177000000000907
-7.614000000000877
4.984999999999999
-1.1669999999999823
-4.063999999999692
1.6279999999999315
1.0809999999999917
-2.1849999999998704
-1.9339999999998978
1.0649999999999935
0.0
0.0
0.0
0.0
0.0
0.0
-0.7170000000000005
0.037000000000000026
1.0539999999999947
3.3749999999997393
2.652999999999819
1.4999999999999456
-3.6999999999997035
0.46300000000000036
-0.6680000000000005
-5.207000000000074
-5.763000000000259
-1.3109999999999664
-3.3549999999997415
4.132999999999715
-3.341999999999743
-0.2730000000000002
-1.6289999999999314
0.1530000000000001
10.04999999999987
-1.8619999999999057
0.5930000000000004
-0.8670000000000007
1.0649999999999935
-0.8150000000000006
0.0
0.0
0.0
0.0
-0.001
-0.006
2.9749999999997834
3.55199999999972
0.25500000000000017
-2.922999999999789
6.208000000000408
4.127999999999713
-6.146000000000387
0.8810000000000007
1.7879999999999139
-0.1590000000000001
-0.36300000000000027
-1.4109999999999554
6.164000000000393
0.7050000000000005
6.96400000000066
9.36200000000025
3.332999999999744
5.927000000000314
-4.47799999999983
-0.5250000000000004
-3.533999999999722
-0.001
0.0
0.0
0.0
0.0
0.0
-0.001
-0.01900000000000001
4.480999999999831
1.3749999999999594
3.2939999999997482
1.077999999999992
-1.1389999999999854
-1.885999999999903
-8.535000000000709
5.512000000000175
0.5130000000000003
3.7319999999997
-2.3459999999998526
7.038000000000685
4.0509999999996875
-3.5479999999997203
-2.0729999999998827
-2.2369999999998647
-0.7650000000000006
0.6450000000000005
-6.253000000000423
-1.4439999999999518
0.5700000000000004
-0.003
0.0
0.0
0.0
0.0
0.0
0.1290000000000001
0.11000000000000008
3.357999999999741
0.3760000000000003
-0.6580000000000005
-2.489999999999837
-8.590000000000678
-2.885999999999793
-8.166000000000913
-6.84300000000062
-0.07400000000000005
-4.1109999999997076
0.23700000000000018
4.069999999999694
-1.2639999999999716
-4.618999999999877
-3.4079999999997357
5.170000000000061
2.059999999999884
2.559999999999829
-3.9909999999996715
-0.19300000000000014
3.650999999999709
0.0
0.0
-0.5390000000000004
0.0
0.0
0.0
0.1290000000000001
0.10900000000000008
-0.1320000000000001
-2.295999999999858
-5.786000000000267
-8.017000000000996
-1.3169999999999658
-1.0199999999999985
-7.221000000000746
1.7839999999999143
4.690999999999901
2.9169999999997898
-3.012999999999779
1.5729999999999376
3.268999999999751
1.0859999999999912
-3.6439999999997097
0.8200000000000006
-6.230000000000415
0.9570000000000007
-8.018000000000995
-2.8649999999997955
4.315999999999776
0.0
0.0
-0.5390000000000004
0.0
0.0
0.0
0.0
-0.002
-0.5610000000000004
-2.1299999999998764
-9.636000000000099
-3.3929999999997373
4.441999999999818
3.1669999999997622
0.6320000000000005
1.595999999999935
7.223000000000747
2.1029999999998794
-7.615000000000878
2.832999999999799
1.431999999999953
-8.487000000000736
0.7370000000000005
-3.1819999999997606
-0.001
1.2349999999999748
-3.1809999999997607
-6.421000000000479
-0.4950000000000004
0.0
0.0
0.0
0.0
0.0
0.0
0.0
-0.002
-1.2129999999999772
-2.053999999999885
-3.667999999999707
-0.9770000000000008
4.352999999999788
0.07300000000000005
-9.738000000000042
-0.6350000000000005
0.9490000000000007
-0.6100000000000004
-2.941999999999787
-8.068000000000968
-5.797000000000271
1.64199999999993
-8.428000000000768
-5.5900000000002015
-1.5999999999999346
0.36400000000000027
-2.568999999999828
-3.0669999999997732
-0.4940000000000004
0.0
0.0
0.0
0.0
0.0
0.0
0.0
-0.007
-1.2129999999999772
1.8089999999999116
-5.720000000000245
-1.342999999999963
1.2369999999999746
-2.2759999999998604
-1.1119999999999883
1.4559999999999504
0.8000000000000006
-6.817000000000611
2.7539999999998077
11.9779999999988
0.08500000000000006
1.7889999999999138
-6.1560000000003905
-4.86799999999996
0.9210000000000007
1.8939999999999022
-4.263999999999759
-4.26899999999976
0.0
0.0
0.0
0.0
0.0
0.0
0.0
0.0
-0.007
-1.2079999999999778
0.2760000000000002
5.484000000000166
3.693999999999704
-1.9759999999998932
1.9919999999998914
-6.194000000000403
-2.4629999999998398
3.4809999999997276
-5.260000000000091
1.759999999999917
0.4030000000000003
-0.6840000000000005
-3.3439999999997427
-2.9009999999997915
-6.253000000000423
-1.0369999999999966
0.5750000000000004
-4.216999999999743
-2.5199999999998335
0.0
0.0
0.0
0.0
0.0
0.0
0.0
0.0
0.0
3.3099999999997465
0.5860000000000004
8.699000000000618
7.747000000000922
4.785999999999933
-3.6079999999997137
-5.2870000000001
4.384999999999799
-1.5549999999999395
-6.715000000000577
1.3589999999999611
2.795999999999803
-7.038000000000685
5.308000000000107
1.4819999999999476
-3.0939999999997703
-0.36900000000000027
-0.16600000000000012
-3.4009999999997365
-1.695999999999924
0.0
0.0
0.0
0.0
0.0
0.0
0.0
0.0
0.0
0.0
3.64199999999971
0.5800000000000004
6.143000000000386
-1.8019999999999123
0.6710000000000005
11.305999999999173
-0.8000000000000006
8.124000000000937
4.305999999999773
5.302000000000105
3.161999999999763
2.4209999999998444
-1.7559999999999174
7.706000000000908
-1.3309999999999642
1.5849999999999362
0.8030000000000006
-1.6949999999999241
-1.6939999999999242
0.0
0.0
0.0
0.0
0.0
0.0
0.0
0.0
0.0
0.0
0.7550000000000006
-0.9530000000000007
-0.9110000000000007
0.17500000000000013
5.520000000000178
3.042999999999776
0.5780000000000004
-0.12100000000000008
-2.207999999999868
1.1899999999999797
2.6939999999998143
0.05900000000000004
5.973000000000329
12.256999999998646
8.791000000000567
2.271999999999861
1.54999999999994
5.949000000000321
-1.6939999999999242
0.0
0.0
0.0
0.0
0.0
0.0
