-0.08300000000000006
0.005
0.0
0.005
0.0
0.001
0.004
-0.005
-0.008000000000000002
0.002
0.013000000000000001
0.003
-0.003
-0.011000000000000001
-0.013999999999999997
0.003
0.020000000000000004
0.013
0.0
-0.003
0.003
-0.004
0.002
-0.002
0.004
0.008
-0.006
0.0
-0.007
0.006
0.002
0.002
-0.007
0.0010000000000000009
0.0
0.006
-0.014
-0.001
0.003
-0.004999999999999999
-0.020000000000000004
-0.005
0.015
0.016
0.013000000000000001
0.004
-0.001
0.0020000000000000018
0.013
0.004
0.017
-0.016999999999999994
-0.011000000000000001
-0.012000000000000002
0.008000000000000004
-0.010000000000000002
0.007
0.001
-0.002
-0.001
0.003999999999999997
0.007000000000000001
0.003
-0.003
0.002
-0.005000000000000001
-0.009000000000000001
-0.001
-0.008
0.01
-0.008
8.673617379884035E-19
-0.013000000000000003
-1.734723475976807E-18
-0.007000000000000002
0.0
-0.003
0.002
0.003
0.005
-0.001
0.012
0.008
0.018000000000000002
-0.007
0.006000000000000001
0.005
0.012
0.016999999999999994
0.012999999999999992
0.0
-0.005
-0.009000000000000008
-0.003
0.002
0.006
0.005
-0.001
-0.006
-0.018000000000000002
0.003999999999999999
-0.004
0.003000000000000001
-0.018
-0.004
0.01799999999999998
-9.999999999999992E-4
0.009000000000000001
0.014000000000000002
0.006000000000000004
0.001
-0.007
0.004999999999999997
-0.008
-0.013999999999999995
-0.013999999999999999
-0.023000000000000007
-0.016
-0.005000000000000001
0.006
0.004
-0.002
-0.011000000000000001
-0.003
0.002
-0.004
-0.008
0.004000000000000001
-0.01
-0.019000000000000003
-0.002
0.001
0.003
0.0
0.012999999999999994
-0.005
0.016
0.004000000000000002
-0.002
-0.015000000000000001
-0.003
-0.015000000000000001
-0.007000000000000002
0.001
0.001
0.009000000000000005
0.001
0.006
-0.006000000000000001
0.005000000000000001
0.002
-0.001
0.003
0.001
0.0
0.001
0.003
0.004
-0.011000000000000006
-0.012
-0.003
0.002
-0.006000000000000001
0.002
0.008000000000000002
-0.006
0.002000000000000001
-0.005
-0.019000000000000003
0.002
-0.010000000000000002
-0.005000000000000001
-0.014000000000000002
0.002
-0.008
-0.007
0.005
-0.006000000000000002
0.015000000000000001
-0.004
0.002000000000000001
0.009000000000000001
-0.010000000000000002
-0.003
-0.012000000000000004
-0.004
-0.003
-0.002
0.004000000000000001
-0.010000000000000004
-0.006
-0.005
-0.004
0.011000000000000006
0.013000000000000001
-0.002
-0.022000000000000006
-0.007000000000000002
-0.016
-0.010000000000000007
-0.009999999999999998
-0.018000000000000002
-0.001
0.003
0.011000000000000001
0.007
-0.012
-0.020999999999999998
0.006
0.006
-0.007
0.001
0.010999999999999998
-0.007
0.002
-0.005
-0.003
0.003
0.001
0.0
-0.008000000000000009
-0.006
-0.002000000000000001
0.0
-0.001
0.017999999999999995
-0.016999999999999994
-0.02400000000000001
-0.015000000000000003
-0.002
0.0
0.003
-0.008
-0.003000000000000001
-0.004
-0.010000000000000002
0.002
3.469446951953614E-18
-0.008000000000000004
-0.008999999999999998
-0.001
-0.001
0.007
0.009000000000000001
-0.005
0.004000000000000001
0.016
0.005000000000000001
0.0
-0.011000000000000003
0.009000000000000001
-0.004
-0.0010000000000000009
-0.003
0.013999999999999999
0.012999999999999994
0.002
-0.001
-0.006
-0.0019999999999999983
-0.001
0.009000000000000005
-0.0070000000000000045
-0.012000000000000007
0.001
-0.003
0.0
-0.002
0.009000000000000001
-0.012
-0.013000000000000001
-0.003
-0.01
0.001
0.010000000000000002
0.007999999999999997
-0.007
0.007
0.003
0.005
-0.005
0.007
-0.005
0.0019999999999999983
0.01
0.006
0.008
0.002
0.003
0.002
-0.007999999999999998
-0.006
-0.011000000000000001
-0.007999999999999998
0.008
-0.01
-0.005999999999999998
-0.011999999999999999
0.0
0.002
-0.011000000000000001
0.0020000000000000018
0.006
-0.004000000000000001
-0.012000000000000004
0.003
0.010000000000000005
-0.011000000000000001
0.005000000000000001
0.011000000000000003
0.001
0.002
-0.005
-0.006
0.003
0.0070000000000000045
-0.001
0.009000000000000001
0.002000000000000001
-0.008000000000000004
0.009000000000000001
-0.010000000000000002
-0.014
-0.016999999999999994
-0.019000000000000003
-0.019000000000000003
-0.017000000000000008
-0.011999999999999993
-0.006
-0.015000000000000005
-0.013999999999999999
0.004000000000000001
-0.01
0.0
-0.009000000000000001
-0.01200000000000001
0.006000000000000002
0.007999999999999997
-0.011
-0.006
0.001
0.003
0.005
-0.005
0.013000000000000003
0.016000000000000007
0.003
0.005999999999999999
-0.005000000000000004
0.008
0.004999999999999999
0.009000000000000001
-0.014999999999999998
-0.003
-0.009000000000000001
-0.013999999999999997
-0.024000000000000007
-0.028000000000000004
-0.014000000000000002
-0.013999999999999999
-0.012000000000000002
0.002
-0.001
0.004
-0.013
-0.013000000000000003
-0.018000000000000002
0.006
0.009000000000000001
0.005
-0.003
0.005000000000000001
0.002
0.002
-0.003
0.001
0.007000000000000002
0.007
-0.001
-0.001
0.005999999999999997
0.025
0.01
0.008
-0.009999999999999992
-0.0020000000000000018
-0.031000000000000007
-0.010000000000000002
-0.029000000000000012
-0.021000000000000005
0.0
0.006000000000000001
-0.001999999999999994
0.013
0.02100000000000001
0.022000000000000002
0.010000000000000004
-0.002
0.009000000000000001
0.008
-0.003
0.002
-0.006
-0.003
-0.006
0.0010000000000000035
-0.003
-0.010000000000000002
0.004
0.005999999999999997
0.0
0.008
0.017
-8.673617379884035E-19
0.012999999999999998
0.001
0.001
0.005000000000000007
-0.006
-0.009000000000000001
-0.002
0.004
0.011999999999999993
-0.009000000000000001
0.004
-0.009000000000000001
0.01900000000000001
0.004
-0.024000000000000007
-0.005
0.009000000000000001
0.008
0.0
0.007
-0.003
-0.001
-0.009999999999999998
-0.006
-0.006
-0.004
0.006
-0.018000000000000002
0.002
0.02500000000000001
0.001
0.016
0.019000000000000003
0.015000000000000005
0.022000000000000006
0.004
-0.006000000000000002
-0.005000000000000001
0.01
0.001999999999999999
0.0020000000000000026
0.016
0.011000000000000001
1.734723475976807E-18
0.009000000000000001
0.010000000000000002
0.002
0.007000000000000004
-8.673617379884035E-19
0.004
0.001
0.001
-0.001
-0.006
-0.009000000000000001
-0.013999999999999995
-0.014000000000000002
-0.005
-0.006999999999999999
0.0019999999999999983
0.014000000000000005
-0.009000000000000001
0.006000000000000002
0.011000000000000001
0.019000000000000003
-0.007
-0.006
-0.001
0.013000000000000005
0.021000000000000005
-0.013999999999999999
0.029000000000000012
0.005
0.001
-0.012000000000000004
0.020000000000000004
0.0
0.006999999999999997
-0.001
0.002
0.006
0.019000000000000003
-0.002
0.004
-0.002
-0.005000000000000002
0.003
-0.005000000000000002
0.021000000000000005
-0.003
0.006
0.020999999999999998
-0.004
0.014000000000000002
0.034999999999999996
-0.0030000000000000035
-0.016999999999999987
-0.013000000000000001
-0.013999999999999999
0.008000000000000005
-0.003
-0.014999999999999993
0.002
0.007
-0.002
0.019000000000000003
0.016
0.003
-0.007
0.005000000000000001
0.004
-0.006
0.003
-0.004
-0.002
-0.018999999999999996
-0.005
0.008
0.002
0.008000000000000004
0.006999999999999997
0.010000000000000005
0.006
-0.007
-0.015000000000000003
-0.012
-0.013000000000000001
-0.005
-0.003
-0.019000000000000003
0.011999999999999997
-0.005
9.999999999999992E-4
0.008
-0.018000000000000002
0.0
0.012
0.02500000000000001
0.004000000000000002
0.0
0.002
0.005
-0.01
0.008
0.0
-0.009000000000000001
-0.005
-0.006
0.006000000000000001
-0.007
-0.005
-0.005
0.001
0.006
-0.006
-0.02500000000000001
-0.02500000000000001
-0.021000000000000005
0.0
-0.006000000000000001
0.002
0.004
-0.008
0.006
-0.013
-0.032000000000000015
0.004
0.003
0.013999999999999999
0.016000000000000007
-0.001
0.004
0.007000000000000002
-0.008
-0.009999999999999995
-0.003
-0.005
-0.008
-0.010999999999999996
-0.001
-0.007
0.02600000000000001
0.008000000000000004
0.022000000000000006
0.012000000000000007
0.009000000000000001
-0.031000000000000014
-0.02500000000000001
-0.007999999999999986
-0.01800000000000001
-0.012999999999999998
0.007
-0.005
0.020000000000000004
-0.013000000000000001
-0.016000000000000007
-0.029000000000000012
-0.007
0.005
0.0020000000000000044
0.015000000000000003
-0.013999999999999999
0.014000000000000002
0.011999999999999997
0.007
-0.005000000000000002
0.002
-0.006
0.001
0.003
-0.0020000000000000018
-0.009000000000000001
0.007
-0.001
0.009000000000000001
0.015000000000000013
0.005
-0.010999999999999992
-0.012
-0.01900000000000001
-0.004
-0.003
0.008
0.012000000000000009
-0.006999999999999995
-0.002
-0.006000000000000007
-0.013999999999999999
-0.008
0.015000000000000003
0.02100000000000001
-0.001
-0.008000000000000004
0.011000000000000003
0.002
0.017999999999999995
0.004
-0.003
-0.006
-0.010000000000000002
-0.003
-0.004000000000000009
-0.013000000000000001
-0.020999999999999998
0.007
0.021000000000000005
0.01600000000000001
0.013000000000000013
-0.011999999999999997
-0.017
-0.023000000000000007
0.005000000000000001
0.001
-0.002
-0.003000000000000002
-0.003000000000000001
0.008999999999999998
-0.006999999999999996
-0.014
0.005000000000000001
0.015000000000000003
0.002000000000000001
-0.002
0.002
-0.001
0.004
0.009000000000000001
-0.002
-0.001
-0.002
-0.016
-0.005
-0.018999999999999996
-0.023000000000000013
-0.003
-0.006
0.019999999999999997
0.032000000000000015
0.023000000000000013
-0.0010000000000000018
-0.004
-0.014
0.002
0.002999999999999999
0.003999999999999996
0.009999999999999998
-0.0019999999999999966
0.004
-0.010999999999999998
-0.024000000000000004
0.008000000000000004
0.004999999999999998
0.001
-0.007000000000000004
0.011000000000000003
0.0
-0.001
-0.011
-0.003
-0.004
0.001
-0.001
-0.007999999999999998
-0.015000000000000001
-0.013000000000000001
-0.005
0.001
-0.020000000000000004
0.02100000000000001
0.008000000000000004
-0.0010000000000000009
0.009000000000000001
-0.02700000000000001
-0.005999999999999998
0.013000000000000005
-0.006
-0.010000000000000002
0.0010000000000000018
0.005000000000000004
-0.002000000000000001
-0.015
0.018000000000000002
0.015
-0.004
0.0
0.009000000000000001
-0.01
0.009000000000000001
3.469446951953614E-18
0.002
0.0
0.004
-0.007
0.002
-0.006
-0.011000000000000001
-0.004
-0.002
-0.017000000000000008
0.006
0.015000000000000003
0.005
0.010000000000000009
-0.006000000000000001
-0.004999999999999999
0.003
-0.005
-0.015000000000000008
0.0010000000000000009
-0.003000000000000001
0.020000000000000004
0.017
0.009000000000000001
0.02700000000000001
-0.005999999999999998
-0.001
-0.006999999999999997
-0.007000000000000004
-0.019000000000000003
-0.008999999999999998
-0.018000000000000002
-0.005
0.005
-0.009999999999999998
-0.007000000000000002
0.001
-0.007000000000000002
0.008
0.001
-0.012
0.009000000000000001
0.018999999999999996
0.012000000000000002
0.016000000000000004
-0.038000000000000006
-0.012999999999999998
-0.006000000000000001
-0.005
0.001
-0.01
0.013000000000000001
-0.002
0.009
0.022000000000000006
0.006
0.0
-0.010000000000000002
0.006
0.0
-0.006000000000000001
0.006
-0.012
-0.002
0.0
0.005
0.008
0.002000000000000001
-0.001
-0.006
0.006
-0.011
0.008
0.013000000000000001
0.020000000000000018
0.017
0.002
-0.002
-0.0030000000000000035
0.007
-0.002
-0.0019999999999999974
0.0
0.013999999999999995
0.005
-0.0010000000000000009
0.016
-0.007000000000000001
-0.006
0.001
-0.008999999999999998
-0.004
0.005
-0.017
-0.005
0.0
-0.015999999999999997
-0.015000000000000006
0.015000000000000001
0.006
-0.001
0.009000000000000001
0.011000000000000001
-0.005
0.011000000000000003
-9.999999999999992E-4
0.014
-0.021000000000000005
0.008999999999999998
0.010000000000000005
0.004000000000000002
-0.004
0.006
0.003
0.014999999999999993
0.003
0.001
0.001
0.001
0.014
-0.006
-0.007
-0.002
0.005
-0.007000000000000002
-0.005
-0.004
0.012000000000000002
0.005
0.010000000000000002
-0.009000000000000001
0.001
0.003000000000000001
0.006
0.002
0.006
-0.005
0.013000000000000001
-0.002
0.016000000000000004
0.008
0.012999999999999994
0.007000000000000001
0.020000000000000004
-0.008000000000000002
-0.006
0.005
-0.019999999999999997
-0.003
-0.016
-0.008
-0.003
-0.0049999999999999975
0.0
0.001
-0.01
-0.007
0.001
0.008999999999999998
-0.005
0.005000000000000001
-0.007
-0.014000000000000002
0.0
-0.014
-0.008
0.011000000000000003
0.018000000000000006
0.005
-0.024000000000000007
0.007
-0.001
-0.005
-0.008
-0.002
-0.016
0.001
-0.005000000000000001
-0.002
0.003
-0.001
-9.999999999999974E-4
-0.010999999999999998
0.004
-0.007
0.007
-0.006
0.003
0.0
0.012000000000000004
0.009000000000000001
0.010999999999999996
0.015
-0.007
0.018999999999999996
0.010000000000000002
-0.003
0.001
0.007000000000000001
-0.008999999999999998
-0.024000000000000007
-0.006
-0.002
0.009999999999999997
0.011
-0.003999999999999997
-0.018000000000000002
-0.009000000000000001
0.0
-0.002
0.007000000000000001
0.0
0.009000000000000001
-0.001
0.006
0.005
0.009000000000000001
-0.007000000000000001
0.007
0.0
0.01
0.020999999999999998
0.005
0.004
0.004
-0.008
0.020000000000000004
0.008
0.01500000000000001
0.010000000000000007
0.004
-0.01
-0.01
-0.008
-0.018000000000000002
-0.02600000000000001
-0.005
-0.014
-0.012000000000000002
-9.999999999999992E-4
0.011000000000000001
0.008
-0.009000000000000001
-0.008999999999999998
0.012
0.0019999999999999966
-0.009000000000000001
0.0
0.001
0.002
0.0
0.005
0.004
-0.0029999999999999983
-0.004
0.005
-0.002
-0.001
0.002
0.019000000000000003
0.009999999999999998
-0.008000000000000005
-0.002
0.003999999999999999
-0.003
-0.008000000000000002
-0.012000000000000002
0.002
-0.007999999999999997
-0.003
0.012
-0.001
0.01
-0.009000000000000001
0.0
-0.008
-0.010000000000000002
-0.016999999999999998
-0.002
-0.018000000000000002
-0.006
0.0
-0.005
-0.011000000000000001
-0.008
-0.018000000000000002
-0.01
-0.008
-0.002
0.002
0.004
0.008
-0.004
-0.017
-0.017
-0.004
-0.014
-0.005000000000000001
-0.003
-0.013000000000000001
-0.012
0.002
-0.001
-0.010000000000000002
-0.014000000000000002
0.0
0.004
-0.003
