-0.09000000000000007
0.0
-0.009000000000000001
0.006
0.001
0.001
0.001
-0.003999999999999999
-0.007
-0.002
-0.005
0.0
-0.006999999999999994
-0.005
-0.012999999999999998
0.007
0.01
0.013000000000000001
-0.003000000000000001
-0.009000000000000001
0.001
-0.003
0.005000000000000002
-0.008
0.001
0.004000000000000001
-0.007
-0.009
-0.009
0.004
0.007999999999999997
-0.002
-0.002
-0.003
0.003000000000000002
-0.002
-0.014000000000000002
-0.004
9.999999999999992E-4
-0.008000000000000002
-0.015000000000000003
-0.010000000000000002
0.003
0.010000000000000002
0.015000000000000003
-8.673617379884035E-19
0.002999999999999999
0.006000000000000002
0.007000000000000001
0.013000000000000003
0.016
-0.014000000000000002
-0.005
0.004
0.009999999999999997
-0.002
0.003
0.002
0.001
0.003
-0.011
-0.006
0.003
-0.004
-0.002
-0.003
0.004
0.009999999999999998
0.004
0.005
-0.016
0.010999999999999996
-0.014
0.005000000000000003
0.005
-0.004
0.0
-0.001
0.001
0.001
0.006
0.002000000000000001
0.002
0.019999999999999997
0.004
0.005
0.004
0.01800000000000001
0.003
0.005000000000000001
0.011000000000000001
0.003
-0.009000000000000003
-0.002
-0.003
-0.004
-0.005
0.0
-0.006
-0.024000000000000007
0.002
0.002
0.001
-0.018000000000000002
-0.011
0.003
-0.002
0.007000000000000001
0.009999999999999993
0.009999999999999998
0.007000000000000001
0.006
0.002
-0.011000000000000005
-0.006
-0.010999999999999998
-0.018999999999999996
-0.021000000000000005
-0.005
0.007999999999999998
0.008
-0.005
-0.009000000000000001
-0.007999999999999998
-0.001
-0.006
-0.011000000000000003
0.004
-0.003
-0.009000000000000001
-0.009000000000000001
0.005
-0.005
0.004
-9.999999999999983E-4
0.003999999999999999
0.024000000000000007
0.006
0.006999999999999999
-0.021
-0.014000000000000007
0.0
-0.001
0.006
0.007
0.002
-0.0010000000000000009
0.005
0.008
0.0
0.0
0.003
-0.001
0.006
0.001
0.001
-0.003
-0.005
-0.003
-0.005
0.0
0.005
0.008000000000000002
0.005
0.017
-0.001
0.008
0.0020000000000000018
-0.005
0.002
-0.010000000000000002
-0.008
-0.005000000000000002
-0.002
-0.003
0.002
0.016
-0.001
0.012999999999999998
-0.009999999999999998
0.010000000000000004
0.003000000000000002
-0.014
0.006
0.005999999999999997
-0.003
0.0
-0.004
-0.013000000000000001
-0.016
-0.002
-0.004
0.004
0.013000000000000001
0.011999999999999997
0.011999999999999999
-0.008
-0.007
-0.008000000000000005
-9.999999999999983E-4
-0.002
0.009000000000000001
0.017
0.01
0.003
-0.001
-0.016
-0.010000000000000002
-0.002
0.008
-0.005
0.008
0.010000000000000004
0.003000000000000001
9.999999999999992E-4
0.0010000000000000009
-0.008
0.011000000000000003
-0.008
0.0
-0.016
-0.007
0.009999999999999998
-0.001
0.005
0.015
-0.005
-0.012
-0.017000000000000008
0.0010000000000000018
0.016
0.005000000000000001
-0.006000000000000002
-0.006
-0.001
-0.0039999999999999975
0.009999999999999998
0.006
0.004
-0.002000000000000001
-0.001999999999999999
0.001
0.010000000000000002
0.0
0.003000000000000001
-0.004
0.006999999999999997
-0.005000000000000002
0.006
-0.012000000000000004
-0.008
-0.013000000000000003
-0.003
-0.005
0.024
0.003
0.006000000000000001
-0.001
-0.015
-0.017
0.001
0.003
-0.015999999999999993
-0.004
0.005
0.0029999999999999966
0.0
-0.014000000000000002
0.002
-0.016999999999999994
-0.01900000000000001
-0.005000000000000004
-0.008
-0.012999999999999998
0.016000000000000007
0.004
0.004
0.005
-0.001
0.007
-0.007
-0.006000000000000001
-0.011999999999999995
-0.004
0.003
0.002
0.006
-0.003
-0.006
-0.010000000000000002
-0.013000000000000001
-0.019000000000000003
-0.011000000000000008
-0.013000000000000001
0.009000000000000001
-0.005000000000000001
-0.006
-0.007
-0.010999999999999996
0.003000000000000002
-0.005
0.003999999999999998
0.009999999999999998
-0.006
-0.004
0.003
0.022000000000000013
-0.003999999999999997
0.008
0.021000000000000005
0.003
-0.004
0.001
-0.007
0.007
0.01100000000000001
-0.002
-0.001
0.0
-0.007
0.011
-0.008000000000000004
-0.013
-0.020999999999999998
-0.016
-0.019000000000000003
-0.01800000000000001
-0.015000000000000001
-0.014
-0.017
-0.009999999999999998
0.005
0.003
-0.004
-0.012
0.0
0.0
1.734723475976807E-18
0.004
-0.006000000000000001
0.005
-0.003
-0.002
-0.009000000000000005
0.012999999999999998
0.009000000000000005
-0.001
0.005
-0.005
0.003
0.0
0.003999999999999999
-0.025000000000000026
-0.013999999999999999
-0.02500000000000001
-0.015000000000000001
-0.040000000000000015
-0.02800000000000001
-0.017000000000000005
-0.015000000000000001
-0.023000000000000007
0.008
-0.002
0.004
-0.013000000000000001
-0.015999999999999997
-0.017
0.005000000000000004
0.008
0.001999999999999999
-0.005
0.001
-0.006
-0.002
-0.008
-0.001
0.0
0.003
0.004
-0.004
0.003
0.020000000000000004
0.011999999999999986
-0.005999999999999999
-0.003
-0.003
-0.024000000000000007
-0.016000000000000007
-0.027000000000000003
-0.02500000000000001
-0.003
0.0029999999999999966
-0.005
0.001
0.017
0.022000000000000002
3.469446951953614E-18
-0.007
0.019000000000000003
0.012000000000000007
-0.002
0.008999999999999998
-0.0019999999999999966
-0.002
-0.013000000000000005
-0.0040000000000000036
-0.009000000000000001
-0.005000000000000001
-0.002
0.013000000000000008
-0.008
0.003999999999999998
0.02800000000000001
0.0
0.010999999999999989
-0.001
-0.007000000000000002
-0.003
-0.010000000000000002
-0.010000000000000002
-0.003
0.004
0.008
0.001
-0.004
-0.004
0.02100000000000001
0.010000000000000002
-0.011999999999999993
-0.006
-0.0019999999999999966
0.007
0.003000000000000001
0.008999999999999998
-0.002
-0.004
-0.011
-0.008
-0.01
-0.012
0.008
-0.013000000000000001
0.013000000000000001
0.010000000000000002
-0.006
0.020000000000000004
0.019000000000000003
0.006
0.014000000000000009
0.001
-0.005
0.003000000000000002
0.004
-0.016
-0.001
0.013999999999999992
0.004
-0.011
0.009000000000000001
0.011000000000000003
0.008
-0.006
0.013000000000000001
0.002
-0.007000000000000001
0.001
-0.005
-0.003000000000000002
-0.007
-0.0019999999999999974
-0.003
0.002
-0.019000000000000003
0.006
0.002
-0.004
0.001
0.009000000000000003
-0.002
-0.003
-0.008
-0.004
0.013
0.018999999999999996
-0.00799999999999999
0.007
0.013999999999999997
0.0019999999999999966
0.0020000000000000018
0.010000000000000002
0.001
0.008000000000000002
-0.004
0.007
0.004000000000000004
0.009
-0.004
0.002
-0.006
-0.009000000000000001
-0.003
-0.008
0.009000000000000005
0.006
0.02100000000000001
0.023000000000000007
-0.002
0.011000000000000001
0.036000000000000004
-0.003
-0.012999999999999998
-0.006999999999999999
0.014
0.010000000000000002
0.006
-9.999999999999992E-4
-0.001
1.734723475976807E-18
0.008
0.009999999999999995
0.011000000000000006
0.002
-0.001
0.004
0.018000000000000002
-0.002
-0.003
-0.004
-0.007
-8.673617379884035E-19
-0.004000000000000001
-0.001
0.004000000000000001
0.011999999999999997
0.010999999999999998
0.020999999999999998
0.023000000000000013
-0.010000000000000002
-0.018000000000000002
-0.019000000000000003
-0.0070000000000000045
0.008000000000000004
0.008
-0.001
0.02700000000000001
0.005999999999999997
0.002
-0.009999999999999998
-0.015000000000000005
-0.013000000000000001
0.013999999999999999
0.024
0.007000000000000001
0.003
-0.007
0.014000000000000002
-0.003
0.002
-0.002
-0.001
0.006
-0.018999999999999996
0.011999999999999999
0.002
0.010000000000000002
-0.001
-0.003000000000000001
0.01100000000000001
-0.017999999999999995
-0.022000000000000006
-0.015
-0.023
-0.004
-0.014999999999999994
-0.002
0.017000000000000008
0.005
0.004000000000000001
-0.013000000000000001
-0.029000000000000012
0.0040000000000000036
-0.004
0.016000000000000007
0.014000000000000002
0.017
0.018000000000000002
0.024000000000000007
0.002
0.007000000000000001
-0.004
0.002
0.001
-0.020000000000000004
0.006
-0.007
0.025000000000000015
0.012000000000000004
0.022000000000000013
0.009000000000000011
0.011000000000000003
-0.03700000000000002
-0.02500000000000001
-0.003000000000000002
-0.01800000000000001
0.001
0.006000000000000004
-0.002
0.014000000000000009
-0.007
-0.023
-0.018000000000000006
-0.001
0.0010000000000000009
0.003
0.012000000000000012
-0.012000000000000002
0.007999999999999998
0.007
0.0
-0.001
0.005
-0.004
0.011999999999999997
-0.005
0.002
-0.002
0.011000000000000003
0.008000000000000004
0.013000000000000001
-0.004
0.0
-0.015
-0.025000000000000015
-0.015000000000000001
0.006
-0.005
0.007
0.009999999999999998
-0.01299999999999999
-0.007
-0.017
-0.013999999999999999
-0.001
0.003
0.012000000000000004
0.008
-0.016
0.004
-0.007
-0.003
0.004
-0.003
-0.010000000000000002
-0.004000000000000001
-0.021000000000000005
-0.017
-0.011000000000000003
0.003
0.012000000000000004
0.011000000000000003
0.010000000000000002
0.016999999999999994
-0.004
-0.008
-0.017000000000000005
-0.003
-0.003000000000000002
-0.012000000000000004
0.011000000000000001
-0.028999999999999998
-0.011
-0.022
-0.008999999999999998
0.004
0.01800000000000001
0.004
-0.004
0.009999999999999995
0.0
0.002
-0.012
-0.005
0.007
-0.002
-0.004000000000000002
-0.005
-0.013999999999999992
-0.005
0.002
0.003000000000000001
0.020000000000000004
0.030000000000000013
0.013000000000000005
-0.004
-0.015999999999999997
-0.011000000000000001
-8.673617379884035E-19
0.001
-0.002
-0.010000000000000002
0.0
-0.006
-0.008999999999999998
-0.015000000000000003
-0.011000000000000001
0.009999999999999997
0.005000000000000001
-0.013
0.016999999999999994
-0.001
0.008
0.0040000000000000036
0.004
0.0
-0.006
0.015000000000000003
0.0010000000000000009
-0.010999999999999996
-0.020000000000000004
-0.004
0.011
-0.013
0.024
0.008
-0.003
0.007000000000000005
-0.016000000000000007
0.0
0.014
-0.009000000000000001
-0.004
0.011
-0.018000000000000002
0.002
-0.011999999999999997
0.014000000000000002
0.025
0.002
0.009000000000000001
-0.001
-0.011000000000000003
0.001
-0.002
0.002
0.002
0.001
0.001
-0.002
-0.008
0.0
-0.007
-0.01
0.001
0.013000000000000001
0.014000000000000005
0.006
0.0
-0.002
-0.018000000000000006
-0.008999999999999998
-0.005
-0.017
-0.009000000000000001
-0.008
0.006000000000000002
0.008
0.013
0.024000000000000007
-0.013000000000000001
0.005000000000000004
0.001
-0.015000000000000001
-0.013000000000000001
-0.011000000000000003
-0.014
-0.001
0.001
0.002
-0.019000000000000003
-0.008
-0.004999999999999998
0.005000000000000004
-0.003
-0.007
0.008999999999999994
0.030000000000000006
0.015999999999999997
0.012999999999999998
-0.018999999999999996
-0.013
-0.012
-0.009000000000000005
0.001
-0.016
-0.002
0.006
0.006000000000000012
0.027000000000000024
-0.006
0.016
0.001
0.003
-0.004
0.0
-0.006
-0.013000000000000001
-0.004
0.003
0.005
0.005
-0.004
-0.006999999999999999
-0.014000000000000002
-0.004
-0.009000000000000001
0.019000000000000003
0.018000000000000002
0.01800000000000001
0.011000000000000006
0.002
-0.017
-0.008999999999999998
-0.008
-0.022
-0.005000000000000001
-0.003
0.007999999999999997
0.010000000000000005
0.009000000000000001
0.016
0.007
-0.012999999999999998
0.006
-0.017999999999999995
-0.002
-0.016999999999999998
-0.020000000000000004
0.001
0.001
-0.005
-0.011000000000000005
0.009000000000000001
-0.002
0.0
0.001
-4.336808689942018E-18
-0.004000000000000001
0.015000000000000008
0.004
0.014000000000000002
-0.013999999999999999
-0.004
-0.009000000000000001
0.007000000000000001
0.0010000000000000009
0.01
0.007
0.006999999999999993
0.007
0.002
0.0
-0.011000000000000003
0.006
0.005
-0.012999999999999998
0.003
0.007
0.0
0.001
-0.001
0.015
-0.005000000000000001
0.0
0.004
-0.003
0.008
-0.006
-0.006999999999999999
-0.008
0.002
0.02100000000000001
-0.005
0.0
-0.0029999999999999966
0.017
0.010000000000000002
0.026000000000000002
0.0019999999999999966
0.009000000000000001
0.001
-0.012999999999999992
-0.003
-0.002
-0.005000000000000001
-0.004999999999999999
0.002
0.006000000000000005
0.014000000000000002
0.005
-0.002
0.002
0.003
-0.003
0.008999999999999998
0.0
-0.013999999999999999
-0.003
-0.011000000000000003
-0.013000000000000001
-0.004
0.008
0.002
-0.019000000000000003
-0.011999999999999999
-0.011000000000000003
-0.002
-0.009000000000000001
0.006
-0.003
-0.003
-0.010000000000000002
0.006000000000000002
0.008
0.0059999999999999975
-0.003999999999999999
-0.007000000000000002
-0.005
-0.009
0.020000000000000004
0.008
0.007
0.0
0.011000000000000001
0.008999999999999998
0.006
0.013000000000000001
0.0
0.015
-0.002999999999999999
-0.004
-0.001
-0.007000000000000003
-0.020999999999999998
-0.013000000000000008
-0.009000000000000008
0.0
0.017
0.007
-0.004
-0.017
-0.007
0.005
-0.006
0.0
-0.0060000000000000045
-0.001
0.010000000000000002
0.01
9.999999999999983E-4
0.001
0.002
-0.001
0.0
0.009999999999999998
0.007
0.0
-0.001
0.0
0.002
-0.007
0.002
-0.008
0.002
0.005000000000000001
-0.003
-0.009999999999999998
0.0010000000000000035
-0.017
-0.023000000000000007
-0.003
0.003
0.003
-0.0059999999999999975
0.006
0.004
-0.008000000000000007
-0.007
0.021000000000000005
0.001
-0.010000000000000004
0.005000000000000001
0.001
-0.003
0.0
0.004
-0.001
-0.011999999999999995
-0.008999999999999998
0.0
0.007000000000000001
0.002
-0.006
0.012
-0.001
-0.020000000000000004
-0.009000000000000001
-0.01
-0.011999999999999999
-0.019000000000000003
-0.007000000000000003
-0.001
-0.009000000000000003
0.009000000000000003
0.010000000000000002
-0.006
0.011000000000000001
-0.012000000000000002
-0.015
-0.008
-0.004
-0.008999999999999998
0.002
-0.004
0.004
0.0
-0.007000000000000001
-0.008
-0.005
-0.006
-0.006
-0.012000000000000002
-0.005
-0.006
0.008000000000000002
0.011000000000000001
-0.009000000000000001
-0.019000000000000003
-0.009000000000000001
-0.006
-0.011000000000000001
-0.003
-0.002
-0.003
-0.002
0.004
-0.003
-0.011000000000000005
-0.019000000000000003
-0.008
0.005
0.001
