-0.037000000000000026
0.002
-0.009000000000000001
0.007
0.001
0.005
-0.002
-0.003
-0.005
-0.005
-0.003
-0.013
-0.013000000000000001
-0.003
-0.007
-0.004000000000000001
-0.003000000000000001
-0.001
-0.003
-0.003
0.003
0.003
0.0
-0.003999999999999998
-0.007000000000000001
-0.001
0.003
-0.004
-0.003
0.001
0.004
-0.002
-0.004
-0.004
-0.012
-0.015000000000000003
-0.007
-0.008
0.003
-0.006000000000000001
-0.003
-0.005000000000000002
-0.007
0.005000000000000003
0.007
0.005
0.009000000000000001
0.013000000000000001
0.011
0.015
0.005
-0.002
-0.003
0.005
0.004
-0.005
0.002
0.004
-0.004
-0.001
-0.003
0.0
0.001
-0.003
-0.006
-0.010000000000000002
0.003
0.0
-0.004
0.002
-0.006000000000000001
0.0
-0.004
0.001
0.001
-0.008
-0.014
0.004
-0.004
-0.001
0.005
0.004
0.011000000000000001
0.013000000000000001
0.002
0.002
-0.005
0.007
-0.001
0.008
0.005
-0.004
-0.004
-0.004
-0.001
0.005
0.001
0.004
0.004
-0.013000000000000001
0.006
0.006
0.007
-0.008
-0.002
-0.006
0.006
0.005
0.006
0.0
-0.008
0.007
0.006
0.003
0.005000000000000001
-0.001
-0.002
-0.011
-0.005000000000000002
0.0
-0.001
-0.001
0.001
0.0
-0.001
-0.001
-0.004000000000000001
-0.005
-0.001
-0.013000000000000001
-0.009000000000000001
0.001
-0.005
0.001
-0.006
-0.002
0.001
0.001
0.005
-0.017000000000000008
0.0
0.004
0.008
0.007
0.011000000000000003
0.008000000000000007
0.006000000000000002
0.002
-0.003
0.003
0.003
0.005
0.0
0.003
0.004
-0.001
0.002
-0.002
0.0
0.004
0.007
-0.008
0.003
0.002
0.012999999999999998
-0.010000000000000002
-0.004
0.005
0.005
-0.004000000000000002
0.002
0.006
0.001
0.002
-0.005
-0.006
0.0
-0.007
0.010000000000000002
0.001
0.003
0.004
0.007
-0.003
0.006
0.005
-0.002
0.0
-0.012000000000000004
-0.007000000000000001
-0.005
-0.009000000000000001
-0.008
0.013
-0.006
0.001
-0.006
-0.001
-0.006
-0.002
-0.008
0.005
0.0
0.001
-0.004
0.0
-0.002
-0.004
-0.004
-0.002
0.007000000000000001
0.005
0.011999999999999997
0.003
0.008
0.007
-0.0069999999999999975
0.001
0.0
0.004
0.0
-0.007
-0.011000000000000001
-0.001
0.005
0.006
0.005
-0.009000000000000001
-0.006
0.001
0.010000000000000002
0.003
-0.005
0.001
-0.001
0.006
0.004
0.003
0.007
0.002
0.001
0.004
-0.002
0.013000000000000001
0.0
0.009000000000000001
0.012000000000000002
0.009000000000000001
0.002
-0.002
-0.005
-0.007
-0.001
0.0
0.005
0.006000000000000001
0.003
-0.004
-0.003
-0.006
-0.010000000000000002
-0.004
-0.002
-0.001
0.001
-0.005
-0.003
-0.007
0.002
-0.006999999999999997
-0.002
0.004
-0.004
-0.009000000000000001
0.003
-0.009000000000000001
0.009000000000000001
-0.001
0.001
0.002
-0.007
-0.001
-0.006
-0.002
-0.001
0.0
0.002
0.002
0.0
0.008
0.001
0.0
-0.004
-0.005
-0.003
-0.016
-0.005
-0.005
-0.005
-0.005
-0.009000000000000001
0.01
-0.002
0.007
-0.005
0.002
-0.002
-0.004
-0.004
0.008
-0.001
0.002
0.004
-0.001
-0.0010000000000000009
-0.003
-0.003
0.008
0.001
0.006
0.014
0.006
-0.004
-0.010000000000000002
-0.007
-0.013000000000000001
-0.019000000000000003
-0.008
-0.010000000000000002
-0.013000000000000001
-0.009999999999999998
0.0
0.001
-0.002
-0.006
-0.005
-0.007
0.004
0.012000000000000004
-0.001
-0.001
-0.005
-0.005
0.004
0.004
-0.001
-0.020000000000000004
-0.008
0.001
-0.006
0.006
0.013000000000000001
-0.008
-0.013000000000000001
-0.013000000000000001
-0.011000000000000001
-0.016000000000000007
-0.004
0.0
-0.009000000000000001
-0.018000000000000002
-0.007
0.0
0.008
-0.008
-0.011
-0.008
-0.008000000000000004
0.001
0.006
0.008
0.0
-0.004
-0.004
-0.005
0.011000000000000001
-0.003
-0.005
-0.001
0.005
0.002
0.014
0.007
-0.013
-0.003
-0.011000000000000003
-0.013000000000000001
-0.014000000000000002
-0.012000000000000002
-0.017
-0.005
0.01
0.010000000000000002
0.0
0.021
0.008000000000000004
-0.001
-0.008
0.01
-0.001
-0.001
0.006000000000000001
0.008
-0.002
-0.006
-0.003
0.006
-0.002
0.005
0.003
0.007
-0.001
0.007999999999999997
-0.003
0.008000000000000002
0.013999999999999999
0.002
0.001
-0.012999999999999994
-0.004
0.009000000000000001
0.004000000000000002
0.004
-0.006
-0.002
0.002
0.014
0.003
-0.002
0.002
-0.006
-0.002
0.007000000000000004
0.021000000000000005
0.002
-0.004
-0.010000000000000002
0.001
-0.007
0.006
-0.001
0.009000000000000001
0.004
0.005
0.0
0.012000000000000004
0.012000000000000004
0.016000000000000004
0.016
0.004
-0.003
0.003
0.005000000000000001
-0.001
0.004
0.0
-0.001
0.001
-0.001
0.003
-0.0029999999999999966
-0.002
-0.003
0.004000000000000001
0.008
0.005
-0.002
-0.008
0.002
-0.004
-0.003
-0.001
-0.001
-0.001
0.008
-0.016
-0.008
0.008999999999999998
0.010000000000000004
-0.007
0.004
-0.009000000000000001
0.007000000000000001
0.0020000000000000026
-0.002
0.005000000000000002
0.006
0.0
0.009000000000000001
0.008000000000000002
-0.008
0.009000000000000001
0.005
-0.006
0.0
0.016
-0.002
0.001
-0.004
-0.008
-0.004
-0.009999999999999997
0.001
0.012000000000000002
8.673617379884035E-19
0.018000000000000002
-0.004
0.014
0.022000000000000006
-0.003
-0.016
-0.011
0.0
0.015000000000000003
0.004
0.0
0.01
0.006000000000000001
-0.004
0.01
0.009000000000000001
0.018000000000000006
0.004
0.003
-0.003
0.001
0.016
-0.003
-0.003
-0.007
0.0
-0.005
0.0
0.013000000000000003
0.014000000000000002
0.007000000000000002
0.003
0.004
-0.003
-0.006
0.003
0.002
-0.002
-0.007000000000000001
0.012000000000000004
-0.005
-0.010000000000000002
-0.004
-0.001
-0.001
0.012000000000000002
0.006
0.008
-0.001
0.002
0.005
-0.002
0.017
0.001
0.0
-0.010000000000000002
-0.011999999999999999
0.001
-0.005
0.009000000000000001
0.004
-0.003
0.006
-0.006
-0.006
-0.004
-0.010000000000000002
-0.004
-0.016
0.001
0.011000000000000003
-0.001
-0.004
-0.003
-0.013000000000000001
0.016
0.016000000000000004
0.015000000000000003
0.004
0.007
0.004
0.005
0.005
0.007
-0.002
-0.002
-0.005
-0.013000000000000001
-0.002
-0.005
0.014000000000000005
0.013000000000000005
0.004
0.009999999999999998
0.002
-0.019000000000000003
-0.015000000000000003
-0.007
-0.014000000000000002
-0.002
-0.004
-0.004
0.0
-0.013000000000000005
-0.018000000000000002
-0.007
0.007
0.001
0.011000000000000005
0.0
-0.007
0.002
0.007
0.004
0.006
0.002
-0.002
-0.002
-0.002
-0.002
-0.002000000000000001
0.010000000000000002
0.009000000000000001
0.006
0.0
-0.001
-0.003
-0.014000000000000002
-0.006
-0.009000000000000001
-0.008
0.004
0.004
-0.005
-0.007
-0.005
-0.002
0.007
0.005
0.013000000000000003
0.006
-0.005
0.003
-0.013999999999999999
0.001
0.001
-0.001
-0.001
-0.005
-0.016
-0.015
-0.004
0.019000000000000003
0.002
0.002
0.002
0.002
-0.007
0.003
-0.006
0.002
0.004
-0.011999999999999999
0.002
-0.013000000000000001
0.005
0.003
-0.001
0.013000000000000001
0.011000000000000001
-0.006
0.001
0.003
0.003
-0.01
0.0
0.006
0.004
0.002
-0.004
-0.006000000000000001
-0.008
-0.004
0.002
-0.009000000000000001
0.007
0.009000000000000001
0.016
0.002
-0.013000000000000001
-0.003
-0.005
0.003
0.005000000000000001
0.004
-0.006
0.003
-0.003
-0.015
9.999999999999992E-4
0.005000000000000002
0.004
-0.01
0.002
-0.002000000000000001
-0.002000000000000001
0.016
0.002
-0.004
-0.001
-0.002
-0.006
0.0
-0.012
0.005
0.004
0.006
0.013000000000000005
0.0
0.001
0.004
0.003
-0.002
0.003
-0.012000000000000002
-0.0049999999999999975
0.004
0.006
-0.012999999999999998
-0.013000000000000001
0.013
0.008
0.006
0.002
-0.001
-0.006
-0.006
0.007
0.001
0.001
-0.002
-0.008
-0.004
-0.004
0.0
-0.006
-0.001
-0.003
-0.004
0.008999999999999994
0.005
-0.001
-0.006000000000000001
-0.007
0.007
-0.008
-0.004
0.001
-0.007
-0.010000000000000002
-0.008
0.011000000000000006
0.013000000000000001
-0.003
-0.001
-0.002
-0.003
-0.003
0.002
0.005
-0.002
-0.003
-0.001
-0.009000000000000001
0.002
-0.005000000000000001
-0.005
-0.001
0.007000000000000002
0.007000000000000002
0.009000000000000001
0.007
0.016000000000000007
-0.019000000000000003
-0.0030000000000000035
-0.010000000000000004
-0.007000000000000001
-0.002
0.0
0.0
0.002
0.010000000000000002
0.016000000000000004
-0.001
0.007000000000000001
0.002
0.0
-0.002
-0.005
-0.001
-0.004
-0.001
-0.003
-0.004
0.005
0.002
-0.003
-0.001
0.003
0.003
0.01
0.005
0.013000000000000001
0.005
0.008
-0.009000000000000001
-0.003
-0.006
0.001
-0.004
0.006000000000000001
0.013999999999999999
0.003
0.008
0.001
0.004
-0.008
0.005
-0.008000000000000002
-0.008
-0.012000000000000009
-0.009000000000000001
0.0
-0.003
-0.008
-0.007000000000000001
-0.004000000000000001
-0.001
0.003
-0.007
-0.009999999999999998
-0.006
0.008000000000000002
0.003
-0.001
-0.008999999999999994
-0.009000000000000001
0.002
0.002
0.005000000000000001
0.009000000000000001
0.018000000000000006
0.001
0.004
0.009000000000000001
-0.005
0.013999999999999999
-0.016999999999999994
-0.012
-0.005
0.002
-0.006
-0.004
0.002
-0.006
0.001
-0.004
-0.002
-0.010000000000000002
-0.006999999999999999
0.009000000000000001
-0.002
0.005
0.002
0.004
0.006999999999999999
0.008
0.0
0.015000000000000001
0.007000000000000001
0.011
0.005
-0.004
0.008000000000000002
0.0029999999999999975
-0.004
-0.001
0.006000000000000001
-0.011000000000000003
-0.009000000000000001
-0.008
-0.002
0.001
0.007
0.002
-0.001
-0.003
0.0
-0.003
-0.005
-0.005
-0.001
-0.005
-0.008
0.0
-0.002
-0.003
0.0
0.001
-0.003
0.005
0.006
0.014
0.009000000000000001
-0.004
-0.003
-0.007
0.007
0.001
0.002
-0.005
-0.001
-0.003
0.003
0.005000000000000001
0.004
0.0
-0.001
0.004
0.001
0.016
0.006
0.010000000000000002
0.008
0.003
-0.001
0.0
-0.001
0.002
-0.002
0.014999999999999998
0.016
0.003999999999999999
-0.002
-0.018000000000000002
-0.008000000000000002
-0.008
-0.006
0.008
-0.008
0.0
0.008
0.012
-0.006
-0.01
-0.001
0.0
0.0
0.006
0.01
0.006
0.006
0.005
0.006000000000000002
-0.003
0.0
0.001
0.009000000000000001
0.003
-0.008
-0.012000000000000002
-0.011000000000000001
-0.017
-0.016
-0.003
-0.008
-0.009000000000000001
-0.004
0.005
-0.001
-0.012
-0.006000000000000001
-0.001
0.007
0.001
-0.003000000000000001
0.0
-0.004
0.0
0.007000000000000002
0.003000000000000002
-0.006
-0.011000000000000001
-0.007000000000000001
0.0
0.002
0.004
0.001
-0.002
-0.012999999999999998
-0.005
-0.008
-0.010000000000000002
-0.018000000000000002
-0.007
-0.005
-0.011999999999999999
-0.008
0.005
-0.004
0.007
-0.013
-0.006
-0.009999999999999998
0.0
0.001
-0.002
0.0
0.002
0.0
-0.003
-0.006
-0.006
-0.01
-0.004
-0.006
-0.004
-0.002
0.002
0.009000000000000001
0.001
-0.006
-0.007
-0.005
-0.004
-0.003
0.001
-0.007
-0.002
0.004
0.003
-0.009000000000000001
-0.009000000000000001
0.004
0.0
-0.001
