-0.1300000000000001
0.016
0.0040000000000000166
0.031
-0.038000000000000055
0.03300000000000005
0.011000000000000003
-0.04400000000000001
0.038000000000000006
-0.02999999999999998
0.001
0.003999999999999993
0.03700000000000001
0.006000000000000001
-0.02999999999999999
0.016000000000000007
-0.07100000000000002
-0.049
0.027000000000000003
0.08399999999999999
-0.029000000000000026
0.024000000000000004
0.002999999999999987
-0.017000000000000015
-0.030999999999999996
-0.02299999999999995
0.032999999999999995
-0.05600000000000001
-0.002999999999999995
-0.008000000000000009
0.015000000000000006
-0.07100000000000001
0.0049999999999999975
0.02100000000000002
-0.009000000000000015
-0.05799999999999994
0.005999999999999983
-0.017000000000000015
-0.022000000000000002
-0.031000000000000003
-0.038999999999999965
-0.065
-0.0029999999999999923
-0.0020000000000000104
0.011000000000000003
-0.08500000000000002
-0.009999999999999986
-0.02000000000000001
-0.04299999999999998
-0.002999999999999989
-0.015000000000000008
0.03899999999999998
0.035
-0.02299999999999999
0.066
-0.021999999999999985
0.018999999999999996
0.056999999999999995
-0.088
-0.1610000000000001
-0.07699999999999999
-0.023000000000000013
0.037
-0.06099999999999994
0.03600000000000002
0.05500000000000002
0.009000000000000008
-0.007000000000000011
-0.02999999999999999
0.04799999999999995
-0.023999999999999987
0.02599999999999998
-0.049999999999999954
0.05100000000000002
0.07400000000000001
0.08500000000000003
0.042000000000000016
0.029000000000000005
0.06500000000000002
0.003999999999999994
0.025
0.032000000000000056
0.04699999999999994
0.048000000000000036
-0.023000000000000007
0.0059999999999999975
0.024000000000000018
-0.07400000000000001
-0.0050000000000000105
0.027000000000000038
0.016999999999999987
0.02000000000000002
-0.030999999999999986
-0.014999999999999993
0.01899999999999999
0.031000000000000007
-0.12600000000000006
-0.14500000000000007
-0.04900000000000004
0.024000000000000004
-0.13800000000000004
-0.03000000000000002
0.11800000000000002
0.023999999999999987
0.024000000000000004
0.024
-0.04499999999999999
-0.06000000000000001
0.023000000000000007
0.08200000000000003
0.06100000000000003
0.013999999999999995
0.025000000000000005
-0.08500000000000002
0.033999999999999975
0.06500000000000006
-0.013
0.04299999999999999
-0.0030000000000000027
-0.08000000000000002
-0.07300000000000001
0.016999999999999994
0.049999999999999975
0.046000000000000006
-0.14300000000000004
-0.05899999999999998
0.04100000000000003
0.07600000000000001
0.054
-0.08199999999999996
-0.021999999999999995
0.02900000000000001
-0.04999999999999995
-0.013999999999999978
0.026999999999999996
0.028999999999999988
0.08299999999999999
0.058
0.006999999999999996
0.0039999999999999584
0.020999999999999998
-0.04999999999999998
-0.04699999999999992
-0.009999999999999995
-0.024999999999999974
0.01800000000000001
0.005000000000000014
-0.016000000000000014
0.041000000000000036
-0.018000000000000002
-0.009000000000000008
-0.0030000000000000035
-0.15700000000000006
-0.03399999999999999
-0.019000000000000017
0.04499999999999997
0.057000000000000016
0.07400000000000001
0.005000000000000006
-0.06799999999999992
0.006000000000000005
0.055999999999999994
-0.06499999999999997
-0.05400000000000002
-0.028000000000000008
-0.07499999999999998
0.030999999999999993
-0.01900000000000001
-0.009000000000000005
