-0.1380000000000001
0.002
0.004999999999999996
-0.013999999999999999
-0.024999999999999998
-0.03000000000000001
0.006999999999999996
0.06900000000000002
9.999999999999913E-4
-0.03899999999999997
0.025999999999999985
-0.006000000000000001
-0.031000000000000003
-0.037999999999999985
-0.030999999999999993
0.0010000000000000208
-0.061000000000000075
-0.007999999999999997
-0.008999999999999994
0.07699999999999999
-0.065
0.018999999999999996
-0.013000000000000025
0.015999999999999986
0.016999999999999998
0.08800000000000002
-0.004999999999999991
-0.03999999999999999
-0.02800000000000002
0.0019999999999999853
0.025000000000000005
-0.08399999999999999
-0.057000000000000016
0.007000000000000007
-0.01999999999999997
-0.04999999999999997
0.012999999999999994
0.012000000000000007
0.07100000000000004
-0.01699999999999999
-0.043000000000000003
-0.05599999999999998
0.02100000000000001
-6.938893903907228E-18
0.064
-0.037999999999999985
0.019000000000000017
-0.04299999999999998
-0.09199999999999997
-0.031000000000000014
-0.06099999999999997
0.031000000000000014
-0.01799999999999999
0.01599999999999998
0.06800000000000003
-0.0019999999999999853
-0.05999999999999997
-0.00800000000000002
-0.12000000000000005
-0.119
-0.08
0.001999999999999999
-0.01
-0.029
-0.009000000000000005
-0.009000000000000011
-0.046999999999999986
0.022999999999999986
0.019000000000000017
0.07299999999999995
0.069
0.034
-0.11600000000000002
0.04600000000000001
0.08400000000000002
0.10200000000000001
0.05000000000000003
0.060000000000000046
0.033
1.734723475976807E-18
0.03300000000000001
-0.06699999999999999
0.06199999999999994
0.05
-0.010999999999999987
-0.07300000000000001
0.0010000000000000096
-0.06999999999999999
-0.034
0.04800000000000002
-0.08000000000000004
0.043999999999999984
-0.04599999999999999
-0.045999999999999985
0.009
0.10800000000000004
-0.18300000000000005
-0.10300000000000001
-0.01099999999999999
0.06699999999999995
-0.03099999999999992
0.02199999999999999
0.05899999999999993
0.014999999999999994
0.04399999999999989
0.04099999999999998
-0.04699999999999994
0.06800000000000003
0.07100000000000004
0.04800000000000001
-0.04599999999999991
-0.02800000000000001
-0.02200000000000002
-0.008999999999999932
0.015000000000000015
-0.020999999999999998
0.035999999999999976
0.010999999999999996
0.062
0.0020000000000000035
2.6020852139652106E-17
-0.04000000000000001
-0.029000000000000005
-0.0010000000000000044
-0.10400000000000004
-0.04500000000000003
-0.03599999999999999
0.04100000000000005
0.028000000000000018
-0.054999999999999986
-0.022999999999999986
0.0030000000000000044
-0.10400000000000002
-0.046000000000000034
9.999999999999966E-4
-0.03700000000000002
0.09600000000000006
0.021000000000000005
0.10400000000000006
0.046000000000000006
0.03900000000000003
0.02800000000000001
-0.020000000000000014
0.007000000000000002
0.018999999999999993
-9.999999999999992E-4
-0.03799999999999999
9.999999999999957E-4
-0.030000000000000016
0.013999999999999995
-0.018000000000000016
0.02000000000000002
-0.14100000000000001
-0.001
-0.006000000000000016
0.057
0.03600000000000003
0.016999999999999987
0.037000000000000005
-0.049999999999999996
0.05800000000000003
0.08300000000000005
0.019000000000000006
-0.05700000000000001
-0.08600000000000002
-0.04399999999999994
0.011999999999999986
-0.06299999999999999
-0.08599999999999998
