-0.1550000000000001
0.011999999999999993
-0.039
-0.07900000000000001
-0.020000000000000018
0.049
-0.032
-0.0049999999999999845
0.020999999999999984
-0.05299999999999998
-0.03000000000000002
-0.02600000000000002
0.03300000000000002
-0.03600000000000003
-0.012999999999999998
0.012000000000000004
-0.008999999999999998
0.0040000000000000036
0.039000000000000035
0.023000000000000003
-0.007999999999999995
0.014999999999999989
0.007999999999999983
-0.015000000000000006
0.032
0.008000000000000024
0.05300000000000002
0.011000000000000003
-0.028000000000000014
-0.0029999999999999836
0.04799999999999998
-0.030000000000000002
-0.08300000000000005
0.041999999999999975
-0.015
-0.037
0.02800000000000005
0.043000000000000024
0.07000000000000009
0.047
0.02300000000000001
-0.015999999999999993
0.0069999999999999975
-0.06599999999999999
-0.051000000000000024
-0.060000000000000005
-0.025000000000000022
-0.018000000000000013
-0.03999999999999995
0.02099999999999999
-0.06699999999999993
0.04200000000000005
0.04100000000000001
0.016999999999999987
0.10900000000000001
0.029000000000000005
-0.012999999999999982
-0.005999999999999998
-0.08299999999999998
-0.1850000000000001
-0.11700000000000002
-0.035000000000000024
0.016000000000000004
-0.022999999999999986
0.05100000000000006
0.02
-0.026000000000000002
-0.05400000000000002
-0.012999999999999998
0.04900000000000001
0.031000000000000017
0.020999999999999998
-0.05900000000000001
0.009000000000000015
0.06399999999999997
0.001000000000000007
0.08400000000000012
-0.012000000000000009
0.01899999999999999
-0.04100000000000002
-0.02499999999999998
0.009999999999999985
0.022999999999999975
0.04099999999999993
-0.02100000000000001
-0.05099999999999997
0.07199999999999998
-0.004000000000000011
-0.003999999999999994
0.03
-7.806255641895632E-18
0.007000000000000015
-0.03500000000000001
-0.025999999999999995
0.022999999999999986
0.047999999999999994
-0.13400000000000004
-0.14200000000000004
-0.004000000000000015
0.01899999999999999
-0.03999999999999999
0.007000000000000004
0.045999999999999916
-0.039999999999999966
0.05799999999999995
0.03600000000000002
-0.004999999999999992
0.042000000000000016
0.09000000000000005
0.0650000000000001
-0.009999999999999974
-0.052
0.04599999999999999
0.0040000000000000105
0.0010000000000000243
0.017000000000000022
-0.03500000000000003
-0.005000000000000001
-0.038999999999999986
-0.12500000000000006
-0.02900000000000002
-0.032000000000000015
-0.034000000000000016
-0.021999999999999995
-0.03900000000000003
-0.08399999999999999
0.03499999999999999
0.08600000000000002
-0.01600000000000002
-0.056999999999999953
-0.028000000000000018
-0.01899999999999999
0.012999999999999998
0.015000000000000017
0.002000000000000012
0.02900000000000004
0.1240000000000001
0.007999999999999997
0.020000000000000018
0.08800000000000002
-0.035
-0.068
-0.028999999999999936
0.03600000000000001
-0.005999999999999963
0.03900000000000003
0.04399999999999999
0.11400000000000002
-0.028999999999999984
-0.07699999999999997
-0.04700000000000001
0.06299999999999994
-0.1370000000000001
-0.001999999999999999
-0.007000000000000008
0.06200000000000003
0.03000000000000001
0.014000000000000002
-0.03799999999999999
-0.015000000000000003
-0.03399999999999999
0.13000000000000006
0.006999999999999998
-0.09100000000000001
0.04100000000000003
-0.027999999999999966
0.06500000000000002
-0.07100000000000001
-0.06400000000000002
