-0.47000000000000036
-0.011
-0.003999999999999946
0.014999999999999975
-0.06099999999999989
-0.06799999999999998
-0.005999999999999988
0.07899999999999999
-0.0029999999999999714
-0.11500000000000002
0.046
0.028999999999999984
-0.011999999999999959
-0.13500000000000004
-0.024999999999999988
0.164
-0.11800000000000005
0.09900000000000003
0.05399999999999998
0.06699999999999998
-0.09800000000000021
-0.016000000000000025
-0.02700000000000005
0.08300000000000007
0.007000000000000007
-0.06799999999999987
-0.013000000000000001
-0.04200000000000005
-0.1290000000000001
0.003999999999999994
0.07100000000000013
-0.06599999999999992
0.04299999999999995
-0.03899999999999999
0.08800000000000001
-0.12299999999999991
0.10000000000000014
0.13000000000000003
0.020000000000000136
0.07399999999999991
-0.046999999999999945
-0.15800000000000017
0.08600000000000006
-0.026999999999999993
0.004000000000000009
-0.2090000000000001
0.04999999999999995
0.016999999999999973
-0.10099999999999987
0.07300000000000012
-0.08399999999999988
0.10800000000000001
-0.0029999999999999506
0.02399999999999997
0.19600000000000012
0.05200000000000006
-0.11300000000000004
1.734723475976807E-17
-0.12999999999999995
-0.2680000000000001
-0.12200000000000003
-0.08399999999999996
0.04100000000000005
-0.07799999999999985
0.02399999999999996
0.041000000000000224
-0.11200000000000009
-0.06199999999999999
-0.05899999999999996
0.06700000000000003
0.13200000000000017
0.07600000000000004
-0.07299999999999995
0.020999999999999998
0.09600000000000014
0.14700000000000008
0.12900000000000023
0.052999999999999964
0.135
-0.023999999999999983
0.032000000000000056
-0.07599999999999987
0.1070000000000002
-0.015999999999999903
-0.153
-0.008000000000000024
0.12300000000000014
-0.06299999999999997
-0.034000000000000016
0.10800000000000032
-0.015999999999999966
-0.00599999999999992
-0.027999999999999945
-0.019999999999999938
-0.0060000000000000765
0.17700000000000018
-0.2340000000000001
-0.19700000000000004
-0.02900000000000001
0.09900000000000017
-0.223
-0.020999999999999974
0.1830000000000002
0.004999999999999983
0.095
0.010999999999999989
-0.0359999999999999
0.023999999999999987
0.17700000000000016
0.11000000000000021
-0.08899999999999991
0.07699999999999999
-0.008
-0.020000000000000073
-0.060000000000000005
0.003999999999999988
-0.09099999999999997
0.009999999999999993
0.08700000000000004
-0.14200000000000013
-0.04600000000000001
-0.15300000000000005
-0.0070000000000000374
0.13600000000000004
-0.2140000000000002
-0.12900000000000006
0.05200000000000014
0.10300000000000012
-0.021999999999999964
-0.02199999999999997
-0.13300000000000006
-0.045000000000000095
0.009000000000000065
0.03200000000000005
0.004999999999999938
-0.04099999999999999
0.1920000000000002
0.029000000000000012
-0.017999999999999964
0.04799999999999999
0.13500000000000012
-0.038
-0.091
-0.008999999999999961
0.004000000000000011
0.02800000000000001
0.069
0.03199999999999999
-0.01599999999999999
-0.04299999999999997
-0.09200000000000004
0.09900000000000003
-0.28300000000000014
0.037999999999999944
0.01900000000000003
0.023
0.11000000000000014
0.001999999999999982
-1.214306433183765E-17
-0.05399999999999999
0.007999999999999962
0.16400000000000017
0.004000000000000008
-0.14700000000000002
-0.03199999999999997
-0.03399999999999997
0.01600000000000005
-0.033999999999999975
-0.11799999999999997
