-0.07900000000000006
-0.0019999999999999966
0.007000000000000018
-0.018000000000000002
-0.038
-0.021999999999999992
-0.015000000000000003
0.03800000000000003
0.012999999999999998
-0.07499999999999998
0.004999999999999994
-0.008
-0.028
-0.00699999999999999
-0.008
0.04
-0.025999999999999985
0.08000000000000002
0.017999999999999995
0.032
-0.013999999999999999
-0.014000000000000002
-0.03300000000000001
0.024999999999999984
9.99999999999993E-4
0.037
0.036000000000000025
-0.032
-0.016
-0.039000000000000014
0.04299999999999996
-0.008999999999999998
-0.023000000000000003
0.018000000000000002
0.032
-0.05299999999999996
-0.006000000000000002
-0.005999999999999979
0.00999999999999999
0.019999999999999997
-0.026999999999999993
-0.06199999999999999
0.057000000000000016
-0.05299999999999998
0.049999999999999996
-0.10300000000000004
-0.020999999999999998
-0.007999999999999997
-0.04099999999999998
0.009999999999999993
-0.04899999999999998
0.004000000000000006
0.012999999999999998
-0.008000000000000005
0.012
-0.011
-0.017999999999999988
0.006000000000000009
-0.04200000000000003
-0.10700000000000001
-0.089
-0.005000000000000001
0.029999999999999985
-0.03299999999999998
0.06999999999999999
0.01900000000000001
-0.034
-0.027999999999999976
0.014000000000000012
0.05199999999999997
0.04100000000000002
0.036000000000000004
-0.07099999999999997
-0.041999999999999996
0.021
0.07200000000000001
9.999999999999992E-4
0.029000000000000005
0.0069999999999999975
0.016999999999999994
-0.010000000000000002
-0.06799999999999999
0.010999999999999998
0.03200000000000001
-0.034
-0.046000000000000034
0.01999999999999999
-0.022000000000000002
-0.016
0.04300000000000001
-0.003999999999999993
0.008999999999999998
-0.008000000000000002
-0.010999999999999992
-0.00400000000000001
0.02200000000000002
-0.10600000000000004
-0.061000000000000006
-0.05199999999999997
0.014000000000000009
-0.07799999999999999
-0.06699999999999998
0.04400000000000001
0.030000000000000002
0.06300000000000001
0.03800000000000001
-0.012
0.041
0.060999999999999985
0.10900000000000004
-0.002
0.03199999999999999
0.009999999999999988
0.0029999999999999975
0.0029999999999999983
0.0030000000000000035
0.0030000000000000035
0.023000000000000003
0.008999999999999998
0.0020000000000000087
0.030000000000000002
-0.049
0.02600000000000003
0.017999999999999995
-0.087
0.003000000000000007
0.02600000000000002
0.01600000000000001
0.02600000000000001
-0.010999999999999992
-0.055000000000000035
-0.010000000000000002
0.029999999999999992
0.022000000000000002
-0.010999999999999992
0.0010000000000000009
-0.014000000000000002
0.02599999999999998
0.01599999999999998
0.10100000000000003
0.011000000000000006
0.0019999999999999974
-0.017
9.999999999999992E-4
0.005
-0.013999999999999992
0.01600000000000001
-0.009999999999999988
0.058
0.021999999999999978
-0.028999999999999998
0.033000000000000015
-0.09500000000000003
-0.02000000000000001
0.029000000000000012
0.040999999999999995
-0.011
-0.051000000000000004
-0.04800000000000002
-0.018999999999999996
-0.04199999999999999
0.051000000000000004
0.024000000000000004
-0.05699999999999998
-0.018000000000000006
-0.013999999999999999
-0.024000000000000004
0.0010000000000000104
-0.05199999999999998
