-0.6300000000000004
-0.07799999999999996
0.047
-0.012000000000000042
-0.06599999999999966
-0.019000000000000048
-0.03299999999999999
0.06999999999999987
-0.08399999999999984
-0.065
0.13300000000000012
0.04700000000000001
0.009000000000000005
-0.06600000000000011
-0.01800000000000001
0.22500000000000006
-0.19900000000000012
0.10100000000000009
0.04300000000000001
0.10800000000000012
-0.11900000000000013
0.045999999999999944
0.018999999999999934
0.002999999999999986
0.03100000000000001
-0.0659999999999998
-0.03199999999999997
-0.124
-0.1140000000000001
-0.07799999999999999
0.14800000000000024
-0.10700000000000001
0.096
0.05399999999999995
0.06199999999999999
-0.11799999999999994
0.10100000000000009
0.061
0.023000000000000242
0.052999999999999936
-0.026000000000000006
-0.1850000000000001
0.12000000000000002
-0.004999999999999987
-0.011999999999999967
-0.1840000000000001
0.00999999999999996
0.038999999999999924
-0.13599999999999987
0.06800000000000006
-0.1719999999999999
0.13400000000000006
0.049999999999999774
0.054000000000000076
0.2760000000000002
0.12400000000000005
-0.15800000000000006
-0.02999999999999996
-0.2620000000000001
-0.30800000000000016
-0.09900000000000003
-0.10499999999999998
0.007999999999999896
-0.04199999999999961
0.07700000000000028
0.09100000000000008
-0.07200000000000002
-0.09599999999999997
-0.05999999999999983
0.05899999999999987
0.10800000000000004
0.07300000000000009
-0.20400000000000007
-0.024999999999999963
0.22600000000000015
0.07600000000000007
0.1510000000000003
-0.002000000000000026
0.07099999999999998
-0.037000000000000026
0.04699999999999996
-0.08999999999999984
0.1400000000000002
-0.027000000000000038
-0.11400000000000002
-0.02399999999999986
0.1400000000000001
-0.07999999999999996
0.023999999999999987
0.14000000000000018
0.042000000000000114
-0.07299999999999994
-0.14700000000000008
0.03000000000000004
0.055
0.13100000000000012
-0.2490000000000001
-0.14
-0.005000000000000098
0.09500000000000025
-0.19200000000000006
-0.06499999999999984
0.21000000000000021
0.059000000000000136
0.058999999999999816
0.03200000000000003
-0.04699999999999995
0.08200000000000016
0.14600000000000013
0.11600000000000008
-0.08099999999999999
0.07999999999999999
0.02200000000000004
-0.06999999999999994
-0.08900000000000008
-9.9999999999998E-4
-0.14400000000000004
0.030000000000000006
0.042000000000000016
-0.24900000000000017
-0.057
-0.157
0.04800000000000009
0.10000000000000014
-0.2690000000000002
-0.16800000000000012
0.12800000000000009
0.16900000000000012
-0.04500000000000005
-0.08199999999999988
-0.1400000000000001
0.051
0.05500000000000009
-0.037999999999999985
0.05899999999999996
-0.06999999999999995
0.1300000000000003
0.05099999999999998
0.048999999999999974
0.06099999999999991
0.03500000000000003
-0.037000000000000054
-0.03999999999999955
-0.07200000000000006
0.005
0.07399999999999998
0.05000000000000007
0.07699999999999996
-0.06299999999999999
-0.08799999999999972
-0.061000000000000026
0.13200000000000003
-0.28900000000000015
0.05399999999999995
0.006999999999999973
0.05600000000000015
0.0900000000000001
0.004999999999999972
0.014000000000000002
-0.07999999999999989
0.016999999999999956
0.13600000000000012
0.03600000000000002
-0.16100000000000003
0.001000000000000052
-0.0439999999999998
-0.012000000000000025
-0.021999999999999967
-0.09099999999999986
