-0.21700000000000016
-9.999999999999992E-4
-0.027999999999999983
-0.057999999999999975
-0.03999999999999994
9.999999999999966E-4
0.017
0.05299999999999998
0.04000000000000004
-0.08399999999999991
0.02400000000000001
0.048000000000000015
0.015999999999999997
0.014000000000000044
-0.034
-0.0030000000000000027
-0.05399999999999998
0.03999999999999999
-0.001
0.04100000000000005
-0.055999999999999994
-0.034000000000000016
-0.052999999999999894
0.004000000000000043
0.024999999999999994
0.022000000000000075
0.014000000000000061
-0.04000000000000002
0.008000000000000005
0.017999999999999988
0.09000000000000008
-0.05899999999999999
-0.029999999999999985
0.05799999999999999
0.024000000000000028
-0.04999999999999996
0.024000000000000028
-0.007999999999999986
0.06000000000000009
0.024000000000000018
-0.03199999999999997
-0.07400000000000001
0.06399999999999997
-0.06800000000000006
-0.0049999999999999975
-0.08100000000000002
0.11100000000000007
-0.05899999999999994
-0.11899999999999994
0.06700000000000003
-0.04599999999999993
0.052000000000000046
0.06599999999999995
-0.045999999999999985
0.0850000000000001
0.07500000000000004
-0.056999999999999974
-0.01899999999999998
-0.19500000000000012
-0.2070000000000001
-0.088
-0.05100000000000001
0.14500000000000005
-0.013999999999999997
-0.05699999999999989
0.02200000000000005
-0.01599999999999998
-0.02499999999999998
0.027000000000000007
0.08099999999999999
-0.019
0.035999999999999935
-0.13800000000000004
0.011999999999999993
0.11000000000000015
0.10100000000000008
0.09000000000000015
-0.01999999999999999
0.054000000000000034
-0.059
0.0029999999999999975
0.010999999999999996
0.03199999999999993
0.07900000000000006
-0.059000000000000004
-0.07199999999999993
0.05899999999999992
-0.0020000000000000113
-0.056999999999999974
0.09500000000000003
0.035000000000000045
0.0020000000000000347
-0.09400000000000003
0.005
-0.011000000000000024
0.019999999999999962
-0.17000000000000004
-0.14999999999999997
-0.043000000000000045
0.10500000000000007
-0.16800000000000007
-0.013999999999999952
0.07400000000000001
0.023000000000000007
0.05099999999999995
0.04799999999999996
-0.06299999999999993
0.09900000000000009
0.10800000000000007
0.10300000000000009
-0.07899999999999996
0.051000000000000004
-0.05899999999999995
0.023999999999999997
-0.019999999999999938
-0.016999999999999984
-0.03699999999999995
0.03799999999999998
0.02299999999999998
-0.15500000000000003
-0.06599999999999995
-0.014999999999999994
0.087
0.05800000000000001
-0.06800000000000002
-0.06500000000000004
0.033000000000000015
0.04000000000000004
-0.028000000000000004
0.03400000000000003
-0.052000000000000046
0.04499999999999998
-0.03399999999999997
0.012000000000000004
-0.03200000000000001
-0.02400000000000002
0.025999999999999947
0.10600000000000007
0.024000000000000007
0.07800000000000003
-0.03899999999999995
-0.03900000000000002
-0.027999999999999976
-0.025000000000000015
0.01699999999999997
0.049999999999999975
-0.021999999999999992
-0.003000000000000001
-0.059999999999999935
-0.046000000000000006
-0.08900000000000008
0.01900000000000001
-0.13099999999999998
0.008000000000000007
0.011999999999999993
0.04000000000000005
0.03500000000000002
0.046000000000000034
-0.028999999999999977
-0.06799999999999996
0.043
0.06700000000000005
0.005999999999999999
-0.05499999999999999
0.041999999999999996
-0.013000000000000008
0.022999999999999948
-0.051000000000000004
-0.10399999999999998
