-0.03300000000000002
-0.004000000000000001
0.0069999999999999975
-0.003000000000000001
-0.017000000000000005
0.011
0.015
0.06100000000000002
0.054000000000000006
-9.999999999999974E-4
-0.008
0.007999999999999997
0.009000000000000001
0.005999999999999996
-0.003
-0.007000000000000001
-0.027
0.008999999999999998
-0.009000000000000005
0.020999999999999998
-0.006000000000000001
0.006999999999999997
-0.011999999999999993
0.018000000000000002
-0.0049999999999999975
-0.0010000000000000035
-0.014000000000000002
-0.015000000000000005
-0.02200000000000001
0.011000000000000006
0.02099999999999999
-0.023999999999999987
-0.028000000000000004
0.003
-0.007000000000000004
-0.019000000000000003
-0.004
-0.009999999999999998
-0.021999999999999985
-0.006000000000000001
-0.026000000000000002
0.005999999999999998
0.004000000000000002
-0.012
0.012
-0.018000000000000002
0.026000000000000002
0.009000000000000001
-0.011000000000000001
-0.023000000000000003
9.999999999999992E-4
-0.005
0.006000000000000004
-0.018000000000000002
-0.014
0.014000000000000002
0.031000000000000003
-0.025000000000000005
-0.06999999999999999
-0.07400000000000002
-0.06599999999999999
0.006999999999999997
0.027999999999999997
0.0050000000000000044
0.005000000000000001
-0.031000000000000017
-0.03900000000000001
-0.036000000000000004
0.005000000000000004
0.023999999999999997
-9.999999999999966E-4
0.009000000000000001
-0.039999999999999994
0.019999999999999997
0.046
0.046999999999999986
-0.017
9.999999999999992E-4
-0.006999999999999999
0.001
-0.020999999999999998
0.010999999999999998
0.025
-0.024999999999999994
-0.0069999999999999975
-0.034000000000000016
0.021
0.001000000000000006
-9.999999999999983E-4
0.012
8.673617379884035E-19
0.006000000000000001
-0.017999999999999995
-0.0010000000000000026
0.019999999999999997
0.03800000000000001
-0.032999999999999995
-0.062
-0.027
0.023
-0.036000000000000004
-0.034
0.026999999999999986
0.005999999999999995
0.027000000000000003
-0.012000000000000004
0.004000000000000001
0.023000000000000007
0.045000000000000026
0.05399999999999999
-0.030000000000000006
-0.002
-0.028
0.0
0.013000000000000005
-0.021000000000000005
-0.028000000000000004
0.015999999999999993
0.010000000000000002
-0.02
0.012000000000000004
0.015000000000000003
0.033
-0.010000000000000002
-0.029
-0.002999999999999994
1.734723475976807E-18
0.036000000000000004
-0.011
-0.011
0.014000000000000002
-0.004
-0.0019999999999999974
0.006
0.05900000000000001
0.03199999999999999
0.033
0.001
0.012
0.019999999999999997
0.007000000000000008
0.01
-0.035
-0.024
-0.006000000000000002
0.019000000000000003
0.037
0.037000000000000005
0.0049999999999999975
0.024
-0.02200000000000001
0.019
-0.044000000000000004
-0.036000000000000004
-0.006999999999999995
-0.0029999999999999975
0.008
-0.034
0.002999999999999999
-0.014999999999999994
-0.004
0.013999999999999995
0.004000000000000001
-0.018000000000000006
8.673617379884035E-19
0.012999999999999994
0.015999999999999997
-0.001
-0.022
