-0.048000000000000036
-0.002
-0.030999999999999996
-0.005000000000000004
-0.02900000000000001
-0.004000000000000006
-0.038000000000000006
0.067
0.057000000000000016
0.010000000000000002
0.016
0.007
0.007999999999999997
-0.005000000000000001
-0.021999999999999995
0.009000000000000001
0.0019999999999999983
0.019000000000000003
0.045000000000000005
0.04100000000000001
0.011000000000000003
-0.02999999999999999
0.031
-0.024000000000000007
-0.028999999999999988
0.03599999999999999
0.024000000000000004
-0.011000000000000003
-0.017999999999999995
0.037
0.036000000000000004
-0.03200000000000001
-0.049
-0.007000000000000002
-0.025
-0.032
-0.015000000000000027
-0.006000000000000002
-0.003999999999999994
0.008
-0.030999999999999996
-0.02600000000000001
0.0020000000000000035
0.028000000000000004
-0.04600000000000001
-0.013000000000000008
-0.002
0.035
-0.043
-0.013999999999999986
-0.025
-0.006999999999999987
-0.0010000000000000009
0.009000000000000001
0.002
-0.01999999999999999
-0.011999999999999997
-0.04099999999999998
-0.10000000000000005
-0.04800000000000001
-0.02600000000000001
0.06299999999999999
0.031000000000000003
-0.030000000000000002
-0.02000000000000001
0.052
0.004
0.016000000000000004
-0.027999999999999994
0.03300000000000001
-0.024
0.02
-0.05900000000000003
9.999999999999948E-4
0.07399999999999998
0.029
0.038999999999999986
0.001
0.0030000000000000035
0.006999999999999993
-0.009999999999999998
-0.026999999999999986
0.01899999999999999
0.034000000000000016
-0.013000000000000001
-0.030000000000000006
0.056
0.0039999999999999975
-0.039999999999999994
0.03299999999999999
0.0050000000000000044
-0.001999999999999999
-0.008
0.009000000000000001
0.04600000000000001
0.046999999999999986
-0.044000000000000004
-0.04099999999999999
-0.04399999999999999
0.011
-0.05099999999999999
-0.030000000000000013
0.010999999999999998
0.03500000000000001
0.0030000000000000044
-0.020999999999999998
-0.021000000000000005
-0.007000000000000008
0.02599999999999999
0.05300000000000004
-0.035
-0.003
0.033
-0.037000000000000005
-0.008
-0.011
-0.018000000000000002
0.0029999999999999983
-3.469446951953614E-18
-0.07300000000000001
-0.03500000000000001
0.011000000000000003
0.04500000000000005
0.023999999999999994
-0.023
-0.02900000000000001
-0.016000000000000007
0.024999999999999984
-0.03300000000000001
-0.028000000000000004
-0.023999999999999994
-0.019000000000000006
-0.025000000000000012
0.028000000000000004
-1.734723475976807E-18
-0.004999999999999997
0.029000000000000005
0.029999999999999995
0.03500000000000002
0.07300000000000001
-0.04699999999999999
-0.057999999999999996
-0.002999999999999999
0.031000000000000003
-0.012000000000000004
-0.009000000000000001
0.006000000000000004
0.047000000000000014
0.020000000000000007
-0.005
-0.051000000000000004
0.0
-0.07699999999999999
0.011999999999999997
-0.0039999999999999975
-0.024
-0.010000000000000005
-0.04600000000000001
-0.016999999999999998
-0.034
-0.02300000000000001
0.033
0.020000000000000007
-0.03900000000000002
-0.022000000000000006
-0.008000000000000002
-0.011
-0.029999999999999992
-0.034999999999999996
