-0.3830000000000003
-0.041999999999999996
-0.017999999999999974
0.08299999999999993
0.020999999999999974
-0.08199999999999993
-0.009999999999999995
0.04699999999999996
0.00599999999999998
-0.05199999999999986
0.10200000000000006
-0.026999999999999934
-0.008000000000000021
-0.07900000000000007
0.003999999999999997
0.06000000000000001
-0.12299999999999997
0.14700000000000008
-0.05499999999999994
0.10400000000000009
-0.03299999999999998
0.053000000000000054
-0.028000000000000046
0.043000000000000024
0.055000000000000035
-0.039999999999999994
-0.017999999999999988
-0.012000000000000014
-0.08000000000000002
-0.04500000000000004
0.05100000000000001
-0.06499999999999995
0.029999999999999985
0.04999999999999999
0.009999999999999983
-0.2
0.035000000000000045
0.07000000000000003
0.0060000000000000435
0.04299999999999997
-0.050999999999999976
-0.06300000000000003
0.087
-0.026000000000000023
-0.05000000000000011
-0.11700000000000002
-0.013000000000000032
0.046000000000000055
-0.12499999999999986
0.09000000000000005
-0.07499999999999991
0.16200000000000012
0.06099999999999995
0.019999999999999983
0.1410000000000001
0.06299999999999997
-0.16100000000000003
0.02199999999999997
-0.15700000000000003
-0.23400000000000015
-0.07600000000000001
-0.08700000000000008
-0.025000000000000057
-0.049999999999999815
-0.020000000000000018
0.037000000000000074
0.04099999999999999
-0.037999999999999985
-0.036000000000000046
0.12100000000000008
0.11800000000000005
0.09900000000000006
-0.19300000000000006
0.048
0.04800000000000011
0.05999999999999999
0.06600000000000025
0.004999999999999993
0.035
0.038000000000000034
-0.004000000000000027
-0.10100000000000003
0.018999999999999923
0.056000000000000084
-0.12
-0.10899999999999989
0.09100000000000003
-0.03300000000000003
0.03299999999999989
0.18500000000000016
-0.004000000000000011
-0.029
-0.030000000000000027
0.014999999999999994
0.03700000000000006
0.11800000000000009
-0.17800000000000002
-0.15299999999999994
0.021999999999999992
0.07799999999999999
-0.1780000000000001
-0.07599999999999996
0.14300000000000004
0.12100000000000002
0.047999999999999966
0.05400000000000003
-0.09899999999999998
-0.010000000000000002
0.17900000000000013
0.06400000000000011
-0.09199999999999994
0.06899999999999984
0.025000000000000022
-0.04500000000000002
-0.02000000000000001
-0.003999999999999966
-6.158268339717665E-17
0.03300000000000004
0.05200000000000002
-0.18900000000000017
0.0030000000000000313
-0.1480000000000001
0.025999999999999975
0.097
-0.2250000000000001
-0.1330000000000001
0.11400000000000007
0.04700000000000007
-0.036000000000000004
-0.009000000000000029
-0.098
-0.037000000000000005
0.07100000000000001
0.01500000000000002
0.011999999999999962
-0.05799999999999997
0.1300000000000002
0.001000000000000007
0.05499999999999997
0.10900000000000012
0.06300000000000006
-0.10400000000000001
-0.06599999999999992
-0.015000000000000027
0.03299999999999999
0.04899999999999998
0.08899999999999997
-0.013000000000000001
-0.05099999999999997
-0.03299999999999993
-0.03100000000000005
0.07599999999999996
-0.2450000000000001
0.04599999999999995
0.039999999999999966
0.011000000000000013
0.038000000000000006
0.024
0.04100000000000003
-0.07999999999999993
0.02099999999999999
0.1250000000000001
-1.734723475976807E-18
-0.13300000000000003
-0.0019999999999999593
-0.06399999999999997
0.055000000000000014
-0.08699999999999997
-0.04899999999999993
