-0.10400000000000008
-0.172
-0.042999999999999865
-0.038000000000000006
0.028999999999999953
0.06599999999999999
0.017000000000000008
-0.06300000000000007
-1.9081958235744878E-17
0.079
-0.01300000000000001
-0.2939999999999996
-0.17799999999999994
0.2139999999999999
0.1400000000000002
0.008000000000000002
0.06900000000000005
0.011999999999999966
-0.36199999999999993
0.15799999999999992
0.08500000000000006
0.2109999999999999
-0.04799999999999997
0.04399999999999989
-0.17400000000000004
-0.19700000000000006
-0.15900000000000009
-0.10899999999999996
0.03200000000000001
-0.086
-0.030000000000000016
0.161
0.15200000000000014
0.1630000000000001
0.16400000000000012
-0.02399999999999989
-0.1499999999999999
0.024000000000000007
-0.16400000000000006
0.03699999999999998
-0.16699999999999976
0.07399999999999994
0.03900000000000005
