-1.4089999999999556
0.43
-0.312
-0.09600000000000108
0.18300000000000052
-0.16000000000000006
-0.14799999999999858
-0.10000000000000114
0.7840000000000001
0.6440000000000009
-0.2929999999999986
-0.6639999999999985
-0.46100000000000035
0.6560000000000009
-0.01100000000000028
0.4920000000000003
0.7080000000000007
0.12100000000000256
-0.8830000000000003
0.8350000000000009
-0.14199999999999993
0.17499999999999993
-0.5599999999999997
-0.5179999999999992
-0.11099999999999839
-1.1970000000000012
-0.15499999999999947
0.8660000000000011
-0.1490000000000001
0.22500000000000053
0.46200000000000063
0.09000000000000034
1.2909999999999964
-0.20499999999999963
0.42800000000000127
-0.797
0.3010000000000003
0.287
0.0710000000000014
-1.2250000000000285
-0.6779999999999996
0.020999999999999894
-0.7630000000000002
