-217.60300000067497
-3.2770000000013653
-0.9330000000000083
-2.1520000000014714
0.9660000000003617
1.489999999999209
0.042000000000066796
1.423000000000279
4.2009999999955605
1.5029999999997459
1.2719999999992275
0.9929999999998663
-6.014000000000012
2.3090000000002022
0.9690000000000978
-0.6729999999999868
1.7909999999947885
0.7920000000000246
-7.102000000001398
3.6329999999937375
2.005999999998418
3.252999999995581
-0.9839999999999016
1.688999999999115
1.5249999999961168
-6.1460000000077235
0.36499999999998667
-0.10400000000001791
1.158999999999732
1.5880000000024994
1.3169999999973598
-1.5420000000014022
5.8120000000000385
-1.2449999999999808
6.993999999987414
-4.104000000004556
1.5719999999995977
2.5419999999975356
-2.9430000000001395
0.5380000000000695
-3.9970000000013988
1.4899999999964877
-1.2360000000007272
