-979.829999983742
-9.416999999999565
-1.8049999999999475
-3.5090000000086317
11.911999999980189
-1.1260000000044872
2.6639999999917374
10.223999999985043
2.3579999999974013
6.939999999982566
1.5289999999910167
-6.190000000025545
-10.681000000015182
13.392999999960553
2.036999999994286
5.794000000003297
5.008999999974457
4.5639999999928955
-23.249999999978208
14.086000000016094
2.1099999999891543
12.234999999933384
-3.6450000000213563
12.752999999957504
2.9549999999859513
-9.601999999987578
1.0050000000001578
-3.407000000029719
8.44599999995715
-6.144000000005269
0.07100000000134893
0.8480000000009259
5.107999999997935
3.4759999999829185
19.087999999944845
-16.567999999993425
-1.5320000000038312
4.223999999985777
1.002999999999056
0.43200000000000505
-16.055000000051507
5.581999999995396
0.19600000000164822
