-375.6079999980299
-3.9179999999986506
-1.72500000000177
-1.7060000000040938
4.831999999991381
0.3720000000003023
1.9739999999960838
4.090999999996585
0.430000000000256
3.3319999999950465
1.3319999999966778
-3.605000000005598
-4.245000000004019
4.045999999998771
1.5929999999979985
2.94499999999126
1.4759999999957316
4.071999999995182
-10.172000000016334
3.8379999999915833
-0.003999999999498089
4.932999999998208
-3.0790000000060282
6.3640000000045545
1.2899999999971965
-3.467000000003201
0.5460000000000507
-0.5599999999996025
2.747999999999091
-0.5889999999997377
-1.8060000000014753
-0.33099999999962637
3.706000000003923
0.10800000000029183
9.21599999999191
-8.04800000000816
0.25100000000027295
1.0039999999999822
0.9060000000000593
0.18400000000075178
-7.379999999999117
2.6069999999969347
-0.27799999999908886
