-232.6250000007467
-3.553000000002888
-0.3169999999998442
-2.366000000003236
5.685999999994584
-0.5649999999999844
2.2069999999987346
-0.24799999999980835
-0.9579999999997977
5.009999999995437
-1.531000000002675
-0.27999999999964476
-1.6100000000043724
4.151000000000873
3.088999999995769
7.014000000001425
-3.7269999999961736
-0.1289999999997854
-10.477999999999213
3.444999999995594
2.175999999999435
0.7550000000001453
0.1560000000002179
9.426999999999186
-1.3440000000015218
-4.576000000001632
2.0169999999997166
-1.5480000000013743
2.619999999998521
-3.688000000003026
-1.5190000000025479
2.772999999995084
2.140999999998371
0.831000000000105
7.07999999999428
-9.326000000000374
-0.9280000000004534
0.4750000000003356
0.7450000000001397
1.1479999999994195
-5.030000000000445
1.6969999999954781
-0.17399999999962226
