-347.0809999987045
-2.065000000002882
0.5810000000000518
-0.31899999999998385
4.588999999991581
0.402000000000584
0.18400000000036548
4.806999999998477
-1.642000000001518
2.3529999999966345
1.6459999999966535
-2.1020000000019707
-4.311000000006268
4.761999999995723
0.8570000000004317
0.4460000000001942
-0.018999999999475194
0.6970000000002129
-8.497000000009377
6.462999999989287
-0.01999999999919759
7.8109999999959845
-1.4620000000004505
4.57800000000218
-1.411000000000719
-6.089000000010974
-0.011000000000112569
-1.0809999999997206
1.201999999998872
0.8470000000001492
1.0439999999981098
0.8590000000005243
4.794000000001334
2.662999999995785
5.600999999997899
-6.58999999999791
0.45500000000000396
3.1909999999907988
-0.727999999999605
0.6220000000002713
-6.034000000002358
1.7999999999965697
-2.5840000000049077
