-142.9290000003184
0.1510000000000163
-2.1240000000004366
-2.378000000001058
1.1919999999999102
0.513000000000126
0.25600000000000356
0.7520000000000037
2.4929999999989776
1.3850000000001523
0.20700000000004987
-0.0029999999997074346
-3.0890000000016427
2.3630000000007443
-0.6369999999999073
-1.25400000000005
0.6860000000000478
1.3690000000003781
-6.27700000000301
2.1330000000000022
0.1160000000002413
3.960999999997389
-3.3170000000014497
2.8650000000009728
1.8799999999980852
-5.049000000002757
-0.2650000000002116
0.36200000000012333
-1.0429999999998132
0.40600000000003955
1.7069999999988728
1.120999999999356
3.7950000000008295
-0.9009999999997907
2.6099999999981867
-0.1299999999998051
1.151999999999863
0.8190000000000643
-3.094000000003464
2.9759999999947246
-4.155000000003901
1.0369999999993393
0.21200000000008362
