-85.46700000004404
-1.6199999999993207
-0.1969999999998841
-2.820999999999709
4.621999999995834
-2.0100000000006593
1.587000000000151
4.084000000002184
0.4360000000000086
2.918999999998804
-2.156000000001926
4.19399999999826
-7.964999999995863
-1.1250000000002827
-4.685999999996337
3.8589999999951097
2.5929999999997717
4.055999999999892
-7.069000000000416
4.508999999997701
3.5519999999983445
5.2400000000014115
-0.02499999999996959
-3.785999999999759
-0.68499999999991
-0.005999999999903371
-0.5959999999998998
-4.608000000005561
1.6050000000008764
-2.3410000000027575
3.936000000000418
-0.375999999999774
4.6159999999990475
-0.6009999999999904
2.015999999999985
-1.4060000000014226
-7.992000000000714
4.277999999996265
-3.81699999999988
-0.49299999999997035
-1.510000000000769
3.2119999999991573
-3.034000000002034
