-459.3999999960485
-3.381999999998718
0.2910000000001267
-1.8600000000039802
6.7909999999837884
-1.5130000000002957
0.7630000000002172
4.865999999990328
1.0599999999997964
2.0159999999971627
1.6519999999928643
-3.4950000000046297
-4.355000000001714
7.07599999999088
1.2129999999996544
2.238999999996781
1.8379999999948775
1.1690000000011953
-9.98199999999724
6.7699999999766804
1.3839999999995887
6.423999999992331
-1.864999999999423
3.8159999999939993
1.8579999999960872
-2.988000000003793
0.2570000000002366
-0.8049999999993878
3.9200000000054542
-0.8010000000030344
-1.6890000000039307
-0.312999999999644
2.248999999993314
1.7219999999971174
8.753999999981495
-6.595999999999987
0.8320000000001069
3.280999999993716
0.562000000000124
0.7250000000012133
-6.688999999996706
0.6950000000007732
-1.9690000000051313
