0.1220000000000001
0.3860000000000004
-0.016999999999999876
0.7170000000000007
0.19800000000000095
-0.08100000000000042
-0.5299999999999997
0.08899999999999979
-0.5919999999999997
0.4119999999999998
0.49800000000000044
-0.1229999999999999
-0.1559999999999991
0.1730000000000002
-0.18099999999999683
0.20400000000000032
-0.08300000000000061
0.38100000000000067
-0.3139999999999986
0.6000000000000011
-1.0520000000000018
-0.15899999999999773
-0.14000000000000018
0.2780000000000013
0.16800000000000181
-0.3169999999999989
-0.3969999999999996
0.3759999999999998
-0.33399999999999974
0.20200000000000332
0.0019999999999991518
0.6610000000000004
-0.09300000000000024
-0.05100000000000074
-0.3520000000000001
-0.8550000000000004
-0.07699999999999976
-0.0940000000000002
0.06999999999999952
0.15900000000000195
0.2790000000000002
