0.028000000000000018
-0.19299999999999948
0.1450000000000004
-0.5319999999999988
0.733
0.03599999999999991
0.8330000000000004
-0.2400000000000003
-0.041000000000000016
0.20299999999999974
-1.0669999999999993
0.4380000000000022
0.24499999999999963
0.32400000000000007
0.32499999999999984
-0.27900000000000047
0.09599999999999989
-0.4289999999999996
0.7920000000000006
-0.24599999999999933
-0.3389999999999995
-0.5760000000000001
-0.2300000000000016
0.16899999999999962
-0.6739999999999996
0.11400000000000052
