0.004
0.10300000000000006
0.11100000000000002
0.011000000000000041
0.2219999999999999
0.05799999999999993
-0.27099999999999996
0.021999999999999933
0.07100000000000002
-0.03900000000000005
-0.17099999999999987
-0.14500000000000007
-0.2989999999999996
-0.0070000000000000045
-0.059000000000000205
0.17600000000000018
0.16999999999999987
0.13600000000000007
0.27999999999999997
0.017
-0.04400000000000008
-0.19000000000000006
0.04199999999999991
-0.13800000000000007
-0.010000000000000044
-9.999999999999974E-4
-0.15600000000000003
-0.06500000000000006
0.185
0.06400000000000004
0.01899999999999999
0.026999999999999864
-0.04299999999999999
0.03799999999999999
-0.2299999999999997
-0.036
