3.5569999999997193
-0.1630000000000178
0.01500000000004198
0.16499999999955545
-0.021999999999962865
-0.06800000000018136
0.3140000000004989
-9.999999999876427E-4
0.05299999999961054
-0.08700000000018958
-0.95599999999993
0.03399999999990244
-0.0740000000000835
0.060999999999719653
-0.16800000000016233
0.33000000000493757
-0.07699999999997063
-0.2339999999999684
0.13899999999927679
-0.17300000000022486
-0.1000000000000194
0.02800000000002475
0.25800000000045964
-0.04800000000005342
-0.21500000000019262
0.003999999999993844
