1.141999999999985
0.014999999999834222
-0.2880000000009542
0.45200000000428797
-0.2050000000059201
-0.14099999999705579
0.21299999999614988
-0.03699999999934029
0.04999999999841191
-0.25400000000638145
-0.6940000000000001
0.25499999999282874
0.03599999999930603
0.0569999999980752
0.25400000000299683
0.39800000003124125
-0.2710000000022832
-0.13999999999402693
0.2570000000025731
-0.16799999999946968
-0.11099999999860073
-0.2649999999998993
0.4010000000067976
-0.1320000000041622
-0.07800000000653912
-0.1060000000014775
