0.20200000000000015
-1.9189999999999625
-0.004000000000000309
-0.12699999999999834
0.9020000000000014
-0.04599999999999781
-0.08999999999999816
0.29700000000000826
-0.3099999999999993
0.5070000000000008
0.07499999999999993
-0.4659999999999995
-1.8959999999999584
-0.31999999999999973
-0.25899999999999784
1.2669999999999848
-0.15599999999999992
0.8710000000000033
0.7090000000000003
0.19700000000000556
-0.33499999999999974
-0.18599999999999833
-0.18399999999999564
0.386
-0.07499999999999574
-1.5690000000000521
1.3239999999999739
0.405
0.4730000000000014
-1.447999999999991
0.02700000000000783
