3.64299999999971
-0.022000000000814736
-0.09000000000024695
-0.0640000000041168
0.26700000000820023
0.014000000000462228
0.05300000000175237
0.03999999999987488
0.2449999999977898
0.11099999999919967
-0.18200000000102562
0.019999999998901907
-0.27399999999931185
0.26200000000948526
-0.05300000000059164
0.061999999999477425
0.17400000001525934
-0.09499999999638734
-0.4620000000000002
0.11600000000118484
0.03300000000234504
0.34600000000000164
-0.19600000000032947
0.009999999997681742
0.017000000000928373
-0.07399999999633547
-0.13300000000466297
-0.029000000000243956
0.10700000000033047
-0.028000000000635458
-0.009999999999295999
0.06299999999894862
0.08700000000265533
-0.07299999999982633
0.3750000000000002
-0.279999999999053
0.032999999999640504
0.09100000000167612
-0.13199999998496287
0.14100000001027455
-0.28899999999934567
0.05100000000021257
-0.03900000000001377
