6.412000000000476
-0.20599999999171106
-0.14500000000291888
0.1489999999978767
-0.12199999999979735
0.06799999999843594
0.10699999998807444
0.04799999999958347
0.08599999999328396
-0.2010000000059965
-0.8150000000000001
0.0820000000001629
0.021999999998116304
0.09700000000035727
-0.2100000000072631
0.3480000000414128
0.02700000000050016
-0.40799999998870595
0.2139999999992246
0.06300000000136272
-0.12200000000143496
-0.024000000000144565
0.17299999999200066
-0.012000000000267217
-0.2669999999999436
-0.07699999999622392
