7.556000000000858
-0.16299999999987536
-0.008999999999912706
-0.10300000000014914
-0.01600000000018385
0.16699999999936127
0.10999999999975447
0.08800000000003819
0.040999999999911524
0.09099999999954234
-0.706
-0.020000000000021754
-0.1210000000007447
0.11799999999971679
-0.18600000000018993
0.27300000000452174
-0.0070000000000398355
-0.3849999999983825
0.20700000000026514
-0.14999999999978228
-0.12500000000046105
-0.11700000000038022
-0.04300000000001521
-0.01500000000006995
-0.061999999999958616
0.016000000000267096
