0.16900000000000012
0.3150000000000003
-0.3170000000000003
0.10399999999999918
0.48700000000000165
-0.3399999999999959
0.2550000000000028
0.31700000000000256
-0.2840000000000003
0.8130000000000012
0.5010000000000018
0.22600000000000206
-1.5180000000000322
-0.014999999999998227
0.18100000000000205
0.8800000000000004
-0.6230000000000001
0.21400000000000263
-1.0849999999999946
0.5640000000000008
-0.16899999999999954
1.030999999999998
0.17399999999999904
0.08100000000000004
-0.5529999999999976
-0.43599999999999955
0.10300000000000238
0.2690000000000007
-0.17100000000000098
0.5499999999999996
-0.10600000000000075
0.09700000000000314
0.07200000000000338
0.33600000000000263
0.5770000000000007
-1.3730000000000018
-1.6160000000000005
-0.0719999999999999
0.2770000000000025
0.4060000000000012
-1.523000000000017
0.7550000000000004
-0.48499999999999815
