4.0359999999996825
-0.02800000000036042
-0.06500000000134411
-0.057000000000542686
0.031000000000349446
-0.024999999999056645
0.13399999999524184
-0.05900000000146343
0.15300000000082276
-0.05100000000020628
-0.03599999999921243
-0.13299999999508025
-0.056000000000347924
0.11300000001333628
-0.02100000000126036
0.14200000000363605
0.05300000000041358
0.0980000000006401
-0.5470000000000002
0.14099999999851226
0.026000000000775247
0.12500000000499506
-0.3939999999999997
0.04399999999895339
-0.05900000000218256
-0.12300000000066842
-0.15100000000733732
0.07299999999919451
0.11999999999886753
0.055000000000854816
-0.019000000000548696
-0.06100000000013939
0.27000000000800006
-0.01800000000167566
0.3080000000001023
-0.28099999999973657
0.016999999999456426
0.09000000000112142
-0.2709999999984543
0.17800000001403474
-0.3509999999999964
0.02199999999994447
0.08500000000189464
