1.0629999999999937
-0.12799999999975337
-0.05700000000004246
-0.03100000000014203
0.11900000000065612
-0.03899999999990986
0.016000000000318343
-0.033000000000105084
0.03600000000004616
0.06099999999995842
-0.12799999999861644
-0.13099999999960335
-0.06600000000042217
0.26400000000061175
0.008000000000064936
0.037999999999964354
0.015999999999827912
-0.1359999999999977
-0.5140000000000001
0.32100000000001183
-0.15000000000003905
0.21000000000025112
-0.17299999999883794
0.18600000000057254
-0.06000000000015425
-0.15900000000001485
-0.07999999999992627
-0.035999999999957615
-0.02900000000022482
1.5776789596966267E-13
-0.13299999999982606
0.20600000000066615
0.20800000000066776
-0.04599999999994968
0.26500000000015284
-0.2250000000002205
-0.020000000000024113
0.02900000000007779
-0.09899999999966486
0.1840000000014228
-0.36099999999999954
0.08700000000014897
-0.06300000000003919
