-0.005
-0.22199999999999998
-0.05400000000000005
0.25600000000000006
-0.007999999999999948
-0.174
-0.0059999999999999325
0.10300000000000037
-0.04400000000000007
-0.2889999999999998
0.1840000000000001
0.02199999999999995
0.136
-0.043999999999999956
-0.2649999999999998
-0.5410000000000001
-0.057999999999999954
-0.051000000000000004
9.999999999999176E-4
0.2619999999999997
0.15700000000000025
0.06800000000000006
-0.07499999999999973
-0.05699999999999996
-0.027000000000000086
-0.33200000000000035
-0.08700000000000002
0.09699999999999984
0.5160000000000001
0.271
0.18300000000000027
0.026000000000000002
-0.024000000000000167
-0.038
-0.09200000000000008
0.2629999999999998
0.10900000000000006
0.07500000000000005
-0.269
-0.12000000000000002
-0.13799999999999973
-0.11299999999999998
-0.14499999999999993
