0.005
0.0019999999999999706
0.045
-0.13299999999999998
-0.029000000000000043
0.08
-0.019000000000000017
-0.04599999999999998
0.04899999999999996
0.001000000000000039
0.057999999999999996
0.023999999999999997
0.09199999999999992
0.015000000000000006
-0.015999999999999983
-0.03600000000000001
-0.016
0.10599999999999993
-0.12199999999999998
-0.21100000000000002
-0.252
0.055999999999999994
0.008000000000000009
-0.06800000000000005
0.11300000000000003
0.04600000000000001
0.07700000000000001
-0.018999999999999996
0.03899999999999994
0.14499999999999996
0.127
0.010999999999999984
0.01899999999999997
0.05599999999999998
-0.12400000000000004
0.05600000000000002
0.1490000000000001
-0.09900000000000002
-0.04099999999999999
-0.17299999999999996
-0.0030000000000000382
0.04299999999999998
-0.061999999999999895
-0.02800000000000001
0.028000000000000032
-0.027000000000000034
-0.06800000000000002
-0.14
-0.006000000000000002
0.059000000000000004
-0.14799999999999996
