-2.8569999999997964
-0.26799999999999585
-0.14900000000001737
-0.0699999999999629
0.3900000000000254
-0.014999999999929722
0.14000000000000046
-0.04200000000018439
0.22700000000015463
0.13100000000030246
-0.2599999999999746
-0.07000000000000695
-0.32099999999999296
0.45400000000000107
0.10899999999992206
-0.06299999999984354
0.47100000000000075
0.029999999999820164
-0.7460000000000002
0.34200000000000996
-0.1809999999993947
0.2810000000001556
-0.35499999999999926
0.36200000000000043
-0.19999999999951723
-6.691869280928131E-14
-0.163000000000424
-0.09500000000019203
0.06400000000003485
0.07100000000003891
0.16200000000005071
-0.04700000000003195
0.15100000000066913
-0.13199999999995754
0.4130000000000006
-0.3829999999999999
-0.026999999999996742
0.03700000000011866
-0.0040000000000292805
0.3140000000000086
-0.524
-0.028999999999984944
-0.043000000000014825
