2.8719999999997947
-0.46199999999999997
0.11700000000065972
0.1629999999972322
0.0369999999996448
-0.07699999999998326
0.6250000000001137
0.07400000000063521
0.2769999999988323
0.25499999999903855
-0.965999999990297
0.26799999999904534
-0.3209999999843881
0.5370000000000075
0.039999999998324334
0.25599999999807066
-0.024000000000681653
-0.18899999999964265
-0.00900000000034705
-0.06400000000151493
-0.3220000000010107
0.25499999999963513
0.17300000000006815
-0.18699999999859368
0.12799999999924053
-0.16200000000046677
