0.009000000000000001
-0.065
-0.045
-0.016000000000000028
-0.007000000000000034
0.10000000000000003
0.055000000000000035
0.22899999999999998
-0.020999999999999956
-0.08100000000000006
-0.32399999999999995
0.15200000000000002
0.20400000000000004
0.1620000000000001
0.008999999999999968
-0.22699999999999979
0.028999999999999963
0.14400000000000013
0.037999999999999895
-0.15699999999999992
0.030000000000000027
-0.2549999999999998
-0.12000000000000002
0.25799999999999995
-0.14899999999999997
0.015999999999999993
-0.0010000000000000703
0.05300000000000006
0.319
-0.0019999999999999515
-0.03299999999999999
-0.038999999999999944
0.022000000000000002
-0.1280000000000001
-0.19199999999999987
-0.139
