43.729999999988785
-1.3799999999935841
-0.41699999999850057
0.19799999999997792
-0.8380000000019672
1.223000000011145
0.7290000000008918
1.4210000000148573
1.5629999999892987
-0.43799999999641537
-2.0799999999860934
0.22600000000325612
0.06200000000060761
1.2489999999956012
-1.8980000000088064
1.6070000000133844
1.5999999999889434
-1.511999999992771
-0.188999999999784
-1.8740000000169306
-0.8310000000026088
-0.0979999999999419
-0.27899999999993363
-2.423000000032652
0.3580000000050202
0.500000000000002
