0.6520000000000005
0.4550000000000015
-0.258
0.5110000000000023
-0.009999999999999025
1.0780000000000984
0.7780000000000074
-0.1600000000000014
0.8010000000000008
-1.4220000000000002
0.13299999999999856
2.1349999999999456
-1.9690000000000336
-0.052999999999996446
-0.3710000000000029
1.8959999999999915
-0.1750000000000015
0.47100000000002085
-2.0700000000000447
-2.1809999999999405
2.540000000000035
-2.2450000000001387
1.1709999999999823
-0.5159999999999998
-1.5780000000001293
2.517000000000116
-1.8250000000001225
3.036999999999634
0.1290000000000005
-0.1629999999999945
-2.6500000000001376
