0.006
0.066
-0.08700000000000004
0.089
-0.13800000000000012
0.12899999999999995
-0.059000000000000004
-0.04900000000000002
-0.03000000000000005
0.07
-0.10999999999999996
0.10300000000000005
0.019000000000000003
0.10800000000000005
-0.14999999999999997
-0.010000000000000002
0.012999999999999994
0.01899999999999999
-0.104
0.037999999999999985
-0.293
0.08600000000000001
0.02000000000000004
-0.08200000000000005
0.19500000000000017
0.05399999999999998
0.059000000000000045
0.07899999999999995
0.07
0.065
0.08799999999999991
0.002999999999999993
-0.09700000000000002
-0.041000000000000016
0.04099999999999998
-0.06899999999999999
-0.10700000000000001
-0.14599999999999994
0.088
-0.04400000000000008
-0.178
0.10600000000000001
0.012000000000000035
0.03300000000000004
0.04899999999999996
-0.005000000000000008
0.05799999999999999
0.013000000000000018
-0.18100000000000002
-0.18400000000000005
0.0010000000000000035
