-0.008
-0.2680000000000001
-0.1310000000000004
-0.349
0.7550000000000002
0.050000000000000704
-0.5710000000000004
0.3139999999999997
0.06000000000000033
0.26100000000000056
-0.42800000000000005
0.35799999999999965
-0.3999999999999986
0.6510000000000001
0.024000000000000212
-0.5840000000000002
-0.08199999999999996
0.22000000000000014
0.6040000000000004
-0.5030000000000004
-0.536
0.11300000000000054
-0.31000000000000166
-0.26599999999999935
0.10700000000000023
0.8380000000000012
-0.021999999999999843
-0.35599999999999965
0.004000000000000406
