4.040999999999684
-0.10999999999789045
-0.10899999999877663
-0.05399999999980019
0.16100000001162662
-0.014999999999243965
0.0570000000012189
0.1260000000084063
0.04900000000019496
0.17700000000502467
-0.2059999999975392
-0.05500000000134714
-0.25599999999637635
0.16900000000879917
-0.0500000000035416
0.2300000000003081
0.058000000000075796
0.08899999999681299
-0.469
0.1419999999998421
-0.05399999999785771
0.18600000000499645
-0.16299999999681625
-0.012000000003986232
0.03500000000014947
-0.2310000000009143
-0.13800000000136553
0.02699999999964896
0.190000000001232
-0.10999999999788479
0.01800000000071359
0.15200000000833014
0.23200000001038806
0.07300000000132975
0.28300000000384223
-0.33599999999999486
-0.10000000000029935
0.06400000000006718
-0.17299999998883425
0.24000000000933402
-0.41899999999999993
0.18500000000005232
0.03800000000087249
