0.007
0.038
-0.002000000000000028
0.10300000000000001
-0.08399999999999998
0.08399999999999999
-0.07300000000000001
-2.0816681711721685E-17
-0.07600000000000001
0.105
-0.048000000000000015
0.023999999999999976
-0.027000000000000007
0.012999999999999994
0.18800000000000006
-0.03199999999999997
-0.22899999999999998
0.21099999999999994
0.10599999999999998
-0.13400000000000004
0.08700000000000001
-0.09100000000000005
-0.0069999999999999785
0.016000000000000007
0.07700000000000004
-0.052999999999999936
-0.02699999999999998
-0.062000000000000006
-0.013999999999999943
0.042
-0.008999999999999994
-0.006999999999999962
-0.0029999999999999645
0.038999999999999986
0.020000000000000014
-0.16599999999999993
-2.688821387764051E-17
-0.07599999999999998
0.05099999999999999
-0.15799999999999995
-0.022
