5.6680000000002275
-0.11999999999997157
-0.4489999999999994
0.49500000000000544
0.6990000000000006
-0.026999999999990476
-0.06399999999998729
0.47900000000000276
-0.2919999999998848
0.1880000000000916
-0.14699999999964553
-0.18399999999974515
-0.4519999999999954
-0.18699999999986833
-0.0689999999999984
0.768000000000001
-0.3989999999999926
0.5850000000000012
-1.2790000000016257
0.581000000000004
0.04200000000009996
-0.15600000000000658
-0.015000000000011345
0.7180000000000014
0.08800000000031226
0.43400000000000305
-0.6550000000000007
-0.44499999999999995
0.4290000000000024
-0.682999999999999
0.002000000000027355
-0.5489999999999992
0.028999999999933305
0.274000000000001
0.8569999999999383
-0.8810000000000008
0.3340000000000001
-0.11299999999993364
-0.27799999999995223
0.13400000000012655
-1.5599999999988177
-0.37799999999999123
0.35300000000000564
