3.630999999999711
0.0029999999988203976
-0.13799999999693574
0.2820000000203661
-0.28199999997689773
0.2580000000036572
-0.049000000001191965
0.09499999999364478
-0.0590000000011035
-0.06499999999970665
-0.5390000000033927
0.019000000001126262
0.09699999999659176
0.17200000000676713
-0.2080000000068623
0.43600000000878614
-0.012999999999512766
-0.25999999999896606
0.14399999999582108
-0.01100000000017683
-0.25300000000101386
-0.04300000000078942
0.017000000001542687
-0.03600000000349118
-0.20300000000142432
-0.2279999999894816
