3.050999999999775
-0.08299999999995092
-0.07099999999854822
-0.06400000000136594
0.14000000000445167
0.051000000000596964
-0.09999999999805104
0.1780000000096928
-0.05500000000072559
0.10399999999891228
-0.09299999999516717
-0.1629999999815201
-0.18499999998422714
0.0860000000003384
0.06999999999987983
0.1690000000032123
0.10599999999958008
-0.028000000001524562
-0.4029999999999998
0.2639999999992566
-0.004999999997370788
0.19700000000840295
-0.2479999999884024
0.0990000000089416
-0.03999999999911793
-0.10899999999886144
-0.1700000000051623
-0.06999999999976839
0.09900000000000553
-0.12699999999885625
-0.018999999999925982
-0.04900000000117923
0.0730000000018437
0.06799999999950315
0.1580000000147179
-0.35099999999999887
-0.03700000000044909
0.15299999999913053
-0.12999999998903364
0.2870000000015558
-0.533
0.07599999999918489
0.05600000000163714
