0.025000000000000015
-0.2639999999999998
0.1450000000000001
-0.34799999999999986
0.21800000000000047
0.22500000000000056
0.019000000000000017
-0.1419999999999998
0.08499999999999984
0.30599999999999994
0.0049999999999999906
0.2869999999999998
-0.3609999999999992
-0.14500000000000013
-0.018999999999999937
0.05499999999999997
0.155
-0.3429999999999995
-0.02999999999999997
0.27300000000000024
0.10700000000000016
0.277
-0.23300000000000015
-0.07299999999999984
-0.6750000000000004
-0.02100000000000004
0.4360000000000004
-0.21399999999999955
0.044999999999999964
