0.009000000000000001
-0.13599999999999998
-0.11999999999999998
-0.2330000000000001
0.15499999999999992
0.1660000000000001
0.096
0.226
0.2149999999999999
0.02800000000000003
0.187
-0.18199999999999977
-0.5630000000000001
0.1439999999999998
-0.18900000000000003
0.18200000000000002
-0.09099999999999997
0.17400000000000013
0.046000000000000006
-0.12500000000000003
-0.184
-0.13899999999999998
0.032000000000000084
0.005999999999999974
-0.018999999999999996
0.135
0.03699999999999998
0.019000000000000013
-0.18299999999999997
-0.12899999999999992
0.14700000000000016
