6.038000000000351
0.08199999999999043
-0.34599999999999376
0.13000000000071574
0.06399999999983066
0.26700000000097335
0.0019999999999845506
0.6700000000000005
0.14300000000014235
0.39900000000000646
-0.16099999999972636
-0.1349999999999055
-0.5919999999999993
0.3600000000000021
-0.019999999999952743
0.3340000000000178
-0.06800000000019614
-0.10599999999993023
-0.49299999999999977
0.057999999999931336
0.08300000000005563
0.12000000000006682
-0.4059999999999989
-0.0530000000002539
-0.14899999999942637
0.47500000000000153
-0.1139999999998155
-0.31599999999997624
0.4629999999999995
-0.3890000000000008
-0.09699999999978445
0.1730000000007091
-0.2989999999999937
-0.0020000000000899784
0.5070000000000006
-0.7060000000000006
-0.047000000000039316
0.266999999999973
0.21099999999998115
0.5000000000000027
-1.1360000000032946
0.11000000000016864
-0.0030000000000140374
