2.2929999999998585
-0.265999999999274
0.0010000000002705588
0.13499999999947937
-0.0100000000002008
0.08599999999982877
0.3300000000011594
0.1150000000001363
0.010999999999882408
-0.019000000000260024
-0.7140000000000002
-0.03999999999998325
0.036999999999687304
0.13700000000023016
-0.023000000000244113
0.33100000000344976
0.06199999999999817
-0.17599999999951496
0.1419999999996247
-0.09799999999983036
-0.14800000000032962
-0.025000000000119628
0.17399999999901378
-0.02100000000004213
-0.06200000000022209
-0.12499999999969379
