6.09500000000037
-0.2379999999975887
0.035000000002089256
0.06499999999727901
-0.0020000000008593317
-0.051999999999324885
0.22999999999347714
0.11399999999432942
0.006999999997056465
-0.03199999999996514
-0.796
-0.06399999999942092
-0.04600000000238803
0.11799999999787787
-0.0650000000011663
0.2100000000312671
0.05000000000162572
-0.20799999999995397
-0.011999999999542495
-0.06699999999906243
-0.19400000000376336
0.09499999999927465
0.20799999999377544
-0.02200000000113628
-0.05000000000028916
0.03399999999887343
