0.003
-0.03400000000000001
-0.055
0.007000000000000004
0.13399999999999998
-0.017
0.105
-0.034999999999999976
0.023999999999999994
-0.043999999999999956
-0.032999999999999995
-0.08999999999999998
-0.08999999999999998
0.013999999999999985
0.08
0.038000000000000006
0.09499999999999997
-0.17199999999999996
-0.2869999999999999
0.19700000000000006
-0.178
0.17599999999999993
-0.02000000000000001
0.03899999999999998
0.18100000000000002
0.07000000000000006
-0.069
2.2551405187698492E-17
0.09900000000000002
0.033000000000000036
0.010000000000000016
0.03799999999999998
0.05399999999999999
-0.05500000000000001
0.09100000000000003
-0.11800000000000002
-0.041999999999999996
0.032
-0.04899999999999996
-0.07200000000000001
-0.15299999999999997
-0.06800000000000006
-0.0050000000000000044
