-2.669999999999817
-0.5260000000000018
1.2249999999999133
-2.0350000000000583
-1.7880000000004062
-0.7140000000000158
5.644000000000373
1.7349999999997205
-1.4580000000002034
-4.642000000000203
1.2320000000005062
-1.7979999999987355
1.3210000000001225
3.660000000000774
-2.3159999999999967
-0.19999999999999993
-6.46700000000075
4.006999999998884
2.2820000000001173
-2.4239999999997646
2.5750000000000424
-1.1750000000003977
-1.4190000000000527
1.1649999999999825
1.0150000000001989
-1.6289999999997273
-1.9890000000018564
0.9240000000000006
0.38499999999995527
-0.3270000000000206
3.4180000000000823
